#Digilent WaveForms Oscilloscope Acquisition
#Device Name: Discovery2
#Serial Number: SN:210321AD93BC
#Date Time: 2025-12-01 11:41:57.783
#Sample rate: 20000Hz
#Samples: 48557
#Trigger: Source: Channel 1 Type: Edge Condition: Rising Level: 2 V Hyst.: Auto HoldOff: 0 s
#Channel 1: Range: 500 mV/div Offset: 0 V Sample Mode: Average
#Power Supplies: ON
#Positive Supply: ON
#Voltage: 5 V
#Negative Supply: ON
#Voltage: -1 V

Time (s),Channel 1 (V)
-0.5,0.5762607014027383
-0.4999500000000001,0.8328262076058512
-0.4998999999999998,0.8328262076058512
-0.4998499999999999,0.8328262076058512
-0.4998,0.833162026331248
-0.4997500000000001,0.8328262076058512
-0.4996999999999998,0.833162026331248
-0.4996499999999999,0.833162026331248
-0.4996,0.833162026331248
-0.4995500000000002,0.8328262076058512
-0.4994999999999998,0.8328262076058512
-0.4994499999999999,0.833162026331248
-0.4994000000000001,0.8328262076058512
-0.4993500000000002,0.8328262076058512
-0.4992999999999999,0.833162026331248
-0.49925,0.833162026331248
-0.4992000000000001,0.833162026331248
-0.4991500000000002,0.833162026331248
-0.4990999999999999,0.833162026331248
-0.49905,0.833162026331248
-0.4990000000000001,0.833162026331248
-0.4989499999999998,0.833162026331248
-0.4988999999999999,0.833162026331248
-0.49885,0.8328262076058512
-0.4988000000000001,0.833162026331248
-0.4987499999999998,0.833162026331248
-0.4986999999999999,0.833162026331248
-0.49865,0.833162026331248
-0.4986000000000002,0.833162026331248
-0.4985499999999998,0.833162026331248
-0.4984999999999999,0.833162026331248
-0.4984500000000001,0.8328262076058512
-0.4984000000000002,0.8328262076058512
-0.4983499999999998,0.8328262076058512
-0.4983,0.8328262076058512
-0.4982500000000001,0.8328262076058512
-0.4982000000000002,0.8328262076058512
-0.4981499999999999,0.8328262076058512
-0.4981,0.8328262076058512
-0.4980500000000001,0.833162026331248
-0.4980000000000002,0.833162026331248
-0.4979499999999999,0.833162026331248
-0.4979,0.833162026331248
-0.4978500000000001,0.8328262076058512
-0.4977999999999998,0.8331620263312456
-0.4977499999999999,0.8328262076058512
-0.4977,0.8328262076058512
-0.4976500000000001,0.8328262076058512
-0.4975999999999998,0.8328262076058512
-0.4975499999999999,0.8328262076058512
-0.4975000000000001,0.8328262076058512
-0.4974500000000002,0.8328262076058512
-0.4973999999999998,0.8328262076058512
-0.49735,0.8328262076058512
-0.4973000000000001,0.8328262076058512
-0.4972500000000002,0.8328262076058512
-0.4971999999999999,0.8328262076058512
-0.49715,0.8328262076058512
-0.4971000000000001,0.8324903888804545
-0.4970500000000002,0.8324903888804545
-0.4969999999999999,0.8324903888804545
-0.49695,0.8324903888804545
-0.4969000000000001,0.8324903888804545
-0.4968499999999998,0.8324903888804545
-0.4967999999999999,0.8324903888804545
-0.49675,0.8324903888804545
-0.4967000000000001,0.8324903888804545
-0.4966499999999998,0.8324903888804545
-0.4965999999999999,0.8324903888804545
-0.49655,0.8328262076058512
-0.4965000000000002,0.8324903888804545
-0.4964499999999998,0.8324903888804545
-0.4964,0.8324903888804545
-0.4963500000000001,0.8324903888804545
-0.4963000000000002,0.8324903888804545
-0.4962499999999999,0.8324903888804545
-0.4962,0.8324903888804545
-0.4961500000000001,0.8328262076058512
-0.4961000000000002,0.8324903888804569
-0.4960499999999999,0.8324903888804545
-0.496,0.8324903888804545
-0.4959500000000001,0.8324903888804545
-0.4958999999999998,0.8324903888804545
-0.4958499999999999,0.8324903888804545
-0.4958,0.8324903888804545
-0.4957500000000001,0.8328262076058512
-0.4956999999999998,0.8328262076058512
-0.4956499999999999,0.8328262076058512
-0.4956,0.8328262076058512
-0.4955500000000002,0.8328262076058512
-0.4954999999999998,0.8328262076058512
-0.4954499999999999,0.8324903888804545
-0.4954000000000001,0.8328262076058512
-0.4953500000000002,0.8324903888804545
-0.4952999999999999,0.8324903888804545
-0.49525,0.8328262076058512
-0.4952000000000001,0.8324903888804545
-0.4951500000000002,0.8324903888804545
-0.4950999999999999,0.8324903888804545
-0.49505,0.8324903888804545
-0.4950000000000001,0.8328262076058512
-0.4949499999999998,0.8328262076058512
-0.4948999999999999,0.8328262076058512
-0.49485,0.8328262076058512
-0.4948000000000001,0.8324903888804545
-0.4947499999999998,0.8324903888804545
-0.4946999999999999,0.8324903888804545
-0.49465,0.8328262076058512
-0.4946000000000002,0.8328262076058512
-0.4945499999999998,0.8324903888804545
-0.4944999999999999,0.8324903888804545
-0.4944500000000001,0.8324903888804545
-0.4944000000000002,0.8324903888804545
-0.4943499999999998,0.8324903888804545
-0.4943,0.8324903888804545
-0.4942500000000001,0.8324903888804545
-0.4942000000000002,0.8328262076058488
-0.4941499999999999,0.8324903888804545
-0.4941,0.8328262076058512
-0.4940500000000001,0.8328262076058512
-0.4940000000000002,0.8328262076058512
-0.4939499999999999,0.8324903888804545
-0.4939,0.8328262076058512
-0.4938500000000001,0.8328262076058512
-0.4937999999999998,0.8324903888804545
-0.4937499999999999,0.8324903888804545
-0.4937,0.8328262076058512
-0.4936500000000001,0.8328262076058512
-0.4935999999999998,0.8328262076058512
-0.4935499999999999,0.8328262076058512
-0.4935,0.8328262076058512
-0.4934500000000002,0.8328262076058512
-0.4933999999999998,0.8328262076058512
-0.49335,0.8328262076058512
-0.4933000000000001,0.8328262076058512
-0.4932500000000002,0.8328262076058512
-0.4931999999999999,0.8328262076058512
-0.49315,0.8328262076058512
-0.4931000000000001,0.8328262076058512
-0.4930500000000002,0.8328262076058512
-0.4929999999999999,0.8328262076058512
-0.49295,0.8328262076058512
-0.4929000000000001,0.8328262076058512
-0.4928499999999998,0.8328262076058512
-0.4927999999999999,0.8328262076058512
-0.49275,0.8328262076058512
-0.4927000000000001,0.8328262076058512
-0.4926499999999998,0.8328262076058512
-0.4925999999999999,0.8328262076058512
-0.49255,0.8328262076058512
-0.4925000000000002,0.8328262076058512
-0.4924499999999998,0.8328262076058512
-0.4923999999999999,0.8328262076058512
-0.4923500000000001,0.8328262076058512
-0.4923000000000002,0.8328262076058512
-0.4922499999999999,0.8328262076058512
-0.4922,0.8328262076058512
-0.4921500000000001,0.8328262076058512
-0.4921000000000002,0.8328262076058512
-0.4920499999999999,0.8328262076058512
-0.492,0.8328262076058512
-0.4919500000000001,0.8328262076058512
-0.4918999999999998,0.8328262076058512
-0.4918499999999999,0.8328262076058512
-0.4918,0.8328262076058512
-0.4917500000000001,0.8328262076058512
-0.4916999999999998,0.8328262076058512
-0.4916499999999999,0.8328262076058512
-0.4916,0.8328262076058512
-0.4915500000000002,0.8328262076058512
-0.4914999999999998,0.8328262076058512
-0.4914499999999999,0.8328262076058512
-0.4914000000000001,0.8328262076058512
-0.4913500000000002,0.8328262076058512
-0.4912999999999998,0.8328262076058512
-0.49125,0.8328262076058512
-0.4912000000000001,0.8328262076058512
-0.4911500000000002,0.8331620263312456
-0.4910999999999999,0.8328262076058512
-0.49105,0.833162026331248
-0.4910000000000001,0.833162026331248
-0.4909500000000002,0.8328262076058537
-0.4908999999999999,0.833162026331248
-0.49085,0.833162026331248
-0.4908000000000001,0.833162026331248
-0.4907499999999998,0.8328262076058537
-0.4906999999999999,0.833162026331248
-0.49065,0.833162026331248
-0.4906000000000001,0.833162026331248
-0.4905499999999998,0.833162026331248
-0.4904999999999999,0.833162026331248
-0.4904500000000001,0.833162026331248
-0.4904000000000002,0.833162026331248
-0.4903499999999998,0.833162026331248
-0.4903,0.833162026331248
-0.4902500000000001,0.833162026331248
-0.4902000000000002,0.8328262076058537
-0.4901499999999999,0.833162026331248
-0.4901,0.833162026331248
-0.4900500000000001,0.833162026331248
-0.4900000000000002,0.833162026331248
-0.4899499999999999,0.833162026331248
-0.4899,0.833162026331248
-0.4898500000000001,0.833162026331248
-0.4897999999999998,0.833162026331248
-0.4897499999999999,0.833162026331248
-0.4897,0.833162026331248
-0.4896500000000001,0.833162026331248
-0.4895999999999998,0.833162026331248
-0.4895499999999999,0.833162026331248
-0.4895,0.833162026331248
-0.4894500000000002,0.833162026331248
-0.4893999999999998,0.833162026331248
-0.48935,0.833162026331248
-0.4893000000000001,0.833162026331248
-0.4892500000000002,0.833162026331248
-0.4891999999999999,0.833162026331248
-0.48915,0.833162026331248
-0.4891000000000001,0.833162026331248
-0.4890500000000002,0.833162026331248
-0.4889999999999999,0.833162026331248
-0.48895,0.8334978450566448
-0.4889000000000001,0.833162026331248
-0.4888499999999998,0.833162026331248
-0.4887999999999999,0.833162026331248
-0.48875,0.8334978450566448
-0.4887000000000001,0.833162026331248
-0.4886499999999998,0.833162026331248
-0.4885999999999999,0.833162026331248
-0.48855,0.833162026331248
-0.4885000000000002,0.833162026331248
-0.4884499999999998,0.833162026331248
-0.4883999999999999,0.833162026331248
-0.4883500000000001,0.833162026331248
-0.4883000000000002,0.8328262076058512
-0.4882499999999999,0.8328262076058512
-0.4882,0.833162026331248
-0.4881500000000001,0.833162026331248
-0.4881000000000002,0.833162026331248
-0.4880499999999999,0.833162026331248
-0.488,0.833162026331248
-0.4879500000000001,0.8334978450566448
-0.4878999999999998,0.8334978450566448
-0.4878499999999999,0.8334978450566448
-0.4878,0.8334978450566448
-0.4877500000000001,0.833162026331248
-0.4876999999999998,0.8334978450566448
-0.4876499999999999,0.8334978450566448
-0.4876,0.833162026331248
-0.4875500000000001,0.833162026331248
-0.4874999999999998,0.833162026331248
-0.4874499999999999,0.833162026331248
-0.4874000000000001,0.8334978450566448
-0.4873500000000002,0.8334978450566448
-0.4872999999999998,0.8334978450566448
-0.48725,0.8334978450566448
-0.4872000000000001,0.833162026331248
-0.4871500000000002,0.8334978450566424
-0.4870999999999999,0.8334978450566448
-0.48705,0.8334978450566448
-0.4870000000000001,0.8334978450566448
-0.4869500000000002,0.8334978450566448
-0.4868999999999999,0.8334978450566448
-0.48685,0.8334978450566448
-0.4868000000000001,0.833162026331248
-0.4867499999999998,0.8334978450566424
-0.4866999999999999,0.833162026331248
-0.48665,0.833162026331248
-0.4866000000000001,0.833162026331248
-0.4865499999999998,0.833162026331248
-0.4864999999999999,0.833162026331248
-0.48645,0.833162026331248
-0.4864000000000002,0.833162026331248
-0.4863499999999998,0.8328262076058512
-0.4863,0.833162026331248
-0.4862500000000001,0.833162026331248
-0.4862000000000002,0.833162026331248
-0.4861499999999999,0.8328262076058512
-0.4861,0.8328262076058512
-0.4860500000000001,0.833162026331248
-0.4860000000000002,0.833162026331248
-0.4859499999999999,0.833162026331248
-0.4859,0.833162026331248
-0.4858500000000001,0.8328262076058512
-0.4857999999999998,0.8328262076058512
-0.4857499999999999,0.8328262076058512
-0.4857,0.833162026331248
-0.4856500000000001,0.833162026331248
-0.4855999999999998,0.8331620263312456
-0.4855499999999999,0.8328262076058512
-0.4855,0.833162026331248
-0.4854500000000002,0.833162026331248
-0.4853999999999998,0.833162026331248
-0.4853499999999999,0.8328262076058512
-0.4853000000000001,0.833162026331248
-0.4852500000000002,0.8328262076058512
-0.4851999999999999,0.833162026331248
-0.48515,0.833162026331248
-0.4851000000000001,0.8328262076058512
-0.4850500000000002,0.8328262076058512
-0.4849999999999999,0.833162026331248
-0.48495,0.833162026331248
-0.4849000000000001,0.833162026331248
-0.4848499999999998,0.833162026331248
-0.4847999999999999,0.833162026331248
-0.48475,0.833162026331248
-0.4847000000000001,0.833162026331248
-0.4846499999999998,0.833162026331248
-0.4845999999999999,0.833162026331248
-0.48455,0.833162026331248
-0.4845000000000002,0.833162026331248
-0.4844499999999998,0.833162026331248
-0.4843999999999999,0.833162026331248
-0.4843500000000001,0.8328262076058512
-0.4843000000000002,0.833162026331248
-0.4842499999999998,0.8328262076058512
-0.4842,0.833162026331248
-0.4841500000000001,0.833162026331248
-0.4841000000000002,0.833162026331248
-0.4840499999999999,0.833162026331248
-0.484,0.833162026331248
-0.4839500000000001,0.8328262076058512
-0.4839000000000002,0.8328262076058512
-0.4838499999999999,0.833162026331248
-0.4838,0.833162026331248
-0.4837500000000001,0.8328262076058512
-0.4836999999999998,0.833162026331248
-0.4836499999999999,0.833162026331248
-0.4836,0.833162026331248
-0.4835500000000001,0.833162026331248
-0.4834999999999998,0.833162026331248
-0.4834499999999999,0.833162026331248
-0.4834000000000001,0.833162026331248
-0.4833500000000002,0.8328262076058512
-0.4832999999999998,0.833162026331248
-0.48325,0.8328262076058512
-0.4832000000000001,0.8328262076058512
-0.4831500000000002,0.8328262076058512
-0.4830999999999999,0.8328262076058512
-0.48305,0.8328262076058512
-0.4830000000000001,0.8328262076058512
-0.4829500000000002,0.8328262076058512
-0.4828999999999999,0.8328262076058512
-0.48285,0.8328262076058512
-0.4828000000000001,0.8328262076058512
-0.4827499999999998,0.8328262076058537
-0.4826999999999999,0.833162026331248
-0.48265,0.833162026331248
-0.4826000000000001,0.833162026331248
-0.4825499999999998,0.8328262076058537
-0.4824999999999999,0.833162026331248
-0.48245,0.833162026331248
-0.4824000000000002,0.833162026331248
-0.4823499999999998,0.833162026331248
-0.4823,0.833162026331248
-0.4822500000000001,0.833162026331248
-0.4822000000000002,0.833162026331248
-0.4821499999999999,0.833162026331248
-0.4821,0.8328262076058512
-0.4820500000000001,0.8328262076058512
-0.4820000000000002,0.8331620263312456
-0.4819499999999999,0.8328262076058512
-0.4819,0.8328262076058512
-0.4818500000000001,0.833162026331248
-0.4817999999999998,0.8328262076058512
-0.4817499999999999,0.8328262076058512
-0.4817,0.8328262076058512
-0.4816500000000001,0.8328262076058512
-0.4815999999999998,0.8328262076058512
-0.4815499999999999,0.8328262076058512
-0.4815,0.8328262076058512
-0.4814500000000002,0.8328262076058512
-0.4813999999999998,0.833162026331248
-0.4813499999999999,0.833162026331248
-0.4813000000000001,0.833162026331248
-0.4812500000000002,0.833162026331248
-0.4811999999999999,0.833162026331248
-0.48115,0.8328262076058512
-0.4811000000000001,0.8328262076058512
-0.4810500000000002,0.8328262076058512
-0.4809999999999999,0.8328262076058512
-0.48095,0.8328262076058512
-0.4809000000000001,0.8328262076058512
-0.4808500000000002,0.8328262076058512
-0.4807999999999999,0.833162026331248
-0.48075,0.833162026331248
-0.4807000000000001,0.8328262076058512
-0.4806499999999998,0.8328262076058512
-0.4805999999999999,0.8328262076058512
-0.48055,0.8328262076058512
-0.4805000000000001,0.8328262076058512
-0.4804499999999998,0.833162026331248
-0.4803999999999999,0.8328262076058512
-0.4803500000000001,0.833162026331248
-0.4803000000000002,0.8328262076058512
-0.4802499999999998,0.8328262076058512
-0.4802,0.8328262076058512
-0.4801500000000001,0.8328262076058512
-0.4801000000000002,0.8328262076058512
-0.4800499999999999,0.8328262076058512
-0.48,0.8328262076058512
-0.4799500000000001,0.8328262076058512
-0.4799000000000002,0.8328262076058512
-0.4798499999999999,0.8328262076058512
-0.4798,0.8328262076058512
-0.4797500000000001,0.833162026331248
-0.4796999999999998,0.8331620263312456
-0.4796499999999999,0.8328262076058512
-0.4796,0.8328262076058512
-0.4795500000000001,0.833162026331248
-0.4794999999999998,0.8328262076058512
-0.4794499999999999,0.8328262076058512
-0.4794,0.8328262076058512
-0.4793500000000002,0.8328262076058512
-0.4792999999999998,0.8328262076058512
-0.47925,0.8328262076058512
-0.4792000000000001,0.8328262076058512
-0.4791500000000002,0.8328262076058512
-0.4790999999999999,0.8328262076058512
-0.47905,0.8328262076058512
-0.4790000000000001,0.8328262076058512
-0.4789500000000002,0.8331620263312456
-0.4788999999999999,0.833162026331248
-0.47885,0.8328262076058512
-0.4788000000000001,0.8328262076058512
-0.4787499999999998,0.8331620263312456
-0.4786999999999999,0.8328262076058512
-0.47865,0.8328262076058512
-0.4786000000000001,0.833162026331248
-0.4785499999999998,0.8331620263312456
-0.4784999999999999,0.8328262076058512
-0.47845,0.8328262076058512
-0.4784000000000002,0.833162026331248
-0.4783499999999998,0.833162026331248
-0.4782999999999999,0.833162026331248
-0.4782500000000001,0.833162026331248
-0.4782000000000002,0.8328262076058512
-0.4781499999999999,0.8328262076058512
-0.4781,0.8328262076058512
-0.4780500000000001,0.8328262076058512
-0.4780000000000002,0.8328262076058512
-0.4779499999999999,0.8328262076058512
-0.4779,0.8328262076058512
-0.4778500000000001,0.8328262076058512
-0.4777999999999998,0.8328262076058512
-0.4777499999999999,0.8328262076058512
-0.4777,0.8328262076058512
-0.4776500000000001,0.8328262076058512
-0.4775999999999998,0.8328262076058512
-0.4775499999999999,0.8328262076058512
-0.4775,0.8328262076058512
-0.4774500000000002,0.8324903888804545
-0.4773999999999998,0.8324903888804545
-0.4773499999999999,0.8324903888804545
-0.4773000000000001,0.8324903888804545
-0.4772500000000002,0.8324903888804545
-0.4771999999999998,0.8324903888804545
-0.47715,0.8328262076058512
-0.4771000000000001,0.8324903888804545
-0.4770500000000002,0.8324903888804545
-0.4769999999999999,0.8324903888804545
-0.47695,0.8324903888804545
-0.4769000000000001,0.8324903888804545
-0.4768500000000002,0.8324903888804545
-0.4767999999999999,0.8324903888804545
-0.47675,0.8324903888804545
-0.4767000000000001,0.8324903888804545
-0.4766499999999998,0.8324903888804545
-0.4765999999999999,0.8324903888804545
-0.47655,0.8324903888804545
-0.4765000000000001,0.8328262076058512
-0.4764499999999998,0.8324903888804545
-0.4763999999999999,0.8324903888804545
-0.4763500000000001,0.8328262076058512
-0.4763000000000002,0.8324903888804545
-0.4762499999999998,0.8324903888804545
-0.4762,0.8324903888804545
-0.4761500000000001,0.8328262076058512
-0.4761000000000002,0.8328262076058512
-0.4760499999999999,0.8328262076058512
-0.476,0.8324903888804545
-0.4759500000000001,0.8324903888804545
-0.4759000000000002,0.8324903888804545
-0.4758499999999999,0.8324903888804545
-0.4758,0.8324903888804545
-0.4757500000000001,0.8324903888804545
-0.4756999999999998,0.8324903888804545
-0.4756499999999999,0.8324903888804545
-0.4756,0.8324903888804545
-0.4755500000000001,0.8324903888804545
-0.4754999999999998,0.8324903888804545
-0.4754499999999999,0.8324903888804545
-0.4754,0.8328262076058512
-0.4753500000000002,0.8324903888804545
-0.4752999999999998,0.8324903888804545
-0.47525,0.8324903888804545
-0.4752000000000001,0.8328262076058512
-0.4751500000000002,0.8328262076058512
-0.4750999999999999,0.8328262076058512
-0.47505,0.8324903888804545
-0.4750000000000001,0.8324903888804545
-0.4749500000000002,0.8328262076058488
-0.4748999999999999,0.8324903888804545
-0.47485,0.8324903888804545
-0.4748000000000001,0.8328262076058512
-0.4747499999999998,0.8328262076058488
-0.4746999999999999,0.8324903888804545
-0.47465,0.8328262076058512
-0.4746000000000001,0.8328262076058512
-0.4745499999999998,0.8324903888804545
-0.4744999999999999,0.8324903888804545
-0.47445,0.8324903888804545
-0.4744000000000002,0.8324903888804545
-0.4743499999999998,0.8324903888804545
-0.4742999999999999,0.8324903888804545
-0.4742500000000001,0.8324903888804545
-0.4742000000000002,0.8324903888804545
-0.4741499999999998,0.8324903888804545
-0.4741,0.8324903888804545
-0.4740500000000001,0.8324903888804545
-0.4740000000000002,0.8324903888804545
-0.4739499999999999,0.8324903888804545
-0.4739,0.8324903888804545
-0.4738500000000001,0.8328262076058512
-0.4738000000000002,0.8324903888804569
-0.4737499999999999,0.8328262076058512
-0.4737,0.8328262076058512
-0.4736500000000001,0.8328262076058512
-0.4735999999999998,0.8328262076058488
-0.4735499999999999,0.8324903888804545
-0.4735,0.8324903888804545
-0.4734500000000001,0.8328262076058512
-0.4733999999999998,0.8328262076058512
-0.4733499999999999,0.8328262076058512
-0.4733000000000001,0.8328262076058512
-0.4732500000000002,0.8328262076058512
-0.4731999999999998,0.8328262076058512
-0.47315,0.8328262076058512
-0.4731000000000001,0.8328262076058512
-0.4730500000000002,0.8328262076058512
-0.4729999999999999,0.8328262076058512
-0.47295,0.8328262076058512
-0.4729000000000001,0.8328262076058512
-0.4728500000000002,0.8328262076058512
-0.4727999999999999,0.8328262076058512
-0.47275,0.8328262076058512
-0.4727000000000001,0.8328262076058512
-0.4726499999999998,0.8328262076058512
-0.4725999999999999,0.8328262076058512
-0.47255,0.8328262076058512
-0.4725000000000001,0.8328262076058512
-0.4724499999999998,0.8328262076058512
-0.4723999999999999,0.8328262076058512
-0.47235,0.8328262076058512
-0.4723000000000002,0.8328262076058512
-0.4722499999999998,0.8328262076058512
-0.4722,0.8328262076058512
-0.4721500000000001,0.8328262076058512
-0.4721000000000002,0.8328262076058512
-0.4720499999999999,0.8328262076058512
-0.472,0.8328262076058512
-0.4719500000000001,0.8328262076058512
-0.4719000000000002,0.8328262076058512
-0.4718499999999999,0.8328262076058512
-0.4718,0.8328262076058512
-0.4717500000000001,0.8328262076058512
-0.4716999999999998,0.8328262076058512
-0.4716499999999999,0.8328262076058512
-0.4716,0.8328262076058512
-0.4715500000000001,0.8328262076058512
-0.4714999999999998,0.8331620263312456
-0.4714499999999999,0.8328262076058512
-0.4714,0.8328262076058512
-0.4713500000000002,0.8328262076058512
-0.4712999999999998,0.8328262076058512
-0.4712499999999999,0.8328262076058512
-0.4712000000000001,0.8328262076058512
-0.4711500000000002,0.8328262076058512
-0.4710999999999999,0.8328262076058512
-0.47105,0.8328262076058512
-0.4710000000000001,0.833162026331248
-0.4709500000000002,0.8328262076058537
-0.4708999999999999,0.8328262076058512
-0.47085,0.833162026331248
-0.4708000000000001,0.833162026331248
-0.4707499999999998,0.833162026331248
-0.4706999999999999,0.833162026331248
-0.47065,0.8334978450566448
-0.4706000000000001,0.833162026331248
-0.4705499999999998,0.833162026331248
-0.4704999999999999,0.833162026331248
-0.47045,0.833162026331248
-0.4704000000000002,0.833162026331248
-0.4703499999999998,0.833162026331248
-0.4702999999999999,0.833162026331248
-0.4702500000000001,0.8328262076058512
-0.4702000000000002,0.833162026331248
-0.4701499999999998,0.833162026331248
-0.4701,0.833162026331248
-0.4700500000000001,0.833162026331248
-0.4700000000000002,0.833162026331248
-0.4699499999999999,0.833162026331248
-0.4699,0.8334978450566448
-0.4698500000000001,0.8334978450566448
-0.4698000000000002,0.8331620263312505
-0.4697499999999999,0.8334978450566448
-0.4697,0.833162026331248
-0.4696500000000001,0.833162026331248
-0.4695999999999998,0.833162026331248
-0.4695499999999999,0.833162026331248
-0.4695,0.833162026331248
-0.4694500000000001,0.833162026331248
-0.4693999999999998,0.833162026331248
-0.4693499999999999,0.833162026331248
-0.4693000000000001,0.833162026331248
-0.4692500000000002,0.833162026331248
-0.4691999999999998,0.8334978450566448
-0.46915,0.833162026331248
-0.4691000000000001,0.833162026331248
-0.4690500000000002,0.833162026331248
-0.4689999999999999,0.833162026331248
-0.46895,0.833162026331248
-0.4689000000000001,0.833162026331248
-0.4688500000000002,0.833162026331248
-0.4687999999999999,0.833162026331248
-0.46875,0.833162026331248
-0.4687000000000001,0.833162026331248
-0.4686499999999998,0.833162026331248
-0.4685999999999999,0.833162026331248
-0.46855,0.833162026331248
-0.4685000000000001,0.833162026331248
-0.4684499999999998,0.8328262076058537
-0.4683999999999999,0.833162026331248
-0.46835,0.833162026331248
-0.4683000000000002,0.833162026331248
-0.4682499999999998,0.833162026331248
-0.4681999999999999,0.833162026331248
-0.4681500000000001,0.833162026331248
-0.4681000000000002,0.833162026331248
-0.4680499999999999,0.833162026331248
-0.468,0.833162026331248
-0.4679500000000001,0.833162026331248
-0.4679000000000002,0.833162026331248
-0.4678499999999999,0.833162026331248
-0.4678,0.833162026331248
-0.4677500000000001,0.833162026331248
-0.4676999999999998,0.833162026331248
-0.4676499999999999,0.833162026331248
-0.4676,0.833162026331248
-0.4675500000000001,0.833162026331248
-0.4674999999999998,0.8334978450566424
-0.4674499999999999,0.833162026331248
-0.4674,0.833162026331248
-0.4673500000000002,0.833162026331248
-0.4672999999999998,0.833162026331248
-0.4672499999999999,0.833162026331248
-0.4672000000000001,0.833162026331248
-0.4671500000000002,0.8334978450566448
-0.4670999999999998,0.833162026331248
-0.46705,0.833162026331248
-0.4670000000000001,0.833162026331248
-0.4669500000000002,0.8334978450566424
-0.4668999999999999,0.8334978450566448
-0.46685,0.8334978450566448
-0.4668000000000001,0.833162026331248
-0.4667500000000002,0.833162026331248
-0.4666999999999999,0.833162026331248
-0.46665,0.833162026331248
-0.4666000000000001,0.833162026331248
-0.4665499999999998,0.8331620263312505
-0.4664999999999999,0.8334978450566448
-0.46645,0.833162026331248
-0.4664000000000001,0.833162026331248
-0.4663499999999998,0.8328262076058512
-0.4662999999999999,0.8328262076058512
-0.4662500000000001,0.833162026331248
-0.4662000000000002,0.833162026331248
-0.4661499999999998,0.833162026331248
-0.4661,0.833162026331248
-0.4660500000000001,0.8328262076058512
-0.4660000000000002,0.8331620263312456
-0.4659499999999999,0.8328262076058512
-0.4659,0.833162026331248
-0.4658500000000001,0.833162026331248
-0.4658000000000002,0.833162026331248
-0.4657499999999999,0.8328262076058512
-0.4657,0.8328262076058512
-0.4656500000000001,0.833162026331248
-0.4655999999999998,0.8328262076058512
-0.4655499999999999,0.8328262076058512
-0.4655,0.8328262076058512
-0.4654500000000001,0.8328262076058512
-0.4653999999999998,0.833162026331248
-0.4653499999999999,0.833162026331248
-0.4653,0.8328262076058512
-0.4652500000000002,0.833162026331248
-0.4651999999999998,0.833162026331248
-0.46515,0.833162026331248
-0.4651000000000001,0.833162026331248
-0.4650500000000002,0.833162026331248
-0.4649999999999999,0.833162026331248
-0.46495,0.833162026331248
-0.4649000000000001,0.833162026331248
-0.4648500000000002,0.833162026331248
-0.4647999999999999,0.833162026331248
-0.46475,0.8328262076058512
-0.4647000000000001,0.8328262076058512
-0.4646499999999998,0.8328262076058537
-0.4645999999999999,0.833162026331248
-0.46455,0.833162026331248
-0.4645000000000001,0.833162026331248
-0.4644499999999998,0.8328262076058537
-0.4643999999999999,0.833162026331248
-0.46435,0.833162026331248
-0.4643000000000002,0.8328262076058512
-0.4642499999999998,0.8328262076058512
-0.4641999999999999,0.8328262076058512
-0.4641500000000001,0.833162026331248
-0.4641000000000002,0.833162026331248
-0.4640499999999999,0.833162026331248
-0.464,0.833162026331248
-0.4639500000000001,0.833162026331248
-0.4639000000000002,0.833162026331248
-0.4638499999999999,0.833162026331248
-0.4638,0.8328262076058512
-0.4637500000000001,0.833162026331248
-0.4636999999999998,0.833162026331248
-0.4636499999999999,0.833162026331248
-0.4636,0.833162026331248
-0.4635500000000001,0.833162026331248
-0.4634999999999998,0.8331620263312456
-0.4634499999999999,0.8328262076058512
-0.4634,0.8328262076058512
-0.4633500000000002,0.833162026331248
-0.4632999999999998,0.8328262076058512
-0.4632499999999999,0.833162026331248
-0.4632000000000001,0.8328262076058512
-0.4631500000000002,0.8328262076058512
-0.4630999999999998,0.8328262076058512
-0.46305,0.8328262076058512
-0.4630000000000001,0.833162026331248
-0.4629500000000002,0.8328262076058537
-0.4628999999999999,0.8328262076058512
-0.46285,0.8328262076058512
-0.4628000000000001,0.833162026331248
-0.4627500000000002,0.833162026331248
-0.4626999999999999,0.833162026331248
-0.46265,0.833162026331248
-0.4626000000000001,0.8328262076058512
-0.4625499999999998,0.833162026331248
-0.4624999999999999,0.833162026331248
-0.46245,0.833162026331248
-0.4624000000000001,0.8328262076058512
-0.4623499999999998,0.8328262076058512
-0.4622999999999999,0.8328262076058512
-0.46225,0.8328262076058512
-0.4622000000000002,0.833162026331248
-0.4621499999999998,0.8328262076058512
-0.4621,0.8328262076058512
-0.4620500000000001,0.8328262076058512
-0.4620000000000002,0.8328262076058512
-0.4619499999999999,0.8328262076058512
-0.4619,0.8328262076058512
-0.4618500000000001,0.8328262076058512
-0.4618000000000002,0.8328262076058512
-0.4617499999999999,0.8328262076058512
-0.4617,0.833162026331248
-0.4616500000000001,0.8328262076058512
-0.4615999999999998,0.8328262076058512
-0.4615499999999999,0.8328262076058512
-0.4615,0.8328262076058512
-0.4614500000000001,0.8328262076058512
-0.4613999999999998,0.8328262076058512
-0.4613499999999999,0.8328262076058512
-0.4613,0.8328262076058512
-0.4612500000000002,0.8328262076058512
-0.4611999999999998,0.8328262076058512
-0.4611499999999999,0.8328262076058512
-0.4611000000000001,0.833162026331248
-0.4610500000000002,0.833162026331248
-0.4609999999999999,0.833162026331248
-0.46095,0.8328262076058512
-0.4609000000000001,0.8328262076058512
-0.4608500000000002,0.8328262076058512
-0.4607999999999999,0.833162026331248
-0.46075,0.8328262076058512
-0.4607000000000001,0.8328262076058512
-0.4606499999999998,0.833162026331248
-0.4605999999999999,0.833162026331248
-0.46055,0.833162026331248
-0.4605000000000001,0.833162026331248
-0.4604499999999998,0.8328262076058512
-0.4603999999999999,0.8328262076058512
-0.46035,0.8328262076058512
-0.4603000000000002,0.8328262076058512
-0.4602499999999998,0.8328262076058512
-0.4601999999999999,0.8328262076058512
-0.4601500000000001,0.8328262076058512
-0.4601000000000002,0.8328262076058512
-0.4600499999999998,0.833162026331248
-0.46,0.8328262076058512
-0.4599500000000001,0.833162026331248
-0.4599000000000002,0.8328262076058537
-0.4598499999999999,0.833162026331248
-0.4598,0.833162026331248
-0.4597500000000001,0.833162026331248
-0.4597000000000002,0.833162026331248
-0.4596499999999999,0.8328262076058512
-0.4596,0.8328262076058512
-0.4595500000000001,0.833162026331248
-0.4594999999999998,0.8328262076058512
-0.4594499999999999,0.8328262076058512
-0.4594,0.8328262076058512
-0.4593500000000001,0.8328262076058512
-0.4592999999999998,0.8328262076058512
-0.4592499999999999,0.833162026331248
-0.4592000000000001,0.8328262076058512
-0.4591500000000002,0.8328262076058512
-0.4590999999999998,0.8328262076058512
-0.45905,0.8328262076058512
-0.4590000000000001,0.833162026331248
-0.4589500000000002,0.8328262076058537
-0.4588999999999999,0.8328262076058512
-0.45885,0.8328262076058512
-0.4588000000000001,0.8328262076058512
-0.4587500000000002,0.8328262076058512
-0.4586999999999999,0.8328262076058512
-0.45865,0.833162026331248
-0.4586000000000001,0.8328262076058512
-0.4585499999999998,0.8328262076058512
-0.4584999999999999,0.8328262076058512
-0.45845,0.8328262076058512
-0.4584000000000001,0.8328262076058512
-0.4583499999999998,0.8328262076058512
-0.4582999999999999,0.8328262076058512
-0.45825,0.8328262076058512
-0.4582000000000002,0.833162026331248
-0.4581499999999998,0.8328262076058512
-0.4581,0.833162026331248
-0.4580500000000001,0.833162026331248
-0.4580000000000002,0.833162026331248
-0.4579499999999999,0.8328262076058512
-0.4579,0.8328262076058512
-0.4578500000000001,0.8328262076058512
-0.4578000000000002,0.8328262076058512
-0.4577499999999999,0.8328262076058512
-0.4577,0.8324903888804545
-0.4576500000000001,0.8324903888804545
-0.4575999999999998,0.8324903888804545
-0.4575499999999999,0.8324903888804545
-0.4575,0.8324903888804545
-0.4574500000000001,0.8324903888804545
-0.4573999999999998,0.8328262076058488
-0.4573499999999999,0.8324903888804545
-0.4573,0.8328262076058512
-0.4572500000000002,0.8324903888804545
-0.4571999999999998,0.8324903888804545
-0.4571499999999999,0.8328262076058512
-0.4571000000000001,0.8324903888804545
-0.4570500000000002,0.8324903888804545
-0.4569999999999999,0.8328262076058512
-0.45695,0.8324903888804545
-0.4569000000000001,0.8328262076058512
-0.4568500000000002,0.8328262076058512
-0.4567999999999999,0.8324903888804545
-0.45675,0.8324903888804545
-0.4567000000000001,0.8324903888804545
-0.4566499999999998,0.8324903888804569
-0.4565999999999999,0.8328262076058512
-0.45655,0.8328262076058512
-0.4565000000000001,0.8328262076058512
-0.4564499999999998,0.8328262076058512
-0.4563999999999999,0.8328262076058512
-0.45635,0.8324903888804545
-0.4563000000000001,0.8328262076058512
-0.4562499999999998,0.8324903888804545
-0.4561999999999999,0.8328262076058512
-0.4561500000000001,0.8324903888804545
-0.4561000000000002,0.8328262076058512
-0.4560499999999998,0.8324903888804545
-0.456,0.8324903888804545
-0.4559500000000001,0.8324903888804545
-0.4559000000000002,0.8324903888804545
-0.4558499999999999,0.8324903888804545
-0.4558,0.8328262076058512
-0.4557500000000001,0.8324903888804545
-0.4557000000000002,0.8328262076058488
-0.4556499999999999,0.8324903888804545
-0.4556,0.8328262076058512
-0.4555500000000001,0.8328262076058512
-0.4554999999999998,0.8324903888804569
-0.4554499999999999,0.8328262076058512
-0.4554,0.8328262076058512
-0.4553500000000001,0.8324903888804545
-0.4552999999999998,0.8324903888804545
-0.4552499999999999,0.8324903888804545
-0.4552,0.8324903888804545
-0.4551500000000002,0.8324903888804545
-0.4550999999999998,0.8324903888804545
-0.45505,0.8328262076058512
-0.4550000000000001,0.8324903888804545
-0.4549500000000002,0.8328262076058488
-0.4548999999999999,0.8328262076058512
-0.45485,0.8324903888804545
-0.4548000000000001,0.8324903888804545
-0.4547500000000002,0.8324903888804545
-0.4546999999999999,0.8324903888804545
-0.45465,0.8324903888804545
-0.4546000000000001,0.8324903888804545
-0.4545499999999998,0.8324903888804545
-0.4544999999999999,0.8324903888804545
-0.45445,0.8324903888804545
-0.4544000000000001,0.8328262076058512
-0.4543499999999998,0.8324903888804545
-0.4542999999999999,0.8324903888804545
-0.45425,0.8324903888804545
-0.4542000000000002,0.8324903888804545
-0.4541499999999998,0.8324903888804545
-0.4540999999999999,0.8328262076058512
-0.4540500000000001,0.8324903888804545
-0.4540000000000002,0.8324903888804545
-0.4539499999999999,0.8324903888804545
-0.4539,0.8324903888804545
-0.4538500000000001,0.8324903888804545
-0.4538000000000002,0.8324903888804545
-0.4537499999999999,0.8328262076058512
-0.4537,0.8328262076058512
-0.4536500000000001,0.8328262076058512
-0.4535999999999998,0.8328262076058512
-0.4535499999999999,0.8328262076058512
-0.4535,0.8328262076058512
-0.4534500000000001,0.8328262076058512
-0.4533999999999998,0.8328262076058512
-0.4533499999999999,0.8328262076058512
-0.4533,0.8328262076058512
-0.4532500000000002,0.8328262076058512
-0.4531999999999998,0.8328262076058512
-0.4531499999999999,0.8328262076058512
-0.4531000000000001,0.8324903888804545
-0.4530500000000002,0.8328262076058512
-0.4529999999999998,0.8328262076058512
-0.45295,0.8328262076058512
-0.4529000000000001,0.8328262076058512
-0.4528500000000002,0.8328262076058512
-0.4527999999999999,0.8328262076058512
-0.45275,0.8328262076058512
-0.4527000000000001,0.8328262076058512
-0.4526500000000002,0.8328262076058512
-0.4525999999999999,0.8328262076058512
-0.45255,0.8328262076058512
-0.4525000000000001,0.8328262076058512
-0.4524499999999998,0.8328262076058512
-0.4523999999999999,0.8328262076058512
-0.45235,0.8328262076058512
-0.4523000000000001,0.8328262076058512
-0.4522499999999998,0.8328262076058512
-0.4521999999999999,0.8328262076058512
-0.4521500000000001,0.8328262076058512
-0.4521000000000002,0.8328262076058512
-0.4520499999999998,0.8328262076058512
-0.452,0.8328262076058512
-0.4519500000000001,0.8328262076058512
-0.4519000000000002,0.8328262076058512
-0.4518499999999999,0.8328262076058512
-0.4518,0.8328262076058512
-0.4517500000000001,0.833162026331248
-0.4517000000000002,0.833162026331248
-0.4516499999999999,0.8328262076058512
-0.4516,0.8328262076058512
-0.4515500000000001,0.8328262076058512
-0.4514999999999998,0.8328262076058512
-0.4514499999999999,0.8328262076058512
-0.4514,0.8328262076058512
-0.4513500000000001,0.833162026331248
-0.4512999999999998,0.833162026331248
-0.4512499999999999,0.833162026331248
-0.4512,0.8328262076058512
-0.4511500000000002,0.8328262076058512
-0.4510999999999998,0.8328262076058512
-0.45105,0.8328262076058512
-0.4510000000000001,0.833162026331248
-0.4509500000000002,0.833162026331248
-0.4508999999999999,0.833162026331248
-0.45085,0.833162026331248
-0.4508000000000001,0.833162026331248
-0.4507500000000002,0.8334978450566424
-0.4506999999999999,0.833162026331248
-0.45065,0.833162026331248
-0.4506000000000001,0.833162026331248
-0.4505499999999998,0.833162026331248
-0.4504999999999999,0.833162026331248
-0.45045,0.833162026331248
-0.4504000000000001,0.833162026331248
-0.4503499999999998,0.833162026331248
-0.4502999999999999,0.833162026331248
-0.45025,0.833162026331248
-0.4502000000000002,0.833162026331248
-0.4501499999999998,0.833162026331248
-0.4500999999999999,0.833162026331248
-0.4500500000000001,0.833162026331248
-0.4500000000000002,0.833162026331248
-0.4499499999999999,0.833162026331248
-0.4499,0.833162026331248
-0.4498500000000001,0.833162026331248
-0.4498000000000002,0.833162026331248
-0.4497499999999999,0.833162026331248
-0.4497,0.833162026331248
-0.4496500000000001,0.833162026331248
-0.4496000000000002,0.833162026331248
-0.4495499999999999,0.833162026331248
-0.4495,0.833162026331248
-0.4494500000000001,0.833162026331248
-0.4493999999999998,0.833162026331248
-0.4493499999999999,0.833162026331248
-0.4493,0.833162026331248
-0.4492500000000001,0.833162026331248
-0.4491999999999998,0.833162026331248
-0.4491499999999999,0.833162026331248
-0.4491000000000001,0.833162026331248
-0.4490500000000002,0.833162026331248
-0.4489999999999998,0.833162026331248
-0.44895,0.833162026331248
-0.4489000000000001,0.833162026331248
-0.4488500000000002,0.833162026331248
-0.4487999999999999,0.833162026331248
-0.44875,0.833162026331248
-0.4487000000000001,0.833162026331248
-0.4486500000000002,0.833162026331248
-0.4485999999999999,0.833162026331248
-0.44855,0.833162026331248
-0.4485000000000001,0.833162026331248
-0.4484499999999998,0.833162026331248
-0.4483999999999999,0.833162026331248
-0.44835,0.833162026331248
-0.4483000000000001,0.833162026331248
-0.4482499999999998,0.8328262076058537
-0.4481999999999999,0.833162026331248
-0.44815,0.833162026331248
-0.4481000000000002,0.833162026331248
-0.4480499999999998,0.833162026331248
-0.448,0.8334978450566448
-0.4479500000000001,0.8334978450566448
-0.4479000000000002,0.8334978450566448
-0.4478499999999999,0.833162026331248
-0.4478,0.833162026331248
-0.4477500000000001,0.833162026331248
-0.4477000000000002,0.833162026331248
-0.4476499999999999,0.833162026331248
-0.4476,0.8334978450566448
-0.4475500000000001,0.833162026331248
-0.4474999999999998,0.8334978450566448
-0.4474499999999999,0.8334978450566448
-0.4474,0.833162026331248
-0.4473500000000001,0.833162026331248
-0.4472999999999998,0.833162026331248
-0.4472499999999999,0.833162026331248
-0.4472,0.833162026331248
-0.4471500000000002,0.8334978450566448
-0.4470999999999998,0.8334978450566448
-0.4470499999999999,0.8334978450566448
-0.4470000000000001,0.8334978450566448
-0.4469500000000002,0.8334978450566448
-0.4468999999999999,0.8334978450566448
-0.44685,0.8334978450566448
-0.4468000000000001,0.8334978450566448
-0.4467500000000002,0.8331620263312505
-0.4466999999999999,0.833162026331248
-0.44665,0.833162026331248
-0.4466000000000001,0.833162026331248
-0.4465499999999998,0.833162026331248
-0.4464999999999999,0.833162026331248
-0.44645,0.8334978450566448
-0.4464000000000001,0.833162026331248
-0.4463499999999998,0.833162026331248
-0.4462999999999999,0.833162026331248
-0.44625,0.833162026331248
-0.4462000000000002,0.833162026331248
-0.4461499999999998,0.8328262076058512
-0.4460999999999999,0.833162026331248
-0.4460500000000001,0.8328262076058512
-0.4460000000000002,0.833162026331248
-0.4459499999999998,0.8328262076058512
-0.4459,0.8328262076058512
-0.4458500000000001,0.833162026331248
-0.4458000000000002,0.833162026331248
-0.4457499999999999,0.833162026331248
-0.4457,0.8328262076058512
-0.4456500000000001,0.8328262076058512
-0.4456000000000002,0.8328262076058512
-0.4455499999999999,0.8328262076058512
-0.4455,0.833162026331248
-0.4454500000000001,0.8328262076058512
-0.4453999999999998,0.8328262076058512
-0.4453499999999999,0.8328262076058512
-0.4453,0.8328262076058512
-0.4452500000000001,0.8328262076058512
-0.4451999999999998,0.8328262076058512
-0.4451499999999999,0.8328262076058512
-0.4451000000000001,0.8328262076058512
-0.4450500000000002,0.8328262076058512
-0.4449999999999998,0.8328262076058512
-0.44495,0.833162026331248
-0.4449000000000001,0.833162026331248
-0.4448500000000002,0.8328262076058537
-0.4447999999999999,0.833162026331248
-0.44475,0.8328262076058512
-0.4447000000000001,0.8328262076058512
-0.4446500000000002,0.8328262076058512
-0.4445999999999999,0.833162026331248
-0.44455,0.833162026331248
-0.4445000000000001,0.833162026331248
-0.4444499999999998,0.833162026331248
-0.4443999999999999,0.833162026331248
-0.44435,0.8328262076058512
-0.4443000000000001,0.833162026331248
-0.4442499999999998,0.833162026331248
-0.4441999999999999,0.833162026331248
-0.44415,0.833162026331248
-0.4441000000000002,0.833162026331248
-0.4440499999999998,0.833162026331248
-0.444,0.833162026331248
-0.4439500000000001,0.833162026331248
-0.4439000000000002,0.833162026331248
-0.4438499999999999,0.833162026331248
-0.4438,0.8328262076058512
-0.4437500000000001,0.8328262076058512
-0.4437000000000002,0.8331620263312456
-0.4436499999999999,0.833162026331248
-0.4436,0.8328262076058512
-0.4435500000000001,0.833162026331248
-0.4434999999999998,0.8328262076058512
-0.4434499999999999,0.8328262076058512
-0.4434,0.833162026331248
-0.4433500000000001,0.833162026331248
-0.4432999999999998,0.8328262076058512
-0.4432499999999999,0.8328262076058512
-0.4432,0.8328262076058512
-0.4431500000000002,0.8328262076058512
-0.4430999999999998,0.8328262076058512
-0.4430499999999999,0.8328262076058512
-0.4430000000000001,0.8328262076058512
-0.4429500000000002,0.833162026331248
-0.4428999999999998,0.8328262076058512
-0.44285,0.8328262076058512
-0.4428000000000001,0.8328262076058512
-0.4427500000000002,0.8328262076058512
-0.4426999999999999,0.8328262076058512
-0.44265,0.8328262076058512
-0.4426000000000001,0.8328262076058512
-0.4425500000000002,0.8331620263312456
-0.4424999999999999,0.833162026331248
-0.44245,0.833162026331248
-0.4424000000000001,0.833162026331248
-0.4423499999999998,0.8328262076058512
-0.4422999999999999,0.8328262076058512
-0.44225,0.8328262076058512
-0.4422000000000001,0.8328262076058512
-0.4421499999999998,0.8328262076058512
-0.4420999999999999,0.8328262076058512
-0.4420500000000001,0.8328262076058512
-0.4420000000000002,0.8328262076058512
-0.4419499999999998,0.833162026331248
-0.4419,0.8328262076058512
-0.4418500000000001,0.833162026331248
-0.4418000000000002,0.8328262076058537
-0.4417499999999999,0.833162026331248
-0.4417,0.8328262076058512
-0.4416500000000001,0.8328262076058512
-0.4416000000000002,0.8328262076058512
-0.4415499999999999,0.8328262076058512
-0.4415,0.8328262076058512
-0.4414500000000001,0.8328262076058512
-0.4413999999999998,0.8328262076058512
-0.4413499999999999,0.8328262076058512
-0.4413,0.8328262076058512
-0.4412500000000001,0.8328262076058512
-0.4411999999999998,0.8328262076058512
-0.4411499999999999,0.8328262076058512
-0.4411,0.8328262076058512
-0.4410500000000002,0.8328262076058512
-0.4409999999999998,0.8328262076058512
-0.44095,0.8328262076058512
-0.4409000000000001,0.8328262076058512
-0.4408500000000002,0.8328262076058512
-0.4407999999999999,0.8328262076058512
-0.44075,0.8328262076058512
-0.4407000000000001,0.8328262076058512
-0.4406500000000002,0.8328262076058512
-0.4405999999999999,0.8328262076058512
-0.44055,0.8328262076058512
-0.4405000000000001,0.8328262076058512
-0.4404499999999998,0.8328262076058512
-0.4403999999999999,0.8328262076058512
-0.44035,0.8328262076058512
-0.4403000000000001,0.8328262076058512
-0.4402499999999998,0.8328262076058512
-0.4401999999999999,0.8328262076058512
-0.44015,0.8328262076058512
-0.4401000000000002,0.8328262076058512
-0.4400499999999998,0.8328262076058512
-0.4399999999999999,0.8328262076058512
-0.4399500000000001,0.8328262076058512
-0.4399000000000002,0.8328262076058512
-0.4398499999999999,0.8328262076058512
-0.4398,0.8328262076058512
-0.4397500000000001,0.8328262076058512
-0.4397000000000002,0.8331620263312456
-0.4396499999999999,0.8328262076058512
-0.4396,0.8328262076058512
-0.4395500000000001,0.8328262076058512
-0.4394999999999998,0.8328262076058512
-0.4394499999999999,0.8328262076058512
-0.4394,0.8328262076058512
-0.4393500000000001,0.8328262076058512
-0.4392999999999998,0.8328262076058537
-0.4392499999999999,0.833162026331248
-0.4392,0.8328262076058512
-0.4391500000000002,0.833162026331248
-0.4390999999999998,0.833162026331248
-0.4390499999999999,0.8328262076058512
-0.4390000000000001,0.833162026331248
-0.4389500000000002,0.833162026331248
-0.4388999999999998,0.8328262076058512
-0.43885,0.8328262076058512
-0.4388000000000001,0.8328262076058512
-0.4387500000000002,0.8328262076058512
-0.4386999999999999,0.833162026331248
-0.43865,0.833162026331248
-0.4386000000000001,0.833162026331248
-0.4385500000000002,0.8328262076058537
-0.4384999999999999,0.8328262076058512
-0.43845,0.8328262076058512
-0.4384000000000001,0.8328262076058512
-0.4383499999999998,0.8328262076058537
-0.4382999999999999,0.833162026331248
-0.43825,0.8328262076058512
-0.4382000000000001,0.8328262076058512
-0.4381499999999998,0.8328262076058512
-0.4380999999999999,0.8328262076058512
-0.4380500000000001,0.8328262076058512
-0.4380000000000002,0.8328262076058512
-0.4379499999999998,0.8328262076058512
-0.4379,0.8328262076058512
-0.4378500000000001,0.8328262076058512
-0.4378000000000002,0.8328262076058512
-0.4377499999999999,0.8328262076058512
-0.4377,0.8328262076058512
-0.4376500000000001,0.8324903888804545
-0.4376000000000002,0.8324903888804545
-0.4375499999999999,0.8324903888804545
-0.4375,0.8324903888804545
-0.4374500000000001,0.8324903888804545
-0.4373999999999998,0.8328262076058512
-0.4373499999999999,0.8328262076058512
-0.4373,0.8328262076058512
-0.4372500000000001,0.8328262076058512
-0.4371999999999998,0.8324903888804545
-0.4371499999999999,0.8324903888804545
-0.4371,0.8324903888804545
-0.4370500000000002,0.8324903888804545
-0.4369999999999998,0.8324903888804545
-0.4369499999999999,0.8324903888804545
-0.4369000000000001,0.8324903888804545
-0.4368500000000002,0.8324903888804545
-0.4367999999999999,0.8324903888804545
-0.43675,0.8324903888804545
-0.4367000000000001,0.8324903888804545
-0.4366500000000002,0.8324903888804545
-0.4365999999999999,0.8328262076058512
-0.43655,0.8324903888804545
-0.4365000000000001,0.8328262076058512
-0.4364499999999998,0.8324903888804545
-0.4363999999999999,0.8324903888804545
-0.43635,0.8324903888804545
-0.4363000000000001,0.8324903888804545
-0.4362499999999998,0.8328262076058512
-0.4361999999999999,0.8328262076058512
-0.43615,0.8324903888804545
-0.4361000000000002,0.8324903888804545
-0.4360499999999998,0.8324903888804545
-0.4359999999999999,0.8324903888804545
-0.4359500000000001,0.8324903888804545
-0.4359000000000002,0.8324903888804545
-0.4358499999999998,0.8324903888804545
-0.4358,0.8324903888804545
-0.4357500000000001,0.8324903888804545
-0.4357000000000002,0.8324903888804545
-0.4356499999999999,0.8324903888804545
-0.4356,0.8324903888804545
-0.4355500000000001,0.8324903888804545
-0.4355000000000002,0.8324903888804545
-0.4354499999999999,0.8324903888804545
-0.4354,0.8324903888804545
-0.4353500000000001,0.8324903888804545
-0.4352999999999998,0.8328262076058488
-0.4352499999999999,0.8324903888804545
-0.4352,0.8324903888804545
-0.4351500000000001,0.8328262076058512
-0.4350999999999998,0.8324903888804545
-0.4350499999999999,0.8324903888804545
-0.4350000000000001,0.8324903888804545
-0.4349500000000002,0.8324903888804545
-0.4348999999999998,0.8324903888804545
-0.43485,0.8324903888804545
-0.4348000000000001,0.8324903888804545
-0.4347500000000002,0.8324903888804545
-0.4346999999999999,0.8324903888804545
-0.43465,0.8324903888804545
-0.4346000000000001,0.8324903888804545
-0.4345500000000002,0.8324903888804545
-0.4344999999999999,0.8324903888804545
-0.43445,0.8324903888804545
-0.4344000000000001,0.8324903888804545
-0.4343499999999998,0.8324903888804545
-0.4342999999999999,0.8324903888804545
-0.43425,0.8324903888804545
-0.4342000000000001,0.8324903888804545
-0.4341499999999998,0.8324903888804545
-0.4340999999999999,0.8324903888804545
-0.43405,0.8324903888804545
-0.4340000000000002,0.8324903888804545
-0.4339499999999998,0.8324903888804545
-0.4339,0.8324903888804545
-0.4338500000000001,0.8324903888804545
-0.4338000000000002,0.8324903888804545
-0.4337499999999999,0.8324903888804545
-0.4337,0.8324903888804545
-0.4336500000000001,0.8324903888804545
-0.4336000000000002,0.8324903888804545
-0.4335499999999999,0.8324903888804545
-0.4335,0.8324903888804545
-0.4334500000000001,0.8328262076058512
-0.4333999999999998,0.8324903888804569
-0.4333499999999999,0.8328262076058512
-0.4333,0.8328262076058512
-0.4332500000000001,0.8328262076058512
-0.4331999999999998,0.8328262076058512
-0.4331499999999999,0.8328262076058512
-0.4331,0.8324903888804545
-0.4330500000000002,0.8324903888804545
-0.4329999999999998,0.8324903888804545
-0.4329499999999999,0.8328262076058512
-0.4329000000000001,0.8328262076058512
-0.4328500000000002,0.8328262076058512
-0.4327999999999999,0.8328262076058512
-0.43275,0.8328262076058512
-0.4327000000000001,0.8328262076058512
-0.4326500000000002,0.8328262076058512
-0.4325999999999999,0.8328262076058512
-0.43255,0.8328262076058512
-0.4325000000000001,0.8328262076058512
-0.4324499999999998,0.8328262076058512
-0.4323999999999999,0.8328262076058512
-0.43235,0.8328262076058512
-0.4323000000000001,0.8328262076058512
-0.4322499999999998,0.8328262076058512
-0.4321999999999999,0.8328262076058512
-0.43215,0.8328262076058512
-0.4321000000000002,0.8328262076058512
-0.4320499999999998,0.8328262076058512
-0.4319999999999999,0.8328262076058512
-0.4319500000000001,0.8328262076058512
-0.4319000000000002,0.8328262076058512
-0.4318499999999998,0.8328262076058512
-0.4318,0.8328262076058512
-0.4317500000000001,0.8328262076058512
-0.4317000000000002,0.8331620263312456
-0.4316499999999999,0.833162026331248
-0.4316,0.833162026331248
-0.4315500000000001,0.8328262076058512
-0.4315000000000002,0.8331620263312456
-0.4314499999999999,0.8328262076058512
-0.4314,0.8328262076058512
-0.4313500000000001,0.8328262076058512
-0.4312999999999998,0.8328262076058512
-0.4312499999999999,0.8328262076058512
-0.4312,0.833162026331248
-0.4311500000000001,0.8328262076058512
-0.4310999999999998,0.8328262076058512
-0.4310499999999999,0.8328262076058512
-0.431,0.833162026331248
-0.4309500000000002,0.833162026331248
-0.4308999999999998,0.833162026331248
-0.43085,0.833162026331248
-0.4308000000000001,0.833162026331248
-0.4307500000000002,0.833162026331248
-0.4306999999999999,0.833162026331248
-0.43065,0.833162026331248
-0.4306000000000001,0.833162026331248
-0.4305500000000002,0.833162026331248
-0.4304999999999999,0.833162026331248
-0.43045,0.8328262076058512
-0.4304000000000001,0.833162026331248
-0.4303499999999998,0.833162026331248
-0.4302999999999999,0.833162026331248
-0.43025,0.833162026331248
-0.4302000000000001,0.833162026331248
-0.4301499999999998,0.833162026331248
-0.4300999999999999,0.833162026331248
-0.43005,0.833162026331248
-0.4300000000000002,0.833162026331248
-0.4299499999999998,0.833162026331248
-0.4298999999999999,0.833162026331248
-0.4298500000000001,0.833162026331248
-0.4298000000000002,0.833162026331248
-0.4297499999999999,0.833162026331248
-0.4297,0.833162026331248
-0.4296500000000001,0.833162026331248
-0.4296000000000002,0.8334978450566424
-0.4295499999999999,0.833162026331248
-0.4295,0.833162026331248
-0.4294500000000001,0.833162026331248
-0.4293999999999998,0.833162026331248
-0.4293499999999999,0.833162026331248
-0.4293,0.833162026331248
-0.4292500000000001,0.833162026331248
-0.4291999999999998,0.833162026331248
-0.4291499999999999,0.833162026331248
-0.4291,0.833162026331248
-0.4290500000000002,0.833162026331248
-0.4289999999999998,0.833162026331248
-0.4289499999999999,0.833162026331248
-0.4289000000000001,0.833162026331248
-0.4288500000000002,0.833162026331248
-0.4287999999999998,0.833162026331248
-0.42875,0.833162026331248
-0.4287000000000001,0.833162026331248
-0.4286500000000002,0.833162026331248
-0.4285999999999999,0.833162026331248
-0.42855,0.833162026331248
-0.4285000000000001,0.833162026331248
-0.4284500000000002,0.833162026331248
-0.4283999999999999,0.833162026331248
-0.42835,0.833162026331248
-0.4283000000000001,0.833162026331248
-0.4282499999999998,0.833162026331248
-0.4281999999999999,0.833162026331248
-0.42815,0.833162026331248
-0.4281000000000001,0.833162026331248
-0.4280499999999998,0.8334978450566448
-0.4279999999999999,0.833162026331248
-0.4279500000000001,0.8334978450566448
-0.4279000000000002,0.8334978450566448
-0.4278499999999998,0.833162026331248
-0.4278,0.833162026331248
-0.4277500000000001,0.833162026331248
-0.4277000000000002,0.833162026331248
-0.4276499999999999,0.833162026331248
-0.4276,0.8334978450566448
-0.4275500000000001,0.8334978450566448
-0.4275000000000002,0.8334978450566448
-0.4274499999999999,0.8334978450566448
-0.4274,0.8334978450566448
-0.4273500000000001,0.8334978450566448
-0.4272999999999998,0.8334978450566448
-0.4272499999999999,0.8334978450566448
-0.4272,0.8334978450566448
-0.4271500000000001,0.8334978450566448
-0.4270999999999998,0.8334978450566448
-0.4270499999999999,0.8334978450566448
-0.427,0.8334978450566448
-0.4269500000000002,0.8334978450566448
-0.4268999999999998,0.8334978450566448
-0.42685,0.8334978450566448
-0.4268000000000001,0.8334978450566448
-0.4267500000000002,0.8334978450566448
-0.4266999999999999,0.8334978450566448
-0.42665,0.8334978450566448
-0.4266000000000001,0.8334978450566448
-0.4265500000000002,0.8334978450566448
-0.4264999999999999,0.8334978450566448
-0.42645,0.833162026331248
-0.4264000000000001,0.833162026331248
-0.4263499999999998,0.8331620263312456
-0.4262999999999999,0.8328262076058512
-0.42625,0.8328262076058512
-0.4262000000000001,0.833162026331248
-0.4261499999999998,0.8328262076058512
-0.4260999999999999,0.8328262076058512
-0.42605,0.833162026331248
-0.4260000000000002,0.833162026331248
-0.4259499999999998,0.833162026331248
-0.4258999999999999,0.833162026331248
-0.4258500000000001,0.8328262076058512
-0.4258000000000002,0.833162026331248
-0.4257499999999999,0.833162026331248
-0.4257,0.833162026331248
-0.4256500000000001,0.833162026331248
-0.4256000000000002,0.833162026331248
-0.4255499999999999,0.833162026331248
-0.4255,0.833162026331248
-0.4254500000000001,0.833162026331248
-0.4253999999999998,0.8328262076058512
-0.4253499999999999,0.8328262076058512
-0.4253,0.8328262076058512
-0.4252500000000001,0.8328262076058512
-0.4251999999999998,0.833162026331248
-0.4251499999999999,0.833162026331248
-0.4251,0.833162026331248
-0.4250500000000001,0.833162026331248
-0.4249999999999998,0.833162026331248
-0.4249499999999999,0.833162026331248
-0.4249000000000001,0.833162026331248
-0.4248500000000002,0.833162026331248
-0.4247999999999998,0.833162026331248
-0.42475,0.833162026331248
-0.4247000000000001,0.833162026331248
-0.4246500000000002,0.833162026331248
-0.4245999999999999,0.833162026331248
-0.42455,0.8328262076058512
-0.4245000000000001,0.833162026331248
-0.4244500000000002,0.8328262076058537
-0.4243999999999999,0.8328262076058512
-0.42435,0.8328262076058512
-0.4243000000000001,0.8328262076058512
-0.4242499999999998,0.8328262076058512
-0.4241999999999999,0.8328262076058512
-0.42415,0.833162026331248
-0.4241000000000001,0.833162026331248
-0.4240499999999998,0.8328262076058512
-0.4239999999999999,0.8328262076058512
-0.42395,0.833162026331248
-0.4239000000000002,0.8328262076058512
-0.4238499999999998,0.8328262076058512
-0.4238,0.833162026331248
-0.4237500000000001,0.8328262076058512
-0.4237000000000002,0.8328262076058512
-0.4236499999999999,0.8328262076058512
-0.4236,0.833162026331248
-0.4235500000000001,0.8328262076058512
-0.4235000000000002,0.8331620263312456
-0.4234499999999999,0.8328262076058512
-0.4234,0.8328262076058512
-0.4233500000000001,0.8328262076058512
-0.4232999999999998,0.8331620263312456
-0.4232499999999999,0.8328262076058512
-0.4232,0.8328262076058512
-0.4231500000000001,0.8328262076058512
-0.4230999999999998,0.8328262076058512
-0.4230499999999999,0.8328262076058512
-0.423,0.8328262076058512
-0.4229500000000002,0.8328262076058512
-0.4228999999999998,0.8328262076058512
-0.4228499999999999,0.8328262076058512
-0.4228000000000001,0.833162026331248
-0.4227500000000002,0.8328262076058512
-0.4226999999999999,0.833162026331248
-0.42265,0.8328262076058512
-0.4226000000000001,0.8328262076058512
-0.4225500000000002,0.8331620263312456
-0.4224999999999999,0.833162026331248
-0.42245,0.8328262076058512
-0.4224000000000001,0.8328262076058512
-0.4223499999999998,0.8328262076058512
-0.4222999999999999,0.8328262076058512
-0.42225,0.8328262076058512
-0.4222000000000001,0.8328262076058512
-0.4221499999999998,0.8328262076058512
-0.4220999999999999,0.8328262076058512
-0.42205,0.8328262076058512
-0.4220000000000002,0.8328262076058512
-0.4219499999999998,0.8328262076058512
-0.4218999999999999,0.833162026331248
-0.4218500000000001,0.8328262076058512
-0.4218000000000002,0.8328262076058512
-0.4217499999999998,0.8328262076058512
-0.4217,0.8328262076058512
-0.4216500000000001,0.833162026331248
-0.4216000000000002,0.833162026331248
-0.4215499999999999,0.833162026331248
-0.4215,0.833162026331248
-0.4214500000000001,0.8328262076058512
-0.4214000000000002,0.8331620263312456
-0.4213499999999999,0.833162026331248
-0.4213,0.833162026331248
-0.4212500000000001,0.833162026331248
-0.4211999999999998,0.833162026331248
-0.4211499999999999,0.833162026331248
-0.4211,0.833162026331248
-0.4210500000000001,0.833162026331248
-0.4209999999999998,0.8328262076058512
-0.4209499999999999,0.833162026331248
-0.4209000000000001,0.833162026331248
-0.4208500000000002,0.833162026331248
-0.4207999999999998,0.8328262076058512
-0.42075,0.833162026331248
-0.4207000000000001,0.8328262076058512
-0.4206500000000002,0.8331620263312456
-0.4205999999999999,0.833162026331248
-0.42055,0.833162026331248
-0.4205000000000001,0.833162026331248
-0.4204500000000002,0.8328262076058537
-0.4203999999999999,0.833162026331248
-0.42035,0.833162026331248
-0.4203000000000001,0.8328262076058512
-0.4202499999999998,0.8328262076058512
-0.4201999999999999,0.8328262076058512
-0.42015,0.8328262076058512
-0.4201000000000001,0.8328262076058512
-0.4200499999999998,0.8328262076058512
-0.4199999999999999,0.8328262076058512
-0.41995,0.8328262076058512
-0.4199000000000002,0.8328262076058512
-0.4198499999999998,0.8328262076058512
-0.4198,0.8328262076058512
-0.4197500000000001,0.8328262076058512
-0.4197000000000002,0.8328262076058512
-0.4196499999999999,0.8328262076058512
-0.4196,0.8328262076058512
-0.4195500000000001,0.8328262076058512
-0.4195000000000002,0.8328262076058512
-0.4194499999999999,0.8328262076058512
-0.4194,0.8328262076058512
-0.4193500000000001,0.8328262076058512
-0.4192999999999998,0.8328262076058512
-0.4192499999999999,0.8328262076058512
-0.4192,0.833162026331248
-0.4191500000000001,0.833162026331248
-0.4190999999999998,0.833162026331248
-0.4190499999999999,0.833162026331248
-0.419,0.833162026331248
-0.4189500000000002,0.8328262076058512
-0.4188999999999998,0.8328262076058512
-0.4188499999999999,0.8328262076058512
-0.4188000000000001,0.8328262076058512
-0.4187500000000002,0.8328262076058512
-0.4186999999999999,0.833162026331248
-0.41865,0.833162026331248
-0.4186000000000001,0.8328262076058512
-0.4185500000000002,0.8328262076058512
-0.4184999999999999,0.8328262076058512
-0.41845,0.8328262076058512
-0.4184000000000001,0.8328262076058512
-0.4183500000000002,0.8328262076058512
-0.4182999999999999,0.8328262076058512
-0.41825,0.833162026331248
-0.4182000000000001,0.8328262076058512
-0.4181499999999998,0.8328262076058512
-0.4180999999999999,0.8328262076058512
-0.41805,0.8328262076058512
-0.4180000000000001,0.8328262076058512
-0.4179499999999998,0.8328262076058512
-0.4178999999999999,0.8328262076058512
-0.4178500000000001,0.8328262076058512
-0.4178000000000002,0.8328262076058512
-0.4177499999999998,0.8328262076058512
-0.4177,0.8328262076058512
-0.4176500000000001,0.8328262076058512
-0.4176000000000002,0.8328262076058512
-0.4175499999999999,0.8324903888804545
-0.4175,0.8324903888804545
-0.4174500000000001,0.8324903888804545
-0.4174000000000002,0.8328262076058488
-0.4173499999999999,0.8328262076058512
-0.4173,0.8328262076058512
-0.4172500000000001,0.8328262076058512
-0.4171999999999998,0.8328262076058512
-0.4171499999999999,0.8328262076058512
-0.4171,0.8328262076058512
-0.4170500000000001,0.8328262076058512
-0.4169999999999998,0.8328262076058488
-0.4169499999999999,0.8324903888804545
-0.4169,0.8324903888804545
-0.4168500000000002,0.8324903888804545
-0.4167999999999998,0.8328262076058512
-0.41675,0.8324903888804545
-0.4167000000000001,0.8324903888804545
-0.4166500000000002,0.8324903888804545
-0.4165999999999999,0.8324903888804545
-0.41655,0.8324903888804545
-0.4165000000000001,0.8324903888804545
-0.4164500000000002,0.8324903888804545
-0.4163999999999999,0.8324903888804545
-0.41635,0.8324903888804545
-0.4163000000000001,0.8324903888804545
-0.4162499999999998,0.8328262076058512
-0.4161999999999999,0.8328262076058512
-0.41615,0.8328262076058512
-0.4161000000000001,0.8324903888804545
-0.4160499999999998,0.8324903888804545
-0.4159999999999999,0.8324903888804545
-0.41595,0.8324903888804545
-0.4159000000000002,0.8324903888804545
-0.4158499999999998,0.8328262076058512
-0.4157999999999999,0.8324903888804545
-0.4157500000000001,0.8328262076058512
-0.4157000000000002,0.8324903888804545
-0.4156499999999999,0.8324903888804545
-0.4156,0.8324903888804545
-0.4155500000000001,0.8324903888804545
-0.4155000000000002,0.8324903888804545
-0.4154499999999999,0.8324903888804545
-0.4154,0.8324903888804545
-0.4153500000000001,0.8324903888804545
-0.4152999999999998,0.8324903888804545
-0.4152499999999999,0.8324903888804545
-0.4152,0.8324903888804545
-0.4151500000000001,0.8328262076058512
-0.4150999999999998,0.8328262076058512
-0.4150499999999999,0.8328262076058512
-0.415,0.8324903888804545
-0.4149500000000002,0.8328262076058512
-0.4148999999999998,0.8324903888804545
-0.4148499999999999,0.8324903888804545
-0.4148000000000001,0.8324903888804545
-0.4147500000000002,0.8324903888804545
-0.4146999999999998,0.8324903888804545
-0.41465,0.8324903888804545
-0.4146000000000001,0.8324903888804545
-0.4145500000000002,0.8324903888804545
-0.4144999999999999,0.8324903888804545
-0.41445,0.8324903888804545
-0.4144000000000001,0.8328262076058512
-0.4143500000000002,0.8324903888804569
-0.4142999999999999,0.8324903888804545
-0.41425,0.8324903888804545
-0.4142000000000001,0.8324903888804545
-0.4141499999999998,0.8324903888804545
-0.4140999999999999,0.8324903888804545
-0.41405,0.8324903888804545
-0.4140000000000001,0.8324903888804545
-0.4139499999999998,0.8324903888804545
-0.4138999999999999,0.8324903888804545
-0.4138500000000001,0.8324903888804545
-0.4138000000000002,0.8324903888804545
-0.4137499999999998,0.8324903888804545
-0.4137,0.8324903888804545
-0.4136500000000001,0.8328262076058512
-0.4136000000000002,0.8328262076058512
-0.4135499999999999,0.8328262076058512
-0.4135,0.8328262076058512
-0.4134500000000001,0.8328262076058512
-0.4134000000000002,0.8328262076058512
-0.4133499999999999,0.8328262076058512
-0.4133,0.8328262076058512
-0.4132500000000001,0.8328262076058512
-0.4131999999999998,0.8328262076058512
-0.4131499999999999,0.8328262076058512
-0.4131,0.8328262076058512
-0.4130500000000001,0.8328262076058512
-0.4129999999999998,0.8328262076058512
-0.4129499999999999,0.8328262076058512
-0.4129,0.8328262076058512
-0.4128500000000002,0.8328262076058512
-0.4127999999999998,0.8328262076058512
-0.41275,0.8328262076058512
-0.4127000000000001,0.8328262076058512
-0.4126500000000002,0.8328262076058512
-0.4125999999999999,0.8328262076058512
-0.41255,0.8328262076058512
-0.4125000000000001,0.8328262076058512
-0.4124500000000002,0.8328262076058512
-0.4123999999999999,0.8328262076058512
-0.41235,0.8328262076058512
-0.4123000000000001,0.8328262076058512
-0.4122499999999998,0.8328262076058512
-0.4121999999999999,0.8328262076058512
-0.41215,0.833162026331248
-0.4121000000000001,0.8328262076058512
-0.4120499999999998,0.833162026331248
-0.4119999999999999,0.833162026331248
-0.41195,0.8328262076058512
-0.4119000000000002,0.8328262076058512
-0.4118499999999998,0.8328262076058512
-0.4117999999999999,0.8328262076058512
-0.4117500000000001,0.8328262076058512
-0.4117000000000002,0.8328262076058512
-0.4116499999999998,0.8328262076058512
-0.4116,0.8328262076058512
-0.4115500000000001,0.8328262076058512
-0.4115000000000002,0.8328262076058512
-0.4114499999999999,0.833162026331248
-0.4114,0.833162026331248
-0.4113500000000001,0.8328262076058512
-0.4113000000000002,0.8328262076058512
-0.4112499999999999,0.8328262076058512
-0.4112,0.833162026331248
-0.4111500000000001,0.8328262076058512
-0.4110999999999998,0.8328262076058537
-0.4110499999999999,0.833162026331248
-0.411,0.833162026331248
-0.4109500000000001,0.833162026331248
-0.4108999999999998,0.833162026331248
-0.4108499999999999,0.833162026331248
-0.4108000000000001,0.833162026331248
-0.4107500000000002,0.833162026331248
-0.4106999999999998,0.833162026331248
-0.41065,0.833162026331248
-0.4106000000000001,0.833162026331248
-0.4105500000000002,0.833162026331248
-0.4104999999999999,0.833162026331248
-0.41045,0.833162026331248
-0.4104000000000001,0.833162026331248
-0.4103500000000002,0.833162026331248
-0.4102999999999999,0.833162026331248
-0.41025,0.833162026331248
-0.4102000000000001,0.833162026331248
-0.4101499999999998,0.833162026331248
-0.4100999999999999,0.833162026331248
-0.41005,0.833162026331248
-0.4100000000000001,0.833162026331248
-0.4099499999999998,0.8331620263312505
-0.4098999999999999,0.8334978450566448
-0.40985,0.833162026331248
-0.4098000000000002,0.833162026331248
-0.4097499999999998,0.833162026331248
-0.4097,0.8334978450566448
-0.4096500000000001,0.8334978450566448
-0.4096000000000002,0.8331620263312505
-0.4095499999999999,0.833162026331248
-0.4095,0.833162026331248
-0.4094500000000001,0.833162026331248
-0.4094000000000002,0.833162026331248
-0.4093499999999999,0.833162026331248
-0.4093,0.8334978450566448
-0.4092500000000001,0.8334978450566448
-0.4091999999999998,0.833162026331248
-0.4091499999999999,0.833162026331248
-0.4091,0.833162026331248
-0.4090500000000001,0.833162026331248
-0.4089999999999998,0.833162026331248
-0.4089499999999999,0.833162026331248
-0.4089,0.833162026331248
-0.4088500000000002,0.833162026331248
-0.4087999999999998,0.8334978450566448
-0.4087499999999999,0.833162026331248
-0.4087000000000001,0.833162026331248
-0.4086500000000002,0.833162026331248
-0.4085999999999999,0.833162026331248
-0.40855,0.833162026331248
-0.4085000000000001,0.833162026331248
-0.4084500000000002,0.833162026331248
-0.4083999999999999,0.833162026331248
-0.40835,0.833162026331248
-0.4083000000000001,0.833162026331248
-0.4082499999999998,0.833162026331248
-0.4081999999999999,0.833162026331248
-0.40815,0.833162026331248
-0.4081000000000001,0.833162026331248
-0.4080499999999998,0.833162026331248
-0.4079999999999999,0.833162026331248
-0.40795,0.833162026331248
-0.4079000000000002,0.833162026331248
-0.4078499999999998,0.833162026331248
-0.4077999999999999,0.833162026331248
-0.4077500000000001,0.833162026331248
-0.4077000000000002,0.833162026331248
-0.4076499999999998,0.833162026331248
-0.4076,0.833162026331248
-0.4075500000000001,0.833162026331248
-0.4075000000000002,0.833162026331248
-0.4074499999999999,0.833162026331248
-0.4074,0.8334978450566448
-0.4073500000000001,0.833162026331248
-0.4073000000000002,0.833162026331248
-0.4072499999999999,0.8334978450566448
-0.4072,0.833162026331248
-0.4071500000000001,0.8334978450566448
-0.4070999999999998,0.8334978450566448
-0.4070499999999999,0.8334978450566448
-0.407,0.8334978450566448
-0.4069500000000001,0.8334978450566448
-0.4068999999999998,0.8331620263312505
-0.4068499999999999,0.8334978450566448
-0.4068000000000001,0.8334978450566448
-0.4067500000000002,0.8334978450566448
-0.4066999999999998,0.833162026331248
-0.40665,0.833162026331248
-0.4066000000000001,0.833162026331248
-0.4065500000000002,0.833162026331248
-0.4064999999999999,0.833162026331248
-0.40645,0.833162026331248
-0.4064000000000001,0.833162026331248
-0.4063500000000002,0.833162026331248
-0.4062999999999999,0.833162026331248
-0.40625,0.8328262076058512
-0.4062000000000001,0.833162026331248
-0.4061499999999998,0.833162026331248
-0.4060999999999999,0.833162026331248
-0.40605,0.833162026331248
-0.4060000000000001,0.8328262076058512
-0.4059499999999998,0.8328262076058537
-0.4058999999999999,0.833162026331248
-0.40585,0.8328262076058512
-0.4058000000000002,0.8328262076058512
-0.4057499999999998,0.8328262076058512
-0.4056999999999999,0.8328262076058512
-0.4056500000000001,0.833162026331248
-0.4056000000000002,0.833162026331248
-0.4055499999999999,0.833162026331248
-0.4055,0.833162026331248
-0.4054500000000001,0.833162026331248
-0.4054000000000002,0.833162026331248
-0.4053499999999999,0.833162026331248
-0.4053,0.833162026331248
-0.4052500000000001,0.8328262076058512
-0.4051999999999998,0.8331620263312456
-0.4051499999999999,0.8328262076058512
-0.4051,0.8328262076058512
-0.4050500000000001,0.8328262076058512
-0.4049999999999998,0.8328262076058512
-0.4049499999999999,0.8328262076058512
-0.4049,0.833162026331248
-0.4048500000000002,0.833162026331248
-0.4047999999999998,0.833162026331248
-0.4047499999999999,0.833162026331248
-0.4047000000000001,0.8328262076058512
-0.4046500000000002,0.833162026331248
-0.4045999999999998,0.833162026331248
-0.40455,0.8328262076058512
-0.4045000000000001,0.8328262076058512
-0.4044500000000002,0.8328262076058512
-0.4043999999999999,0.8328262076058512
-0.40435,0.8328262076058512
-0.4043000000000001,0.8328262076058512
-0.4042500000000002,0.8331620263312456
-0.4041999999999999,0.8328262076058512
-0.40415,0.8328262076058512
-0.4041000000000001,0.8328262076058512
-0.4040499999999998,0.8328262076058512
-0.4039999999999999,0.8328262076058512
-0.40395,0.833162026331248
-0.4039000000000001,0.8328262076058512
-0.4038499999999998,0.8328262076058512
-0.4037999999999999,0.833162026331248
-0.4037500000000001,0.833162026331248
-0.4037000000000002,0.8328262076058512
-0.4036499999999998,0.8328262076058512
-0.4036,0.8328262076058512
-0.4035500000000001,0.833162026331248
-0.4035000000000002,0.8328262076058537
-0.4034499999999999,0.8328262076058512
-0.4034,0.8328262076058512
-0.4033500000000001,0.8328262076058512
-0.4033000000000002,0.8331620263312456
-0.4032499999999999,0.833162026331248
-0.4032,0.833162026331248
-0.4031500000000001,0.833162026331248
-0.4030999999999998,0.8331620263312456
-0.4030499999999999,0.8328262076058512
-0.403,0.8328262076058512
-0.4029500000000001,0.8328262076058512
-0.4028999999999998,0.8328262076058512
-0.4028499999999999,0.8328262076058512
-0.4028,0.8328262076058512
-0.4027500000000002,0.8328262076058512
-0.4026999999999998,0.8328262076058512
-0.40265,0.8328262076058512
-0.4026000000000001,0.833162026331248
-0.4025500000000002,0.8328262076058537
-0.4024999999999999,0.8328262076058512
-0.40245,0.8328262076058512
-0.4024000000000001,0.8328262076058512
-0.4023500000000002,0.8328262076058512
-0.4022999999999999,0.8328262076058512
-0.40225,0.8328262076058512
-0.4022000000000001,0.8328262076058512
-0.4021499999999998,0.8328262076058512
-0.4020999999999999,0.8328262076058512
-0.40205,0.833162026331248
-0.4020000000000001,0.8328262076058512
-0.4019499999999998,0.8331620263312456
-0.4018999999999999,0.8328262076058512
-0.40185,0.8328262076058512
-0.4018000000000002,0.8328262076058512
-0.4017499999999998,0.8328262076058512
-0.4016999999999999,0.8328262076058512
-0.4016500000000001,0.8328262076058512
-0.4016000000000002,0.8328262076058512
-0.4015499999999999,0.8328262076058512
-0.4015,0.8328262076058512
-0.4014500000000001,0.833162026331248
-0.4014000000000002,0.833162026331248
-0.4013499999999999,0.8328262076058512
-0.4013,0.8328262076058512
-0.4012500000000001,0.8328262076058512
-0.4011999999999998,0.8328262076058512
-0.4011499999999999,0.8328262076058512
-0.4011,0.8328262076058512
-0.4010500000000001,0.8328262076058512
-0.4009999999999998,0.8328262076058512
-0.4009499999999999,0.8328262076058512
-0.4009,0.8328262076058512
-0.4008500000000002,0.833162026331248
-0.4007999999999998,0.8328262076058512
-0.4007499999999999,0.8328262076058512
-0.4007000000000001,0.8328262076058512
-0.4006500000000002,0.8328262076058512
-0.4005999999999998,0.8328262076058512
-0.40055,0.8328262076058512
-0.4005000000000001,0.8328262076058512
-0.4004500000000002,0.8328262076058512
-0.4003999999999999,0.8328262076058512
-0.40035,0.8328262076058512
-0.4003000000000001,0.8328262076058512
-0.4002500000000002,0.8328262076058512
-0.4001999999999999,0.8328262076058512
-0.40015,0.8328262076058512
-0.4001000000000001,0.8328262076058512
-0.4000499999999998,0.8328262076058512
-0.3999999999999999,0.8328262076058512
-0.39995,0.8328262076058512
-0.3999000000000001,0.8328262076058512
-0.3998499999999998,0.8328262076058512
-0.3997999999999999,0.8328262076058512
-0.39975,0.8328262076058512
-0.3997000000000002,0.8328262076058512
-0.3996499999999998,0.8328262076058512
-0.3996,0.8328262076058512
-0.3995500000000001,0.8328262076058512
-0.3995000000000002,0.8328262076058512
-0.3994499999999999,0.8328262076058512
-0.3994,0.8328262076058512
-0.3993500000000001,0.8328262076058512
-0.3993000000000002,0.8328262076058512
-0.3992499999999999,0.8328262076058512
-0.3992,0.8328262076058512
-0.3991500000000001,0.8328262076058512
-0.3990999999999998,0.8328262076058512
-0.3990499999999999,0.8328262076058512
-0.399,0.8328262076058512
-0.3989500000000001,0.8328262076058512
-0.3988999999999998,0.8328262076058537
-0.3988499999999999,0.833162026331248
-0.3988,0.8328262076058512
-0.3987500000000002,0.8328262076058512
-0.3986999999999998,0.8328262076058512
-0.3986499999999999,0.8328262076058512
-0.3986000000000001,0.8328262076058512
-0.3985500000000002,0.8328262076058512
-0.3984999999999999,0.8328262076058512
-0.39845,0.8328262076058512
-0.3984000000000001,0.8328262076058512
-0.3983500000000002,0.8328262076058512
-0.3982999999999999,0.8328262076058512
-0.39825,0.8328262076058512
-0.3982000000000001,0.8328262076058512
-0.3981499999999998,0.8328262076058512
-0.3980999999999999,0.8328262076058512
-0.39805,0.8328262076058512
-0.3980000000000001,0.8328262076058512
-0.3979499999999998,0.8328262076058512
-0.3978999999999999,0.8328262076058512
-0.39785,0.8328262076058512
-0.3978000000000002,0.8328262076058512
-0.3977499999999998,0.8328262076058512
-0.3976999999999999,0.8328262076058512
-0.3976500000000001,0.8324903888804545
-0.3976000000000002,0.8328262076058512
-0.3975499999999998,0.8328262076058512
-0.3975,0.8328262076058512
-0.3974500000000001,0.8328262076058512
-0.3974000000000002,0.8324903888804569
-0.3973499999999999,0.8324903888804545
-0.3973,0.8328262076058512
-0.3972500000000001,0.8324903888804545
-0.3972000000000002,0.8324903888804545
-0.3971499999999999,0.8324903888804545
-0.3971,0.8324903888804545
-0.3970500000000001,0.8328262076058512
-0.3969999999999998,0.8328262076058488
-0.3969499999999999,0.8324903888804545
-0.3969,0.8324903888804545
-0.3968500000000001,0.8324903888804545
-0.3967999999999998,0.8324903888804545
-0.3967499999999999,0.8328262076058512
-0.3967000000000001,0.8324903888804545
-0.3966500000000002,0.8328262076058512
-0.3965999999999998,0.8328262076058512
-0.39655,0.8328262076058512
-0.3965000000000001,0.8324903888804545
-0.3964500000000002,0.8328262076058488
-0.3963999999999999,0.8328262076058512
-0.39635,0.8324903888804545
-0.3963000000000001,0.8324903888804545
-0.3962500000000002,0.8328262076058488
-0.3961999999999999,0.8328262076058512
-0.39615,0.8324903888804545
-0.3961000000000001,0.8324903888804545
-0.3960499999999998,0.8324903888804545
-0.3959999999999999,0.8324903888804545
-0.39595,0.8324903888804545
-0.3959000000000001,0.8324903888804545
-0.3958499999999998,0.8324903888804569
-0.3957999999999999,0.8328262076058512
-0.39575,0.8324903888804545
-0.3957000000000002,0.8324903888804545
-0.3956499999999998,0.8324903888804545
-0.3956,0.8324903888804545
-0.3955500000000001,0.8324903888804545
-0.3955000000000002,0.8324903888804545
-0.3954499999999999,0.8324903888804545
-0.3954,0.8324903888804545
-0.3953500000000001,0.8324903888804545
-0.3953000000000002,0.8324903888804545
-0.3952499999999999,0.8324903888804545
-0.3952,0.8324903888804545
-0.3951500000000001,0.8324903888804545
-0.3950999999999998,0.8324903888804545
-0.3950499999999999,0.8324903888804545
-0.395,0.8324903888804545
-0.3949500000000001,0.8324903888804545
-0.3948999999999998,0.8324903888804545
-0.3948499999999999,0.8324903888804545
-0.3948,0.8324903888804545
-0.3947500000000002,0.8324903888804545
-0.3946999999999998,0.8324903888804545
-0.3946499999999999,0.8324903888804545
-0.3946000000000001,0.8324903888804545
-0.3945500000000002,0.8324903888804545
-0.3944999999999999,0.8324903888804545
-0.39445,0.8324903888804545
-0.3944000000000001,0.8324903888804545
-0.3943500000000002,0.8328262076058488
-0.3942999999999999,0.8324903888804545
-0.39425,0.8324903888804545
-0.3942000000000001,0.8328262076058512
-0.3941499999999998,0.8324903888804545
-0.3940999999999999,0.8324903888804545
-0.39405,0.8324903888804545
-0.3940000000000001,0.8324903888804545
-0.3939499999999998,0.8324903888804545
-0.3938999999999999,0.8324903888804545
-0.39385,0.8324903888804545
-0.3938000000000001,0.8328262076058512
-0.3937499999999998,0.8324903888804545
-0.3936999999999999,0.8328262076058512
-0.3936500000000001,0.8328262076058512
-0.3936000000000002,0.8328262076058512
-0.3935499999999998,0.8328262076058512
-0.3935,0.8328262076058512
-0.3934500000000001,0.8328262076058512
-0.3934000000000002,0.8328262076058512
-0.3933499999999999,0.8324903888804545
-0.3933,0.8324903888804545
-0.3932500000000001,0.8328262076058512
-0.3932000000000002,0.8328262076058512
-0.3931499999999999,0.8328262076058512
-0.3931,0.8328262076058512
-0.3930500000000001,0.8328262076058512
-0.3929999999999998,0.8328262076058512
-0.3929499999999999,0.8328262076058512
-0.3929,0.8328262076058512
-0.3928500000000001,0.8328262076058512
-0.3927999999999998,0.8324903888804569
-0.3927499999999999,0.8328262076058512
-0.3927,0.8328262076058512
-0.3926500000000002,0.8328262076058512
-0.3925999999999998,0.8328262076058512
-0.39255,0.8328262076058512
-0.3925000000000001,0.8328262076058512
-0.3924500000000002,0.8328262076058512
-0.3923999999999999,0.8328262076058512
-0.39235,0.8328262076058512
-0.3923000000000001,0.8328262076058512
-0.3922500000000002,0.8328262076058512
-0.3921999999999999,0.8328262076058512
-0.39215,0.8328262076058512
-0.3921000000000001,0.8328262076058512
-0.3920499999999998,0.8328262076058512
-0.3919999999999999,0.8328262076058512
-0.39195,0.8328262076058512
-0.3919000000000001,0.8328262076058512
-0.3918499999999998,0.8328262076058512
-0.3917999999999999,0.8328262076058512
-0.39175,0.8328262076058512
-0.3917000000000002,0.8328262076058512
-0.3916499999999998,0.8328262076058512
-0.3915999999999999,0.8328262076058512
-0.3915500000000001,0.8328262076058512
-0.3915000000000002,0.8328262076058512
-0.3914499999999999,0.8328262076058512
-0.3914,0.8328262076058512
-0.3913500000000001,0.8328262076058512
-0.3913000000000002,0.8331620263312456
-0.3912499999999999,0.833162026331248
-0.3912,0.8328262076058512
-0.3911500000000001,0.8328262076058512
-0.3910999999999998,0.8328262076058512
-0.3910499999999999,0.8328262076058512
-0.391,0.8328262076058512
-0.3909500000000001,0.8328262076058512
-0.3908999999999998,0.8328262076058537
-0.3908499999999999,0.833162026331248
-0.3908,0.833162026331248
-0.3907500000000002,0.833162026331248
-0.3906999999999998,0.833162026331248
-0.3906499999999999,0.833162026331248
-0.3906000000000001,0.833162026331248
-0.3905500000000002,0.833162026331248
-0.3904999999999998,0.833162026331248
-0.39045,0.833162026331248
-0.3904000000000001,0.833162026331248
-0.3903500000000002,0.833162026331248
-0.3902999999999999,0.833162026331248
-0.39025,0.833162026331248
-0.3902000000000001,0.833162026331248
-0.3901500000000002,0.833162026331248
-0.3900999999999999,0.833162026331248
-0.39005,0.833162026331248
-0.3900000000000001,0.8334978450566448
-0.3899499999999998,0.8334978450566424
-0.3898999999999999,0.833162026331248
-0.38985,0.833162026331248
-0.3898000000000001,0.8334978450566448
-0.3897499999999998,0.833162026331248
-0.3896999999999999,0.833162026331248
-0.3896500000000001,0.833162026331248
-0.3896000000000002,0.833162026331248
-0.3895499999999998,0.833162026331248
-0.3895,0.833162026331248
-0.3894500000000001,0.8328262076058512
-0.3894000000000002,0.8331620263312456
-0.3893499999999999,0.833162026331248
-0.3893,0.833162026331248
-0.3892500000000001,0.833162026331248
-0.3892000000000002,0.833162026331248
-0.3891499999999999,0.833162026331248
-0.3891,0.833162026331248
-0.3890500000000001,0.833162026331248
-0.3889999999999998,0.833162026331248
-0.3889499999999999,0.833162026331248
-0.3889,0.833162026331248
-0.3888500000000001,0.833162026331248
-0.3887999999999998,0.833162026331248
-0.3887499999999999,0.833162026331248
-0.3887,0.8334978450566448
-0.3886500000000002,0.833162026331248
-0.3885999999999998,0.833162026331248
-0.38855,0.833162026331248
-0.3885000000000001,0.833162026331248
-0.3884500000000002,0.833162026331248
-0.3883999999999999,0.833162026331248
-0.38835,0.833162026331248
-0.3883000000000001,0.833162026331248
-0.3882500000000002,0.833162026331248
-0.3881999999999999,0.833162026331248
-0.38815,0.833162026331248
-0.3881000000000001,0.833162026331248
-0.3880499999999998,0.833162026331248
-0.3879999999999999,0.833162026331248
-0.38795,0.833162026331248
-0.3879000000000001,0.833162026331248
-0.3878499999999998,0.8331620263312505
-0.3877999999999999,0.8334978450566448
-0.38775,0.8334978450566448
-0.3877000000000002,0.833162026331248
-0.3876499999999998,0.8334978450566448
-0.3875999999999999,0.8334978450566448
-0.3875500000000001,0.8334978450566448
-0.3875000000000002,0.833162026331248
-0.3874499999999999,0.8334978450566448
-0.3874,0.8334978450566448
-0.3873500000000001,0.8334978450566448
-0.3873000000000002,0.8331620263312505
-0.3872499999999999,0.833162026331248
-0.3872,0.833162026331248
-0.3871500000000001,0.8334978450566448
-0.3871000000000002,0.8331620263312505
-0.3870499999999999,0.833162026331248
-0.387,0.833162026331248
-0.3869500000000001,0.8334978450566448
-0.3868999999999998,0.8334978450566448
-0.3868499999999999,0.8334978450566448
-0.3868,0.833162026331248
-0.3867500000000001,0.833162026331248
-0.3866999999999998,0.833162026331248
-0.3866499999999999,0.833162026331248
-0.3866000000000001,0.8334978450566448
-0.3865500000000002,0.8334978450566448
-0.3864999999999998,0.833162026331248
-0.38645,0.833162026331248
-0.3864000000000001,0.833162026331248
-0.3863500000000002,0.833162026331248
-0.3862999999999999,0.833162026331248
-0.38625,0.833162026331248
-0.3862000000000001,0.833162026331248
-0.3861500000000002,0.833162026331248
-0.3860999999999999,0.833162026331248
-0.38605,0.833162026331248
-0.3860000000000001,0.833162026331248
-0.3859499999999998,0.833162026331248
-0.3858999999999999,0.833162026331248
-0.38585,0.833162026331248
-0.3858000000000001,0.833162026331248
-0.3857499999999998,0.8331620263312456
-0.3856999999999999,0.8328262076058512
-0.38565,0.8328262076058512
-0.3856000000000002,0.8328262076058512
-0.3855499999999998,0.8328262076058512
-0.3855,0.8328262076058512
-0.3854500000000001,0.8328262076058512
-0.3854000000000002,0.8328262076058512
-0.3853499999999999,0.833162026331248
-0.3853,0.8328262076058512
-0.3852500000000001,0.8328262076058512
-0.3852000000000002,0.8331620263312456
-0.3851499999999999,0.8328262076058512
-0.3851,0.833162026331248
-0.3850500000000001,0.833162026331248
-0.3849999999999998,0.8328262076058537
-0.3849499999999999,0.833162026331248
-0.3849,0.8328262076058512
-0.3848500000000001,0.833162026331248
-0.3847999999999998,0.833162026331248
-0.3847499999999999,0.833162026331248
-0.3847,0.833162026331248
-0.3846500000000002,0.8328262076058512
-0.3845999999999998,0.8328262076058512
-0.3845499999999999,0.8328262076058512
-0.3845000000000001,0.833162026331248
-0.3844500000000002,0.8328262076058512
-0.3843999999999999,0.8328262076058512
-0.38435,0.833162026331248
-0.3843000000000001,0.8328262076058512
-0.3842500000000002,0.8328262076058512
-0.3841999999999999,0.8328262076058512
-0.38415,0.8328262076058512
-0.3841000000000001,0.833162026331248
-0.3840499999999998,0.833162026331248
-0.3839999999999999,0.833162026331248
-0.38395,0.833162026331248
-0.3839000000000001,0.833162026331248
-0.3838499999999998,0.833162026331248
-0.3837999999999999,0.833162026331248
-0.38375,0.833162026331248
-0.3837000000000002,0.833162026331248
-0.3836499999999998,0.833162026331248
-0.3835999999999999,0.833162026331248
-0.3835500000000001,0.8328262076058512
-0.3835000000000002,0.8328262076058512
-0.3834499999999998,0.8328262076058512
-0.3834,0.833162026331248
-0.3833500000000001,0.833162026331248
-0.3833000000000002,0.8328262076058537
-0.3832499999999999,0.8328262076058512
-0.3832,0.833162026331248
-0.3831500000000001,0.833162026331248
-0.3831000000000002,0.833162026331248
-0.3830499999999999,0.8328262076058512
-0.383,0.833162026331248
-0.3829500000000001,0.8328262076058512
-0.3828999999999998,0.833162026331248
-0.3828499999999999,0.833162026331248
-0.3828,0.8328262076058512
-0.3827500000000001,0.833162026331248
-0.3826999999999998,0.833162026331248
-0.3826499999999999,0.833162026331248
-0.3826000000000001,0.833162026331248
-0.3825500000000002,0.8328262076058512
-0.3824999999999998,0.833162026331248
-0.38245,0.833162026331248
-0.3824000000000001,0.8328262076058512
-0.3823500000000002,0.8331620263312456
-0.3822999999999999,0.8328262076058512
-0.38225,0.833162026331248
-0.3822000000000001,0.833162026331248
-0.3821500000000002,0.833162026331248
-0.3820999999999999,0.833162026331248
-0.38205,0.833162026331248
-0.3820000000000001,0.833162026331248
-0.3819499999999998,0.833162026331248
-0.3818999999999999,0.833162026331248
-0.38185,0.833162026331248
-0.3818000000000001,0.833162026331248
-0.3817499999999998,0.833162026331248
-0.3816999999999999,0.833162026331248
-0.38165,0.833162026331248
-0.3816000000000002,0.833162026331248
-0.3815499999999998,0.833162026331248
-0.3815,0.8328262076058512
-0.3814500000000001,0.8328262076058512
-0.3814000000000002,0.8331620263312456
-0.3813499999999999,0.8328262076058512
-0.3813,0.8328262076058512
-0.3812500000000001,0.8328262076058512
-0.3812000000000002,0.8331620263312456
-0.3811499999999999,0.833162026331248
-0.3811,0.8328262076058512
-0.3810500000000001,0.833162026331248
-0.3809999999999998,0.8328262076058537
-0.3809499999999999,0.833162026331248
-0.3809,0.833162026331248
-0.3808500000000001,0.833162026331248
-0.3807999999999998,0.833162026331248
-0.3807499999999999,0.833162026331248
-0.3807,0.8328262076058512
-0.3806500000000002,0.833162026331248
-0.3805999999999998,0.833162026331248
-0.3805499999999999,0.833162026331248
-0.3805000000000001,0.833162026331248
-0.3804500000000002,0.833162026331248
-0.3803999999999998,0.833162026331248
-0.38035,0.8328262076058512
-0.3803000000000001,0.833162026331248
-0.3802500000000002,0.8328262076058537
-0.3801999999999999,0.833162026331248
-0.38015,0.833162026331248
-0.3801000000000001,0.833162026331248
-0.3800500000000002,0.833162026331248
-0.3799999999999999,0.833162026331248
-0.37995,0.833162026331248
-0.3799000000000001,0.8328262076058512
-0.3798499999999998,0.8328262076058512
-0.3797999999999999,0.8328262076058512
-0.37975,0.8328262076058512
-0.3797000000000001,0.8328262076058512
-0.3796499999999998,0.8328262076058512
-0.3795999999999999,0.833162026331248
-0.3795500000000001,0.833162026331248
-0.3795000000000002,0.833162026331248
-0.3794499999999998,0.8328262076058512
-0.3794,0.8328262076058512
-0.3793500000000001,0.8328262076058512
-0.3793000000000002,0.8328262076058512
-0.3792499999999999,0.8328262076058512
-0.3792,0.8328262076058512
-0.3791500000000001,0.8328262076058512
-0.3791000000000002,0.8328262076058512
-0.3790499999999999,0.8328262076058512
-0.379,0.833162026331248
-0.3789500000000001,0.8328262076058512
-0.3788999999999998,0.8328262076058537
-0.3788499999999999,0.833162026331248
-0.3788,0.833162026331248
-0.3787500000000001,0.833162026331248
-0.3786999999999998,0.833162026331248
-0.3786499999999999,0.833162026331248
-0.3786,0.833162026331248
-0.3785500000000002,0.833162026331248
-0.3784999999999998,0.833162026331248
-0.37845,0.833162026331248
-0.3784000000000001,0.833162026331248
-0.3783500000000002,0.833162026331248
-0.3782999999999999,0.833162026331248
-0.37825,0.833162026331248
-0.3782000000000001,0.833162026331248
-0.3781500000000002,0.833162026331248
-0.3780999999999999,0.833162026331248
-0.37805,0.833162026331248
-0.3780000000000001,0.833162026331248
-0.3779499999999998,0.8328262076058537
-0.3778999999999999,0.833162026331248
-0.37785,0.833162026331248
-0.3778000000000001,0.8328262076058512
-0.3777499999999998,0.8328262076058512
-0.3776999999999999,0.8328262076058512
-0.37765,0.8328262076058512
-0.3776000000000002,0.8328262076058512
-0.3775499999999998,0.8328262076058512
-0.3774999999999999,0.8328262076058512
-0.3774500000000001,0.8328262076058512
-0.3774000000000002,0.8328262076058512
-0.3773499999999999,0.8328262076058512
-0.3773,0.8324903888804545
-0.3772500000000001,0.8324903888804545
-0.3772000000000002,0.8328262076058488
-0.3771499999999999,0.8324903888804545
-0.3771,0.8324903888804545
-0.3770500000000001,0.8324903888804545
-0.3769999999999998,0.8324903888804569
-0.3769499999999999,0.8328262076058512
-0.3769,0.8328262076058512
-0.3768500000000001,0.8328262076058512
-0.3767999999999998,0.8324903888804545
-0.3767499999999999,0.8324903888804545
-0.3767,0.8328262076058512
-0.3766500000000002,0.8328262076058512
-0.3765999999999998,0.8324903888804545
-0.3765499999999999,0.8328262076058512
-0.3765000000000001,0.8328262076058512
-0.3764500000000002,0.8328262076058512
-0.3763999999999998,0.8324903888804545
-0.37635,0.8324903888804545
-0.3763000000000001,0.8328262076058512
-0.3762500000000002,0.8328262076058512
-0.3761999999999999,0.8328262076058512
-0.37615,0.8324903888804545
-0.3761000000000001,0.8324903888804545
-0.3760500000000002,0.8324903888804545
-0.3759999999999999,0.8324903888804545
-0.37595,0.8324903888804545
-0.3759000000000001,0.8324903888804545
-0.3758499999999998,0.8324903888804545
-0.3757999999999999,0.8324903888804545
-0.37575,0.8324903888804545
-0.3757000000000001,0.8324903888804545
-0.3756499999999998,0.8324903888804545
-0.3755999999999999,0.8324903888804545
-0.3755500000000001,0.8324903888804545
-0.3755000000000002,0.8324903888804545
-0.3754499999999998,0.8324903888804545
-0.3754,0.8324903888804545
-0.3753500000000001,0.8324903888804545
-0.3753000000000002,0.8324903888804545
-0.3752499999999999,0.8324903888804545
-0.3752,0.8328262076058512
-0.3751500000000001,0.8328262076058512
-0.3751000000000002,0.8328262076058512
-0.3750499999999999,0.8328262076058512
-0.375,0.8324903888804545
-0.3749500000000001,0.8328262076058512
-0.3748999999999998,0.8328262076058488
-0.3748499999999999,0.8324903888804545
-0.3748,0.8324903888804545
-0.3747500000000001,0.8324903888804545
-0.3746999999999998,0.8324903888804545
-0.3746499999999999,0.8324903888804545
-0.3746,0.8328262076058512
-0.3745500000000002,0.8324903888804545
-0.3744999999999998,0.8328262076058512
-0.3744499999999999,0.8324903888804545
-0.3744000000000001,0.8328262076058512
-0.3743500000000002,0.8324903888804569
-0.3742999999999999,0.8324903888804545
-0.37425,0.8324903888804545
-0.3742000000000001,0.8324903888804545
-0.3741500000000002,0.8324903888804545
-0.3740999999999999,0.8324903888804545
-0.37405,0.8324903888804545
-0.3740000000000001,0.8324903888804545
-0.3739499999999998,0.8324903888804569
-0.3738999999999999,0.8328262076058512
-0.37385,0.8328262076058512
-0.3738000000000001,0.8324903888804545
-0.3737499999999998,0.8324903888804545
-0.3736999999999999,0.8324903888804545
-0.37365,0.8324903888804545
-0.3736000000000002,0.8324903888804545
-0.3735499999999998,0.8328262076058512
-0.3734999999999999,0.8328262076058512
-0.3734500000000001,0.8328262076058512
-0.3734000000000002,0.8324903888804545
-0.3733499999999998,0.8324903888804545
-0.3733,0.8324903888804545
-0.3732500000000001,0.8324903888804545
-0.3732000000000002,0.8324903888804545
-0.3731499999999999,0.8324903888804545
-0.3731,0.8324903888804545
-0.3730500000000001,0.8324903888804545
-0.3730000000000002,0.8328262076058488
-0.3729499999999999,0.8328262076058512
-0.3729,0.8328262076058512
-0.3728500000000001,0.8328262076058512
-0.3727999999999998,0.8328262076058512
-0.3727499999999999,0.8328262076058512
-0.3727,0.8328262076058512
-0.3726500000000001,0.8328262076058512
-0.3725999999999998,0.8328262076058512
-0.3725499999999999,0.8328262076058512
-0.3725000000000001,0.8328262076058512
-0.3724500000000002,0.8328262076058512
-0.3723999999999998,0.8328262076058512
-0.37235,0.8328262076058512
-0.3723000000000001,0.8328262076058512
-0.3722500000000002,0.8328262076058512
-0.3721999999999999,0.8328262076058512
-0.37215,0.8328262076058512
-0.3721000000000001,0.833162026331248
-0.3720500000000002,0.833162026331248
-0.3719999999999999,0.8328262076058512
-0.37195,0.833162026331248
-0.3719000000000001,0.8328262076058512
-0.3718499999999998,0.8328262076058512
-0.3717999999999999,0.8328262076058512
-0.37175,0.8328262076058512
-0.3717000000000001,0.833162026331248
-0.3716499999999998,0.8328262076058537
-0.3715999999999999,0.833162026331248
-0.37155,0.8328262076058512
-0.3715000000000002,0.8328262076058512
-0.3714499999999998,0.8328262076058512
-0.3714,0.8328262076058512
-0.3713500000000001,0.8328262076058512
-0.3713000000000002,0.8328262076058512
-0.3712499999999999,0.833162026331248
-0.3712,0.8328262076058512
-0.3711500000000001,0.8328262076058512
-0.3711000000000002,0.8331620263312456
-0.3710499999999999,0.833162026331248
-0.371,0.833162026331248
-0.3709500000000001,0.833162026331248
-0.3708999999999998,0.833162026331248
-0.3708499999999999,0.833162026331248
-0.3708,0.833162026331248
-0.3707500000000001,0.833162026331248
-0.3706999999999998,0.8334978450566424
-0.3706499999999999,0.833162026331248
-0.3706,0.8334978450566448
-0.3705500000000002,0.833162026331248
-0.3704999999999998,0.833162026331248
-0.3704499999999999,0.833162026331248
-0.3704000000000001,0.833162026331248
-0.3703500000000002,0.833162026331248
-0.3702999999999999,0.833162026331248
-0.37025,0.833162026331248
-0.3702000000000001,0.833162026331248
-0.3701500000000002,0.833162026331248
-0.3700999999999999,0.833162026331248
-0.37005,0.833162026331248
-0.3700000000000001,0.833162026331248
-0.3699499999999998,0.833162026331248
-0.3698999999999999,0.833162026331248
-0.36985,0.833162026331248
-0.3698000000000001,0.8334978450566448
-0.3697499999999998,0.8334978450566424
-0.3696999999999999,0.833162026331248
-0.36965,0.8334978450566448
-0.3696000000000002,0.833162026331248
-0.3695499999999998,0.833162026331248
-0.3694999999999999,0.833162026331248
-0.3694500000000001,0.833162026331248
-0.3694000000000002,0.833162026331248
-0.3693499999999998,0.833162026331248
-0.3693,0.833162026331248
-0.3692500000000001,0.833162026331248
-0.3692000000000002,0.8334978450566424
-0.3691499999999999,0.833162026331248
-0.3691,0.8334978450566448
-0.3690500000000001,0.833162026331248
-0.3690000000000002,0.833162026331248
-0.3689499999999999,0.833162026331248
-0.3689,0.833162026331248
-0.3688500000000001,0.833162026331248
-0.3687999999999998,0.833162026331248
-0.3687499999999999,0.833162026331248
-0.3687,0.833162026331248
-0.3686500000000001,0.833162026331248
-0.3685999999999998,0.8331620263312505
-0.3685499999999999,0.8334978450566448
-0.3685,0.833162026331248
-0.3684500000000002,0.833162026331248
-0.3683999999999998,0.833162026331248
-0.36835,0.833162026331248
-0.3683000000000001,0.833162026331248
-0.3682500000000002,0.833162026331248
-0.3681999999999999,0.833162026331248
-0.36815,0.833162026331248
-0.3681000000000001,0.833162026331248
-0.3680500000000002,0.833162026331248
-0.3679999999999999,0.833162026331248
-0.36795,0.833162026331248
-0.3679000000000001,0.833162026331248
-0.3678499999999998,0.833162026331248
-0.3677999999999999,0.833162026331248
-0.36775,0.833162026331248
-0.3677000000000001,0.833162026331248
-0.3676499999999998,0.8334978450566424
-0.3675999999999999,0.833162026331248
-0.36755,0.8334978450566448
-0.3675000000000002,0.833162026331248
-0.3674499999999998,0.8334978450566448
-0.3673999999999999,0.8334978450566448
-0.3673500000000001,0.8334978450566448
-0.3673000000000002,0.8334978450566448
-0.3672499999999999,0.8334978450566448
-0.3672,0.8334978450566448
-0.3671500000000001,0.8334978450566448
-0.3671000000000002,0.8334978450566448
-0.3670499999999999,0.8334978450566448
-0.367,0.8334978450566448
-0.3669500000000001,0.8334978450566448
-0.3668999999999998,0.8334978450566424
-0.3668499999999999,0.833162026331248
-0.3668,0.8334978450566448
-0.3667500000000001,0.833162026331248
-0.3666999999999998,0.833162026331248
-0.3666499999999999,0.833162026331248
-0.3666,0.8334978450566448
-0.3665500000000002,0.8334978450566448
-0.3664999999999998,0.833162026331248
-0.3664499999999999,0.833162026331248
-0.3664000000000001,0.833162026331248
-0.3663500000000002,0.8328262076058512
-0.3662999999999998,0.833162026331248
-0.36625,0.833162026331248
-0.3662000000000001,0.833162026331248
-0.3661500000000002,0.833162026331248
-0.3660999999999999,0.833162026331248
-0.36605,0.8328262076058512
-0.3660000000000001,0.833162026331248
-0.3659500000000002,0.833162026331248
-0.3658999999999999,0.833162026331248
-0.36585,0.833162026331248
-0.3658000000000001,0.833162026331248
-0.3657499999999998,0.833162026331248
-0.3656999999999999,0.833162026331248
-0.36565,0.833162026331248
-0.3656000000000001,0.833162026331248
-0.3655499999999998,0.833162026331248
-0.3654999999999999,0.8328262076058512
-0.3654500000000001,0.8328262076058512
-0.3654000000000002,0.8328262076058512
-0.3653499999999998,0.8328262076058512
-0.3653,0.833162026331248
-0.3652500000000001,0.833162026331248
-0.3652000000000002,0.8328262076058537
-0.3651499999999999,0.8328262076058512
-0.3651,0.8328262076058512
-0.3650500000000001,0.8328262076058512
-0.3650000000000002,0.8328262076058512
-0.3649499999999999,0.8328262076058512
-0.3649,0.8328262076058512
-0.3648500000000001,0.8328262076058512
-0.3647999999999998,0.833162026331248
-0.3647499999999999,0.833162026331248
-0.3647,0.833162026331248
-0.3646500000000001,0.833162026331248
-0.3645999999999998,0.833162026331248
-0.3645499999999999,0.833162026331248
-0.3645,0.833162026331248
-0.3644500000000002,0.833162026331248
-0.3643999999999998,0.833162026331248
-0.36435,0.833162026331248
-0.3643000000000001,0.833162026331248
-0.3642500000000002,0.8328262076058537
-0.3641999999999999,0.8328262076058512
-0.36415,0.8328262076058512
-0.3641000000000001,0.8328262076058512
-0.3640500000000002,0.8328262076058512
-0.3639999999999999,0.8328262076058512
-0.36395,0.8328262076058512
-0.3639000000000001,0.8328262076058512
-0.3638499999999998,0.8328262076058512
-0.3637999999999999,0.8328262076058512
-0.36375,0.833162026331248
-0.3637000000000001,0.8328262076058512
-0.3636499999999998,0.8331620263312456
-0.3635999999999999,0.8328262076058512
-0.36355,0.8328262076058512
-0.3635000000000002,0.833162026331248
-0.3634499999999998,0.8328262076058512
-0.3633999999999999,0.8328262076058512
-0.3633500000000001,0.833162026331248
-0.3633000000000002,0.833162026331248
-0.3632499999999999,0.833162026331248
-0.3632,0.8328262076058512
-0.3631500000000001,0.8328262076058512
-0.3631000000000002,0.8331620263312456
-0.3630499999999999,0.833162026331248
-0.363,0.833162026331248
-0.3629500000000001,0.833162026331248
-0.3628999999999998,0.833162026331248
-0.3628499999999999,0.833162026331248
-0.3628,0.833162026331248
-0.3627500000000001,0.833162026331248
-0.3626999999999998,0.8328262076058512
-0.3626499999999999,0.8328262076058512
-0.3626,0.833162026331248
-0.3625500000000001,0.833162026331248
-0.3624999999999998,0.833162026331248
-0.3624499999999999,0.833162026331248
-0.3624000000000001,0.833162026331248
-0.3623500000000002,0.833162026331248
-0.3622999999999998,0.833162026331248
-0.36225,0.833162026331248
-0.3622000000000001,0.833162026331248
-0.3621500000000002,0.833162026331248
-0.3620999999999999,0.833162026331248
-0.36205,0.833162026331248
-0.3620000000000001,0.833162026331248
-0.3619500000000002,0.833162026331248
-0.3618999999999999,0.8328262076058512
-0.36185,0.8328262076058512
-0.3618000000000001,0.8328262076058512
-0.3617499999999998,0.8328262076058512
-0.3616999999999999,0.8328262076058512
-0.36165,0.8328262076058512
-0.3616000000000001,0.833162026331248
-0.3615499999999998,0.833162026331248
-0.3614999999999999,0.833162026331248
-0.36145,0.8328262076058512
-0.3614000000000002,0.8328262076058512
-0.3613499999999998,0.8328262076058512
-0.3613,0.8328262076058512
-0.3612500000000001,0.8328262076058512
-0.3612000000000002,0.8328262076058512
-0.3611499999999999,0.8328262076058512
-0.3611,0.8328262076058512
-0.3610500000000001,0.8328262076058512
-0.3610000000000002,0.8328262076058512
-0.3609499999999999,0.8328262076058512
-0.3609,0.833162026331248
-0.3608500000000001,0.833162026331248
-0.3607999999999998,0.833162026331248
-0.3607499999999999,0.833162026331248
-0.3607,0.833162026331248
-0.3606500000000001,0.833162026331248
-0.3605999999999998,0.833162026331248
-0.3605499999999999,0.833162026331248
-0.3605,0.8328262076058512
-0.3604500000000002,0.8328262076058512
-0.3603999999999998,0.8328262076058512
-0.3603499999999999,0.8328262076058512
-0.3603000000000001,0.8328262076058512
-0.3602500000000002,0.8328262076058512
-0.3601999999999999,0.8328262076058512
-0.36015,0.8328262076058512
-0.3601000000000001,0.8328262076058512
-0.3600500000000002,0.8328262076058512
-0.3599999999999999,0.8328262076058512
-0.35995,0.8328262076058512
-0.3599000000000001,0.8328262076058512
-0.3598499999999998,0.8328262076058512
-0.3597999999999999,0.8328262076058512
-0.35975,0.8328262076058512
-0.3597000000000001,0.8328262076058512
-0.3596499999999998,0.8331620263312456
-0.3595999999999999,0.8328262076058512
-0.35955,0.8328262076058512
-0.3595000000000002,0.8328262076058512
-0.3594499999999998,0.8328262076058512
-0.3593999999999999,0.8328262076058512
-0.3593500000000001,0.8328262076058512
-0.3593000000000002,0.833162026331248
-0.3592499999999998,0.8328262076058512
-0.3592,0.8328262076058512
-0.3591500000000001,0.8328262076058512
-0.3591000000000002,0.8328262076058512
-0.3590499999999999,0.8328262076058512
-0.359,0.8328262076058512
-0.3589500000000001,0.8328262076058512
-0.3589000000000002,0.8331620263312456
-0.3588499999999999,0.8328262076058512
-0.3588,0.8328262076058512
-0.3587500000000001,0.8328262076058512
-0.3586999999999998,0.8328262076058512
-0.3586499999999999,0.8328262076058512
-0.3586,0.8328262076058512
-0.3585500000000001,0.8328262076058512
-0.3584999999999998,0.833162026331248
-0.3584499999999999,0.8328262076058512
-0.3584000000000001,0.833162026331248
-0.3583500000000002,0.8328262076058512
-0.3582999999999998,0.8328262076058512
-0.35825,0.8328262076058512
-0.3582000000000001,0.8328262076058512
-0.3581500000000002,0.8328262076058512
-0.3580999999999999,0.8328262076058512
-0.35805,0.8328262076058512
-0.3580000000000001,0.8328262076058512
-0.3579500000000002,0.8328262076058512
-0.3578999999999999,0.8328262076058512
-0.35785,0.8328262076058512
-0.3578000000000001,0.8328262076058512
-0.3577499999999998,0.8328262076058512
-0.3576999999999999,0.8328262076058512
-0.35765,0.8328262076058512
-0.3576000000000001,0.8328262076058512
-0.3575499999999998,0.8328262076058512
-0.3574999999999999,0.8328262076058512
-0.35745,0.8324903888804545
-0.3574000000000002,0.8328262076058512
-0.3573499999999998,0.8328262076058512
-0.3573,0.8324903888804545
-0.3572500000000001,0.8328262076058512
-0.3572000000000002,0.8328262076058512
-0.3571499999999999,0.8328262076058512
-0.3571,0.8328262076058512
-0.3570500000000001,0.8324903888804545
-0.3570000000000002,0.8324903888804545
-0.3569499999999999,0.8324903888804545
-0.3569,0.8324903888804545
-0.3568500000000001,0.8324903888804545
-0.3567999999999998,0.8324903888804545
-0.3567499999999999,0.8324903888804545
-0.3567,0.8328262076058512
-0.3566500000000001,0.8328262076058512
-0.3565999999999998,0.8328262076058512
-0.3565499999999999,0.8328262076058512
-0.3565,0.8324903888804545
-0.3564500000000002,0.8328262076058512
-0.3563999999999998,0.8328262076058512
-0.3563499999999999,0.8324903888804545
-0.3563000000000001,0.8324903888804545
-0.3562500000000002,0.8328262076058512
-0.3561999999999999,0.8324903888804545
-0.35615,0.8324903888804545
-0.3561000000000001,0.8324903888804545
-0.3560500000000002,0.8324903888804545
-0.3559999999999999,0.8324903888804545
-0.35595,0.8324903888804545
-0.3559000000000001,0.8324903888804545
-0.3558500000000002,0.8324903888804545
-0.3557999999999999,0.8324903888804545
-0.35575,0.8324903888804545
-0.3557000000000001,0.8324903888804545
-0.3556499999999998,0.8324903888804545
-0.3555999999999999,0.8324903888804545
-0.35555,0.8328262076058512
-0.3555000000000001,0.8324903888804545
-0.3554499999999998,0.8328262076058512
-0.3553999999999999,0.8328262076058512
-0.3553500000000001,0.8324903888804545
-0.3553000000000002,0.8324903888804545
-0.3552499999999998,0.8324903888804545
-0.3552,0.8324903888804545
-0.3551500000000001,0.8324903888804545
-0.3551000000000002,0.8328262076058488
-0.3550499999999999,0.8328262076058512
-0.355,0.8324903888804545
-0.3549500000000001,0.8328262076058512
-0.3549000000000002,0.8324903888804569
-0.3548499999999999,0.8324903888804545
-0.3548,0.8324903888804545
-0.3547500000000001,0.8324903888804545
-0.3546999999999998,0.8324903888804545
-0.3546499999999999,0.8324903888804545
-0.3546,0.8324903888804545
-0.3545500000000001,0.8324903888804545
-0.3544999999999998,0.8324903888804545
-0.3544499999999999,0.8324903888804545
-0.3544,0.8324903888804545
-0.3543500000000002,0.8324903888804545
-0.3542999999999998,0.8324903888804545
-0.35425,0.8324903888804545
-0.3542000000000001,0.8328262076058512
-0.3541500000000002,0.8324903888804569
-0.3540999999999999,0.8324903888804545
-0.35405,0.8324903888804545
-0.3540000000000001,0.8328262076058512
-0.3539500000000002,0.8328262076058512
-0.3538999999999999,0.8324903888804545
-0.35385,0.8324903888804545
-0.3538000000000001,0.8328262076058512
-0.3537499999999998,0.8324903888804545
-0.3536999999999999,0.8324903888804545
-0.35365,0.8324903888804545
-0.3536000000000001,0.8328262076058512
-0.3535499999999998,0.8324903888804569
-0.3534999999999999,0.8328262076058512
-0.35345,0.8328262076058512
-0.3534000000000002,0.8328262076058512
-0.3533499999999998,0.8328262076058512
-0.3532999999999999,0.8328262076058512
-0.3532500000000001,0.8324903888804545
-0.3532000000000002,0.8328262076058512
-0.3531499999999999,0.8328262076058512
-0.3531,0.8324903888804545
-0.3530500000000001,0.8328262076058512
-0.3530000000000002,0.8328262076058512
-0.3529499999999999,0.8324903888804545
-0.3529,0.8324903888804545
-0.3528500000000001,0.8324903888804545
-0.3527999999999998,0.8328262076058512
-0.3527499999999999,0.8328262076058512
-0.3527,0.8328262076058512
-0.3526500000000001,0.8328262076058512
-0.3525999999999998,0.8328262076058512
-0.3525499999999999,0.8328262076058512
-0.3525,0.8328262076058512
-0.3524500000000002,0.8328262076058512
-0.3523999999999998,0.8328262076058512
-0.3523499999999999,0.8328262076058512
-0.3523000000000001,0.8328262076058512
-0.3522500000000002,0.8328262076058512
-0.3521999999999998,0.8328262076058512
-0.35215,0.8328262076058512
-0.3521000000000001,0.8328262076058512
-0.3520500000000002,0.8328262076058512
-0.3519999999999999,0.8324903888804545
-0.35195,0.8328262076058512
-0.3519000000000001,0.8328262076058512
-0.3518500000000002,0.8328262076058512
-0.3517999999999999,0.8328262076058512
-0.35175,0.8328262076058512
-0.3517000000000001,0.8328262076058512
-0.3516499999999998,0.8328262076058512
-0.3515999999999999,0.8328262076058512
-0.35155,0.8328262076058512
-0.3515000000000001,0.8328262076058512
-0.3514499999999998,0.833162026331248
-0.3513999999999999,0.8328262076058512
-0.3513500000000001,0.8328262076058512
-0.3513000000000002,0.8328262076058512
-0.3512499999999998,0.8328262076058512
-0.3512,0.8328262076058512
-0.3511500000000001,0.8328262076058512
-0.3511000000000002,0.8328262076058512
-0.3510499999999999,0.8328262076058512
-0.351,0.8328262076058512
-0.3509500000000001,0.833162026331248
-0.3509000000000002,0.833162026331248
-0.3508499999999999,0.833162026331248
-0.3508,0.833162026331248
-0.3507500000000001,0.833162026331248
-0.3506999999999998,0.833162026331248
-0.3506499999999999,0.833162026331248
-0.3506,0.833162026331248
-0.3505500000000001,0.833162026331248
-0.3504999999999998,0.833162026331248
-0.3504499999999999,0.833162026331248
-0.3504,0.833162026331248
-0.3503500000000002,0.833162026331248
-0.3502999999999998,0.833162026331248
-0.35025,0.833162026331248
-0.3502000000000001,0.833162026331248
-0.3501500000000002,0.833162026331248
-0.3500999999999999,0.833162026331248
-0.35005,0.833162026331248
-0.3500000000000001,0.833162026331248
-0.3499500000000002,0.833162026331248
-0.3498999999999999,0.833162026331248
-0.34985,0.833162026331248
-0.3498000000000001,0.833162026331248
-0.3497499999999998,0.833162026331248
-0.3496999999999999,0.833162026331248
-0.34965,0.833162026331248
-0.3496000000000001,0.833162026331248
-0.3495499999999998,0.833162026331248
-0.3494999999999999,0.833162026331248
-0.34945,0.833162026331248
-0.3494000000000002,0.833162026331248
-0.3493499999999998,0.833162026331248
-0.3492999999999999,0.833162026331248
-0.3492500000000001,0.833162026331248
-0.3492000000000002,0.833162026331248
-0.3491499999999998,0.833162026331248
-0.3491,0.833162026331248
-0.3490500000000001,0.8334978450566448
-0.3490000000000002,0.8334978450566448
-0.3489499999999999,0.833162026331248
-0.3489,0.833162026331248
-0.3488500000000001,0.833162026331248
-0.3488000000000002,0.833162026331248
-0.3487499999999999,0.833162026331248
-0.3487,0.833162026331248
-0.3486500000000001,0.833162026331248
-0.3485999999999998,0.833162026331248
-0.3485499999999999,0.833162026331248
-0.3485,0.833162026331248
-0.3484500000000001,0.833162026331248
-0.3483999999999998,0.833162026331248
-0.3483499999999999,0.833162026331248
-0.3483000000000001,0.833162026331248
-0.3482500000000002,0.833162026331248
-0.3481999999999998,0.833162026331248
-0.34815,0.833162026331248
-0.3481000000000001,0.833162026331248
-0.3480500000000002,0.8334978450566424
-0.3479999999999999,0.833162026331248
-0.34795,0.833162026331248
-0.3479000000000001,0.833162026331248
-0.3478500000000002,0.833162026331248
-0.3477999999999999,0.833162026331248
-0.34775,0.8334978450566448
-0.3477000000000001,0.833162026331248
-0.3476499999999998,0.833162026331248
-0.3475999999999999,0.833162026331248
-0.34755,0.833162026331248
-0.3475000000000001,0.8334978450566448
-0.3474499999999998,0.8334978450566424
-0.3473999999999999,0.833162026331248
-0.34735,0.8334978450566448
-0.3473000000000002,0.8334978450566448
-0.3472499999999998,0.833162026331248
-0.3472,0.8334978450566448
-0.3471500000000001,0.833162026331248
-0.3471000000000002,0.8334978450566424
-0.3470499999999999,0.833162026331248
-0.347,0.8334978450566448
-0.3469500000000001,0.833162026331248
-0.3469000000000002,0.8334978450566424
-0.3468499999999999,0.833162026331248
-0.3468,0.833162026331248
-0.3467500000000001,0.833162026331248
-0.3466999999999998,0.833162026331248
-0.3466499999999999,0.833162026331248
-0.3466,0.833162026331248
-0.3465500000000001,0.8334978450566448
-0.3464999999999998,0.833162026331248
-0.3464499999999999,0.833162026331248
-0.3464,0.833162026331248
-0.3463500000000002,0.833162026331248
-0.3462999999999998,0.833162026331248
-0.3462499999999999,0.833162026331248
-0.3462000000000001,0.833162026331248
-0.3461500000000002,0.833162026331248
-0.3460999999999999,0.833162026331248
-0.34605,0.8328262076058512
-0.3460000000000001,0.8328262076058512
-0.3459500000000002,0.8331620263312456
-0.3458999999999999,0.833162026331248
-0.34585,0.8328262076058512
-0.3458000000000001,0.8328262076058512
-0.3457499999999998,0.8328262076058512
-0.3456999999999999,0.8328262076058512
-0.34565,0.8328262076058512
-0.3456000000000001,0.833162026331248
-0.3455499999999998,0.8328262076058512
-0.3454999999999999,0.8328262076058512
-0.34545,0.833162026331248
-0.3454000000000002,0.833162026331248
-0.3453499999999998,0.833162026331248
-0.3452999999999999,0.833162026331248
-0.3452500000000001,0.833162026331248
-0.3452000000000002,0.833162026331248
-0.3451499999999998,0.833162026331248
-0.3451,0.833162026331248
-0.3450500000000001,0.833162026331248
-0.3450000000000002,0.833162026331248
-0.3449499999999999,0.833162026331248
-0.3449,0.833162026331248
-0.3448500000000001,0.833162026331248
-0.3448000000000002,0.833162026331248
-0.3447499999999999,0.833162026331248
-0.3447,0.8328262076058512
-0.3446500000000001,0.8328262076058512
-0.3445999999999998,0.8328262076058512
-0.3445499999999999,0.8328262076058512
-0.3445,0.8328262076058512
-0.3444500000000001,0.8328262076058512
-0.3443999999999998,0.8328262076058512
-0.3443499999999999,0.8328262076058512
-0.3443000000000001,0.833162026331248
-0.3442500000000002,0.8328262076058512
-0.3441999999999998,0.833162026331248
-0.34415,0.833162026331248
-0.3441000000000001,0.833162026331248
-0.3440500000000002,0.833162026331248
-0.3439999999999999,0.833162026331248
-0.34395,0.8328262076058512
-0.3439000000000001,0.8328262076058512
-0.3438500000000002,0.8331620263312456
-0.3437999999999999,0.8328262076058512
-0.34375,0.8328262076058512
-0.3437000000000001,0.833162026331248
-0.3436499999999998,0.833162026331248
-0.3435999999999999,0.833162026331248
-0.34355,0.833162026331248
-0.3435000000000001,0.833162026331248
-0.3434499999999998,0.8328262076058537
-0.3433999999999999,0.833162026331248
-0.34335,0.8328262076058512
-0.3433000000000002,0.833162026331248
-0.3432499999999998,0.8328262076058512
-0.3431999999999999,0.8328262076058512
-0.3431500000000001,0.833162026331248
-0.3431000000000002,0.833162026331248
-0.3430499999999999,0.833162026331248
-0.343,0.8328262076058512
-0.3429500000000001,0.833162026331248
-0.3429000000000002,0.8328262076058537
-0.3428499999999999,0.8328262076058512
-0.3428,0.8328262076058512
-0.3427500000000001,0.8328262076058512
-0.3426999999999998,0.833162026331248
-0.3426499999999999,0.833162026331248
-0.3426,0.833162026331248
-0.3425500000000001,0.833162026331248
-0.3424999999999998,0.8328262076058512
-0.3424499999999999,0.8328262076058512
-0.3424,0.8328262076058512
-0.3423500000000002,0.833162026331248
-0.3422999999999998,0.833162026331248
-0.3422499999999999,0.8328262076058512
-0.3422000000000001,0.8328262076058512
-0.3421500000000002,0.8328262076058512
-0.3420999999999998,0.8328262076058512
-0.34205,0.8328262076058512
-0.3420000000000001,0.8328262076058512
-0.3419500000000002,0.8328262076058512
-0.3418999999999999,0.8328262076058512
-0.34185,0.8328262076058512
-0.3418000000000001,0.833162026331248
-0.3417500000000002,0.833162026331248
-0.3416999999999999,0.833162026331248
-0.34165,0.833162026331248
-0.3416000000000001,0.8328262076058512
-0.3415499999999998,0.833162026331248
-0.3414999999999999,0.833162026331248
-0.34145,0.833162026331248
-0.3414000000000001,0.8328262076058512
-0.3413499999999998,0.8328262076058512
-0.3412999999999999,0.8328262076058512
-0.3412500000000001,0.8328262076058512
-0.3412000000000002,0.8328262076058512
-0.3411499999999998,0.833162026331248
-0.3411,0.8328262076058512
-0.3410500000000001,0.8328262076058512
-0.3410000000000002,0.8328262076058512
-0.3409499999999999,0.8328262076058512
-0.3409,0.833162026331248
-0.3408500000000001,0.8328262076058512
-0.3408000000000002,0.8328262076058512
-0.3407499999999999,0.8328262076058512
-0.3407,0.833162026331248
-0.3406500000000001,0.833162026331248
-0.3405999999999998,0.8331620263312456
-0.3405499999999999,0.8328262076058512
-0.3405,0.8328262076058512
-0.3404500000000001,0.8328262076058512
-0.3403999999999998,0.8328262076058512
-0.3403499999999999,0.8328262076058512
-0.3403,0.8328262076058512
-0.3402500000000002,0.833162026331248
-0.3401999999999998,0.833162026331248
-0.34015,0.8328262076058512
-0.3401000000000001,0.8328262076058512
-0.3400500000000002,0.8328262076058512
-0.3399999999999999,0.8328262076058512
-0.33995,0.8328262076058512
-0.3399000000000001,0.8328262076058512
-0.3398500000000002,0.8331620263312456
-0.3397999999999999,0.8328262076058512
-0.33975,0.8328262076058512
-0.3397000000000001,0.833162026331248
-0.3396499999999998,0.833162026331248
-0.3395999999999999,0.833162026331248
-0.33955,0.833162026331248
-0.3395000000000001,0.8328262076058512
-0.3394499999999998,0.833162026331248
-0.3393999999999999,0.833162026331248
-0.33935,0.8328262076058512
-0.3393000000000002,0.833162026331248
-0.3392499999999998,0.833162026331248
-0.3391999999999999,0.833162026331248
-0.3391500000000001,0.833162026331248
-0.3391000000000002,0.8328262076058512
-0.3390499999999999,0.8328262076058512
-0.339,0.833162026331248
-0.3389500000000001,0.8328262076058512
-0.3389000000000002,0.8328262076058512
-0.3388499999999999,0.8328262076058512
-0.3388,0.8328262076058512
-0.3387500000000001,0.8328262076058512
-0.3386999999999998,0.8328262076058512
-0.3386499999999999,0.8328262076058512
-0.3386,0.8328262076058512
-0.3385500000000001,0.8328262076058512
-0.3384999999999998,0.8328262076058537
-0.3384499999999999,0.833162026331248
-0.3384,0.8328262076058512
-0.3383500000000002,0.8328262076058512
-0.3382999999999998,0.8328262076058512
-0.3382499999999999,0.8328262076058512
-0.3382000000000001,0.8328262076058512
-0.3381500000000002,0.8328262076058512
-0.3380999999999998,0.8328262076058512
-0.33805,0.833162026331248
-0.3380000000000001,0.8328262076058512
-0.3379500000000002,0.8328262076058512
-0.3378999999999999,0.8328262076058512
-0.33785,0.8328262076058512
-0.3378000000000001,0.8328262076058512
-0.3377500000000002,0.8328262076058512
-0.3376999999999999,0.8324903888804545
-0.33765,0.8328262076058512
-0.3376000000000001,0.8324903888804545
-0.3375499999999998,0.8324903888804545
-0.3374999999999999,0.8324903888804545
-0.33745,0.8328262076058512
-0.3374000000000001,0.8324903888804545
-0.3373499999999998,0.8324903888804569
-0.3372999999999999,0.8328262076058512
-0.33725,0.8328262076058512
-0.3372000000000002,0.8328262076058512
-0.3371499999999998,0.8324903888804545
-0.3371,0.8324903888804545
-0.3370500000000001,0.8324903888804545
-0.3370000000000002,0.8328262076058488
-0.3369499999999999,0.8328262076058512
-0.3369,0.8328262076058512
-0.3368500000000001,0.8328262076058512
-0.3368000000000002,0.8328262076058512
-0.3367499999999999,0.8328262076058512
-0.3367,0.8328262076058512
-0.3366500000000001,0.8328262076058512
-0.3365999999999998,0.8328262076058488
-0.3365499999999999,0.8324903888804545
-0.3365,0.8324903888804545
-0.3364500000000001,0.8324903888804545
-0.3363999999999998,0.8324903888804545
-0.3363499999999999,0.8324903888804545
-0.3363,0.8328262076058512
-0.3362500000000002,0.8328262076058512
-0.3361999999999998,0.8328262076058512
-0.3361499999999999,0.8328262076058512
-0.3361000000000001,0.8328262076058512
-0.3360500000000002,0.8328262076058512
-0.3359999999999999,0.8328262076058512
-0.33595,0.8328262076058512
-0.3359000000000001,0.8324903888804545
-0.3358500000000002,0.8324903888804545
-0.3357999999999999,0.8324903888804545
-0.33575,0.8324903888804545
-0.3357000000000001,0.8324903888804545
-0.3356499999999998,0.8324903888804545
-0.3355999999999999,0.8324903888804545
-0.33555,0.8324903888804545
-0.3355000000000001,0.8328262076058512
-0.3354499999999998,0.8328262076058488
-0.3353999999999999,0.8324903888804545
-0.33535,0.8324903888804545
-0.3353000000000002,0.8328262076058512
-0.3352499999999998,0.8328262076058512
-0.3351999999999999,0.8324903888804545
-0.3351500000000001,0.8324903888804545
-0.3351000000000002,0.8324903888804545
-0.3350499999999998,0.8328262076058512
-0.335,0.8328262076058512
-0.3349500000000001,0.8328262076058512
-0.3349000000000002,0.8328262076058512
-0.3348499999999999,0.8328262076058512
-0.3348,0.8324903888804545
-0.3347500000000001,0.8324903888804545
-0.3347000000000002,0.8324903888804545
-0.3346499999999999,0.8324903888804545
-0.3346,0.8324903888804545
-0.3345500000000001,0.8324903888804545
-0.3344999999999998,0.8328262076058512
-0.3344499999999999,0.8328262076058512
-0.3344,0.8324903888804545
-0.3343500000000001,0.8328262076058512
-0.3342999999999998,0.8324903888804545
-0.3342499999999999,0.8324903888804545
-0.3342000000000001,0.8324903888804545
-0.3341500000000002,0.8324903888804545
-0.3340999999999998,0.8324903888804545
-0.33405,0.8324903888804545
-0.3340000000000001,0.8324903888804545
-0.3339500000000002,0.8328262076058488
-0.3338999999999999,0.8328262076058512
-0.33385,0.8324903888804545
-0.3338000000000001,0.8328262076058512
-0.3337500000000002,0.8328262076058512
-0.3336999999999999,0.8328262076058512
-0.33365,0.8324903888804545
-0.3336000000000001,0.8328262076058512
-0.3335499999999998,0.8328262076058512
-0.3334999999999999,0.8328262076058512
-0.33345,0.8328262076058512
-0.3334000000000001,0.8328262076058512
-0.3333499999999998,0.8328262076058512
-0.3332999999999999,0.8328262076058512
-0.33325,0.8328262076058512
-0.3332000000000002,0.8328262076058512
-0.3331499999999998,0.8328262076058512
-0.3331,0.8328262076058512
-0.3330500000000001,0.8328262076058512
-0.3330000000000002,0.8328262076058512
-0.3329499999999999,0.8328262076058512
-0.3329,0.8328262076058512
-0.3328500000000001,0.8328262076058512
-0.3328000000000002,0.8328262076058512
-0.3327499999999999,0.8328262076058512
-0.3327,0.8328262076058512
-0.3326500000000001,0.8328262076058512
-0.3325999999999998,0.8328262076058512
-0.3325499999999999,0.8328262076058512
-0.3325,0.8328262076058512
-0.3324500000000001,0.8328262076058512
-0.3323999999999998,0.8328262076058512
-0.3323499999999999,0.8328262076058512
-0.3323,0.8328262076058512
-0.3322500000000002,0.8328262076058512
-0.3321999999999998,0.8328262076058512
-0.3321499999999999,0.8328262076058512
-0.3321000000000001,0.8328262076058512
-0.3320500000000002,0.8328262076058512
-0.3319999999999999,0.8328262076058512
-0.33195,0.8328262076058512
-0.3319000000000001,0.8328262076058512
-0.3318500000000002,0.8328262076058512
-0.3317999999999999,0.8328262076058512
-0.33175,0.8328262076058512
-0.3317000000000001,0.8328262076058512
-0.3316499999999998,0.8328262076058512
-0.3315999999999999,0.8328262076058512
-0.33155,0.8328262076058512
-0.3315000000000001,0.8328262076058512
-0.3314499999999998,0.8328262076058512
-0.3313999999999999,0.8328262076058512
-0.33135,0.8328262076058512
-0.3313000000000001,0.8328262076058512
-0.3312499999999998,0.833162026331248
-0.3311999999999999,0.833162026331248
-0.3311500000000001,0.833162026331248
-0.3311000000000002,0.833162026331248
-0.3310499999999998,0.833162026331248
-0.331,0.833162026331248
-0.3309500000000001,0.833162026331248
-0.3309000000000002,0.833162026331248
-0.3308499999999999,0.833162026331248
-0.3308,0.833162026331248
-0.3307500000000001,0.833162026331248
-0.3307000000000002,0.833162026331248
-0.3306499999999999,0.833162026331248
-0.3306,0.833162026331248
-0.3305500000000001,0.833162026331248
-0.3304999999999998,0.833162026331248
-0.3304499999999999,0.833162026331248
-0.3304,0.833162026331248
-0.3303500000000001,0.833162026331248
-0.3302999999999998,0.833162026331248
-0.3302499999999999,0.833162026331248
-0.3302,0.833162026331248
-0.3301500000000002,0.833162026331248
-0.3300999999999998,0.833162026331248
-0.33005,0.833162026331248
-0.3300000000000001,0.833162026331248
-0.3299500000000002,0.8334978450566424
-0.3298999999999999,0.833162026331248
-0.32985,0.833162026331248
-0.3298000000000001,0.8334978450566448
-0.3297500000000002,0.8331620263312505
-0.3296999999999999,0.833162026331248
-0.32965,0.833162026331248
-0.3296000000000001,0.8334978450566448
-0.3295499999999998,0.8331620263312505
-0.3294999999999999,0.8334978450566448
-0.32945,0.833162026331248
-0.3294000000000001,0.833162026331248
-0.3293499999999998,0.833162026331248
-0.3292999999999999,0.833162026331248
-0.32925,0.833162026331248
-0.3292000000000002,0.833162026331248
-0.3291499999999998,0.833162026331248
-0.3290999999999999,0.833162026331248
-0.3290500000000001,0.8334978450566448
-0.3290000000000002,0.833162026331248
-0.3289499999999999,0.8334978450566448
-0.3289,0.833162026331248
-0.3288500000000001,0.833162026331248
-0.3288000000000002,0.833162026331248
-0.3287499999999999,0.833162026331248
-0.3287,0.833162026331248
-0.3286500000000001,0.833162026331248
-0.3285999999999998,0.833162026331248
-0.3285499999999999,0.833162026331248
-0.3285,0.833162026331248
-0.3284500000000001,0.833162026331248
-0.3283999999999998,0.833162026331248
-0.3283499999999999,0.833162026331248
-0.3283,0.8328262076058512
-0.3282500000000002,0.833162026331248
-0.3281999999999998,0.833162026331248
-0.3281499999999999,0.833162026331248
-0.3281000000000001,0.833162026331248
-0.3280500000000002,0.833162026331248
-0.3279999999999998,0.833162026331248
-0.32795,0.833162026331248
-0.3279000000000001,0.833162026331248
-0.3278500000000002,0.833162026331248
-0.3277999999999999,0.833162026331248
-0.32775,0.833162026331248
-0.3277000000000001,0.833162026331248
-0.3276500000000002,0.833162026331248
-0.3275999999999999,0.833162026331248
-0.32755,0.833162026331248
-0.3275000000000001,0.833162026331248
-0.3274499999999998,0.833162026331248
-0.3273999999999999,0.833162026331248
-0.32735,0.833162026331248
-0.3273000000000001,0.8334978450566448
-0.3272499999999998,0.833162026331248
-0.3271999999999999,0.833162026331248
-0.3271500000000001,0.8334978450566448
-0.3271000000000002,0.8334978450566448
-0.3270499999999998,0.8334978450566448
-0.327,0.833162026331248
-0.3269500000000001,0.833162026331248
-0.3269000000000002,0.833162026331248
-0.3268499999999999,0.833162026331248
-0.3268,0.8334978450566448
-0.3267500000000001,0.833162026331248
-0.3267000000000002,0.833162026331248
-0.3266499999999999,0.8334978450566448
-0.3266,0.833162026331248
-0.3265500000000001,0.833162026331248
-0.3264999999999998,0.833162026331248
-0.3264499999999999,0.833162026331248
-0.3264,0.833162026331248
-0.3263500000000001,0.833162026331248
-0.3262999999999998,0.8331620263312456
-0.3262499999999999,0.8328262076058512
-0.3262,0.8328262076058512
-0.3261500000000002,0.8328262076058512
-0.3260999999999998,0.8328262076058512
-0.32605,0.8328262076058512
-0.3260000000000001,0.8328262076058512
-0.3259500000000002,0.8328262076058512
-0.3258999999999999,0.833162026331248
-0.32585,0.8328262076058512
-0.3258000000000001,0.833162026331248
-0.3257500000000002,0.833162026331248
-0.3256999999999999,0.8328262076058512
-0.32565,0.833162026331248
-0.3256000000000001,0.833162026331248
-0.3255499999999998,0.8328262076058512
-0.3254999999999999,0.8328262076058512
-0.32545,0.8328262076058512
-0.3254000000000001,0.833162026331248
-0.3253499999999998,0.8328262076058537
-0.3252999999999999,0.833162026331248
-0.32525,0.833162026331248
-0.3252000000000002,0.8328262076058512
-0.3251499999999998,0.833162026331248
-0.3250999999999999,0.833162026331248
-0.3250500000000001,0.833162026331248
-0.3250000000000002,0.833162026331248
-0.3249499999999999,0.833162026331248
-0.3249,0.8328262076058512
-0.3248500000000001,0.8328262076058512
-0.3248000000000002,0.8328262076058512
-0.3247499999999999,0.833162026331248
-0.3247,0.833162026331248
-0.3246500000000001,0.8328262076058512
-0.3246000000000002,0.8331620263312456
-0.3245499999999999,0.833162026331248
-0.3245,0.833162026331248
-0.3244500000000001,0.8328262076058512
-0.3243999999999998,0.8328262076058512
-0.3243499999999999,0.8328262076058512
-0.3243,0.8328262076058512
-0.3242500000000001,0.8328262076058512
-0.3241999999999998,0.8328262076058512
-0.3241499999999999,0.8328262076058512
-0.3241000000000001,0.833162026331248
-0.3240500000000002,0.833162026331248
-0.3239999999999998,0.833162026331248
-0.32395,0.8328262076058512
-0.3239000000000001,0.833162026331248
-0.3238500000000002,0.833162026331248
-0.3237999999999999,0.8328262076058512
-0.32375,0.833162026331248
-0.3237000000000001,0.833162026331248
-0.3236500000000002,0.8328262076058537
-0.3235999999999999,0.8328262076058512
-0.32355,0.8328262076058512
-0.3235000000000001,0.833162026331248
-0.3234499999999998,0.8328262076058512
-0.3233999999999999,0.8328262076058512
-0.32335,0.833162026331248
-0.3233000000000001,0.833162026331248
-0.3232499999999998,0.833162026331248
-0.3231999999999999,0.833162026331248
-0.32315,0.833162026331248
-0.3231000000000002,0.833162026331248
-0.3230499999999998,0.833162026331248
-0.323,0.833162026331248
-0.3229500000000001,0.8328262076058512
-0.3229000000000002,0.8328262076058512
-0.3228499999999999,0.833162026331248
-0.3228,0.833162026331248
-0.3227500000000001,0.833162026331248
-0.3227000000000002,0.833162026331248
-0.3226499999999999,0.833162026331248
-0.3226,0.833162026331248
-0.3225500000000001,0.833162026331248
-0.3224999999999998,0.8331620263312456
-0.3224499999999999,0.8328262076058512
-0.3224,0.8328262076058512
-0.3223500000000001,0.8328262076058512
-0.3222999999999998,0.833162026331248
-0.3222499999999999,0.833162026331248
-0.3222,0.833162026331248
-0.3221500000000002,0.833162026331248
-0.3220999999999998,0.833162026331248
-0.3220499999999999,0.833162026331248
-0.3220000000000001,0.8328262076058512
-0.3219500000000002,0.8328262076058512
-0.3218999999999999,0.833162026331248
-0.32185,0.833162026331248
-0.3218000000000001,0.8328262076058512
-0.3217500000000002,0.8331620263312456
-0.3216999999999999,0.8328262076058512
-0.32165,0.8328262076058512
-0.3216000000000001,0.8328262076058512
-0.3215499999999998,0.8328262076058537
-0.3214999999999999,0.833162026331248
-0.32145,0.833162026331248
-0.3214000000000001,0.833162026331248
-0.3213499999999998,0.8331620263312456
-0.3212999999999999,0.8328262076058512
-0.32125,0.833162026331248
-0.3212000000000002,0.8328262076058512
-0.3211499999999998,0.833162026331248
-0.3210999999999999,0.833162026331248
-0.3210500000000001,0.833162026331248
-0.3210000000000002,0.833162026331248
-0.3209499999999998,0.833162026331248
-0.3209,0.833162026331248
-0.3208500000000001,0.833162026331248
-0.3208000000000002,0.833162026331248
-0.3207499999999999,0.833162026331248
-0.3207,0.833162026331248
-0.3206500000000001,0.8328262076058512
-0.3206000000000002,0.8331620263312456
-0.3205499999999999,0.8328262076058512
-0.3205,0.8328262076058512
-0.3204500000000001,0.8328262076058512
-0.3203999999999998,0.8328262076058512
-0.3203499999999999,0.8328262076058512
-0.3203,0.8328262076058512
-0.3202500000000001,0.8328262076058512
-0.3201999999999998,0.8328262076058512
-0.3201499999999999,0.8328262076058512
-0.3201000000000001,0.8328262076058512
-0.3200500000000002,0.833162026331248
-0.3199999999999998,0.833162026331248
-0.31995,0.833162026331248
-0.3199000000000001,0.833162026331248
-0.3198500000000002,0.833162026331248
-0.3197999999999999,0.833162026331248
-0.31975,0.833162026331248
-0.3197000000000001,0.833162026331248
-0.3196500000000002,0.833162026331248
-0.3195999999999999,0.833162026331248
-0.31955,0.833162026331248
-0.3195000000000001,0.8328262076058512
-0.3194499999999998,0.833162026331248
-0.3193999999999999,0.833162026331248
-0.31935,0.833162026331248
-0.3193000000000001,0.833162026331248
-0.3192499999999998,0.833162026331248
-0.3191999999999999,0.833162026331248
-0.31915,0.833162026331248
-0.3191000000000002,0.833162026331248
-0.3190499999999998,0.833162026331248
-0.319,0.833162026331248
-0.3189500000000001,0.8328262076058512
-0.3189000000000002,0.8328262076058512
-0.3188499999999999,0.833162026331248
-0.3188,0.8328262076058512
-0.3187500000000001,0.833162026331248
-0.3187000000000002,0.833162026331248
-0.3186499999999999,0.833162026331248
-0.3186,0.833162026331248
-0.3185500000000001,0.8328262076058512
-0.3184999999999998,0.8328262076058512
-0.3184499999999999,0.8328262076058512
-0.3184,0.8328262076058512
-0.3183500000000001,0.833162026331248
-0.3182999999999998,0.8328262076058537
-0.3182499999999999,0.833162026331248
-0.3182,0.833162026331248
-0.3181500000000002,0.833162026331248
-0.3180999999999998,0.833162026331248
-0.3180499999999999,0.8328262076058512
-0.3180000000000001,0.8328262076058512
-0.3179500000000002,0.833162026331248
-0.3178999999999998,0.8328262076058512
-0.31785,0.8328262076058512
-0.3178000000000001,0.8328262076058512
-0.3177500000000002,0.8331620263312456
-0.3176999999999999,0.8328262076058512
-0.31765,0.8328262076058512
-0.3176000000000001,0.8328262076058512
-0.3175500000000002,0.8328262076058512
-0.3174999999999999,0.8328262076058512
-0.31745,0.8328262076058512
-0.3174000000000001,0.8324903888804545
-0.3173499999999998,0.8328262076058512
-0.3172999999999999,0.8328262076058512
-0.31725,0.8324903888804545
-0.3172000000000001,0.8328262076058512
-0.3171499999999998,0.8328262076058512
-0.3170999999999999,0.8328262076058512
-0.3170500000000001,0.8324903888804545
-0.3170000000000002,0.8328262076058512
-0.3169499999999998,0.8324903888804545
-0.3169,0.8328262076058512
-0.3168500000000001,0.8328262076058512
-0.3168000000000002,0.8324903888804569
-0.3167499999999999,0.8328262076058512
-0.3167,0.8328262076058512
-0.3166500000000001,0.8328262076058512
-0.3166000000000002,0.8324903888804569
-0.3165499999999999,0.8324903888804545
-0.3165,0.8328262076058512
-0.3164500000000001,0.8328262076058512
-0.3163999999999998,0.8328262076058512
-0.3163499999999999,0.8328262076058512
-0.3163,0.8328262076058512
-0.3162500000000001,0.8324903888804545
-0.3161999999999998,0.8324903888804545
-0.3161499999999999,0.8324903888804545
-0.3161,0.8324903888804545
-0.3160500000000002,0.8328262076058512
-0.3159999999999998,0.8328262076058512
-0.31595,0.8328262076058512
-0.3159000000000001,0.8324903888804545
-0.3158500000000002,0.8328262076058488
-0.3157999999999999,0.8328262076058512
-0.31575,0.8324903888804545
-0.3157000000000001,0.8324903888804545
-0.3156500000000002,0.8324903888804545
-0.3155999999999999,0.8324903888804545
-0.31555,0.8324903888804545
-0.3155000000000001,0.8324903888804545
-0.3154499999999998,0.8328262076058512
-0.3153999999999999,0.8328262076058512
-0.31535,0.8324903888804545
-0.3153000000000001,0.8324903888804545
-0.3152499999999998,0.8328262076058512
-0.3151999999999999,0.8328262076058512
-0.31515,0.8324903888804545
-0.3151000000000002,0.8324903888804545
-0.3150499999999998,0.8328262076058512
-0.3149999999999999,0.8324903888804545
-0.3149500000000001,0.8324903888804545
-0.3149000000000002,0.8324903888804545
-0.3148499999999999,0.8328262076058512
-0.3148,0.8324903888804545
-0.3147500000000001,0.8324903888804545
-0.3147000000000002,0.8324903888804545
-0.3146499999999999,0.8324903888804545
-0.3146,0.8324903888804545
-0.3145500000000001,0.8324903888804545
-0.3144999999999998,0.8324903888804545
-0.3144499999999999,0.8324903888804545
-0.3144,0.8324903888804545
-0.3143500000000001,0.8324903888804545
-0.3142999999999998,0.8324903888804545
-0.3142499999999999,0.8324903888804545
-0.3142,0.8324903888804545
-0.3141500000000002,0.8324903888804545
-0.3140999999999998,0.8324903888804545
-0.3140499999999999,0.8324903888804545
-0.3140000000000001,0.8324903888804545
-0.3139500000000002,0.8324903888804545
-0.3138999999999998,0.8324903888804545
-0.31385,0.8324903888804545
-0.3138000000000001,0.8328262076058512
-0.3137500000000002,0.8324903888804569
-0.3136999999999999,0.8324903888804545
-0.31365,0.8324903888804545
-0.3136000000000001,0.8324903888804545
-0.3135500000000002,0.8324903888804545
-0.3134999999999999,0.8324903888804545
-0.31345,0.8328262076058512
-0.3134000000000001,0.8328262076058512
-0.3133499999999998,0.8328262076058512
-0.3132999999999999,0.8328262076058512
-0.31325,0.8328262076058512
-0.3132000000000001,0.8328262076058512
-0.3131499999999998,0.8324903888804569
-0.3130999999999999,0.8328262076058512
-0.3130500000000001,0.8324903888804545
-0.3130000000000002,0.8328262076058512
-0.3129499999999998,0.8328262076058512
-0.3129,0.8324903888804545
-0.3128500000000001,0.8324903888804545
-0.3128000000000002,0.8324903888804545
-0.3127499999999999,0.8324903888804545
-0.3127,0.8324903888804545
-0.3126500000000001,0.8328262076058512
-0.3126000000000002,0.8328262076058512
-0.3125499999999999,0.8328262076058512
-0.3125,0.8328262076058512
-0.3124500000000001,0.8328262076058512
-0.3123999999999998,0.8328262076058512
-0.3123499999999999,0.8328262076058512
-0.3123,0.8328262076058512
-0.3122500000000001,0.8328262076058512
-0.3121999999999998,0.8328262076058512
-0.3121499999999999,0.8328262076058512
-0.3121,0.8328262076058512
-0.3120500000000002,0.8324903888804545
-0.3119999999999998,0.8328262076058512
-0.3119499999999999,0.8328262076058512
-0.3119000000000001,0.8328262076058512
-0.3118500000000002,0.8328262076058512
-0.3117999999999999,0.8328262076058512
-0.31175,0.8328262076058512
-0.3117000000000001,0.8328262076058512
-0.3116500000000002,0.8328262076058512
-0.3115999999999999,0.8324903888804545
-0.31155,0.8328262076058512
-0.3115000000000001,0.8328262076058512
-0.3114499999999998,0.8328262076058512
-0.3113999999999999,0.8328262076058512
-0.31135,0.8328262076058512
-0.3113000000000001,0.8328262076058512
-0.3112499999999998,0.833162026331248
-0.3111999999999999,0.833162026331248
-0.31115,0.833162026331248
-0.3111000000000002,0.833162026331248
-0.3110499999999998,0.833162026331248
-0.3109999999999999,0.8328262076058512
-0.3109500000000001,0.833162026331248
-0.3109000000000002,0.833162026331248
-0.3108499999999998,0.833162026331248
-0.3108,0.833162026331248
-0.3107500000000001,0.8334978450566448
-0.3107000000000002,0.8331620263312505
-0.3106499999999999,0.833162026331248
-0.3106,0.833162026331248
-0.3105500000000001,0.8328262076058512
-0.3105000000000002,0.8331620263312456
-0.3104499999999999,0.833162026331248
-0.3104,0.833162026331248
-0.3103500000000001,0.833162026331248
-0.3102999999999998,0.833162026331248
-0.3102499999999999,0.833162026331248
-0.3102,0.833162026331248
-0.3101500000000001,0.833162026331248
-0.3100999999999998,0.833162026331248
-0.3100499999999999,0.8334978450566448
-0.3100000000000001,0.833162026331248
-0.3099500000000002,0.833162026331248
-0.3098999999999998,0.833162026331248
-0.30985,0.833162026331248
-0.3098000000000001,0.833162026331248
-0.3097500000000002,0.833162026331248
-0.3096999999999999,0.833162026331248
-0.30965,0.833162026331248
-0.3096000000000001,0.833162026331248
-0.3095500000000002,0.833162026331248
-0.3094999999999999,0.833162026331248
-0.30945,0.833162026331248
-0.3094000000000001,0.833162026331248
-0.3093499999999998,0.833162026331248
-0.3092999999999999,0.833162026331248
-0.30925,0.833162026331248
-0.3092000000000001,0.833162026331248
-0.3091499999999998,0.833162026331248
-0.3090999999999999,0.833162026331248
-0.30905,0.833162026331248
-0.3090000000000002,0.833162026331248
-0.3089499999999998,0.833162026331248
-0.3089,0.833162026331248
-0.3088500000000001,0.833162026331248
-0.3088000000000002,0.833162026331248
-0.3087499999999999,0.833162026331248
-0.3087,0.833162026331248
-0.3086500000000001,0.833162026331248
-0.3086000000000002,0.833162026331248
-0.3085499999999999,0.833162026331248
-0.3085,0.833162026331248
-0.3084500000000001,0.833162026331248
-0.3083999999999998,0.833162026331248
-0.3083499999999999,0.833162026331248
-0.3083,0.833162026331248
-0.3082500000000001,0.833162026331248
-0.3081999999999998,0.833162026331248
-0.3081499999999999,0.833162026331248
-0.3081,0.833162026331248
-0.3080500000000002,0.833162026331248
-0.3079999999999998,0.833162026331248
-0.3079499999999999,0.833162026331248
-0.3079000000000001,0.833162026331248
-0.3078500000000002,0.833162026331248
-0.3077999999999999,0.833162026331248
-0.30775,0.833162026331248
-0.3077000000000001,0.8334978450566448
-0.3076500000000002,0.8331620263312505
-0.3075999999999999,0.833162026331248
-0.30755,0.833162026331248
-0.3075000000000001,0.8334978450566448
-0.3074499999999998,0.833162026331248
-0.3073999999999999,0.833162026331248
-0.30735,0.833162026331248
-0.3073000000000001,0.833162026331248
-0.3072499999999998,0.8334978450566424
-0.3071999999999999,0.833162026331248
-0.30715,0.8334978450566448
-0.3071000000000002,0.8334978450566448
-0.3070499999999998,0.8334978450566448
-0.3069999999999999,0.833162026331248
-0.3069500000000001,0.833162026331248
-0.3069000000000002,0.833162026331248
-0.3068499999999998,0.8334978450566448
-0.3068,0.833162026331248
-0.3067500000000001,0.833162026331248
-0.3067000000000002,0.833162026331248
-0.3066499999999999,0.833162026331248
-0.3066,0.833162026331248
-0.3065500000000001,0.833162026331248
-0.3065000000000002,0.833162026331248
-0.3064499999999999,0.833162026331248
-0.3064,0.833162026331248
-0.3063500000000001,0.833162026331248
-0.3062999999999998,0.8331620263312456
-0.3062499999999999,0.8328262076058512
-0.3062,0.8328262076058512
-0.3061500000000001,0.833162026331248
-0.3060999999999998,0.8328262076058537
-0.3060499999999999,0.833162026331248
-0.306,0.8328262076058512
-0.3059500000000002,0.8328262076058512
-0.3058999999999998,0.8328262076058512
-0.30585,0.8328262076058512
-0.3058000000000001,0.8328262076058512
-0.3057500000000002,0.8328262076058512
-0.3056999999999999,0.8328262076058512
-0.30565,0.8328262076058512
-0.3056000000000001,0.8328262076058512
-0.3055500000000002,0.8328262076058512
-0.3054999999999999,0.833162026331248
-0.30545,0.833162026331248
-0.3054000000000001,0.833162026331248
-0.3053499999999998,0.8328262076058512
-0.3052999999999999,0.8328262076058512
-0.30525,0.8328262076058512
-0.3052000000000001,0.8328262076058512
-0.3051499999999998,0.8328262076058512
-0.3050999999999999,0.8328262076058512
-0.30505,0.8328262076058512
-0.3050000000000002,0.8328262076058512
-0.3049499999999998,0.8328262076058512
-0.3048999999999999,0.8328262076058512
-0.3048500000000001,0.8328262076058512
-0.3048000000000002,0.8328262076058512
-0.3047499999999999,0.8328262076058512
-0.3047,0.8328262076058512
-0.3046500000000001,0.8328262076058512
-0.3046000000000002,0.8328262076058512
-0.3045499999999999,0.833162026331248
-0.3045,0.833162026331248
-0.3044500000000001,0.833162026331248
-0.3043999999999998,0.8328262076058537
-0.3043499999999999,0.833162026331248
-0.3043,0.8328262076058512
-0.3042500000000001,0.833162026331248
-0.3041999999999998,0.8331620263312456
-0.3041499999999999,0.8328262076058512
-0.3041,0.8328262076058512
-0.3040500000000002,0.8328262076058512
-0.3039999999999998,0.8328262076058512
-0.3039499999999999,0.8328262076058512
-0.3039000000000001,0.833162026331248
-0.3038500000000002,0.833162026331248
-0.3037999999999998,0.8328262076058512
-0.30375,0.8328262076058512
-0.3037000000000001,0.8328262076058512
-0.3036500000000002,0.8331620263312456
-0.3035999999999999,0.833162026331248
-0.30355,0.833162026331248
-0.3035000000000001,0.833162026331248
-0.3034500000000002,0.833162026331248
-0.3033999999999999,0.833162026331248
-0.30335,0.833162026331248
-0.3033000000000001,0.833162026331248
-0.3032499999999998,0.8331620263312456
-0.3031999999999999,0.8328262076058512
-0.30315,0.8328262076058512
-0.3031000000000001,0.833162026331248
-0.3030499999999998,0.8328262076058512
-0.3029999999999999,0.833162026331248
-0.3029500000000001,0.8328262076058512
-0.3029000000000002,0.8328262076058512
-0.3028499999999998,0.8328262076058512
-0.3028,0.8328262076058512
-0.3027500000000001,0.8328262076058512
-0.3027000000000002,0.8328262076058512
-0.3026499999999999,0.8328262076058512
-0.3026,0.8328262076058512
-0.3025500000000001,0.8328262076058512
-0.3025000000000002,0.8328262076058512
-0.3024499999999999,0.8328262076058512
-0.3024,0.8328262076058512
-0.3023500000000001,0.8328262076058512
-0.3022999999999998,0.8328262076058512
-0.3022499999999999,0.8328262076058512
-0.3022,0.8328262076058512
-0.3021500000000001,0.833162026331248
-0.3020999999999998,0.8328262076058512
-0.3020499999999999,0.8328262076058512
-0.302,0.8328262076058512
-0.3019500000000002,0.8328262076058512
-0.3018999999999998,0.8328262076058512
-0.30185,0.8328262076058512
-0.3018000000000001,0.8328262076058512
-0.3017500000000002,0.8328262076058512
-0.3016999999999999,0.8328262076058512
-0.30165,0.833162026331248
-0.3016000000000001,0.833162026331248
-0.3015500000000002,0.8328262076058537
-0.3014999999999999,0.8328262076058512
-0.30145,0.8328262076058512
-0.3014000000000001,0.833162026331248
-0.3013499999999998,0.8328262076058512
-0.3012999999999999,0.8328262076058512
-0.30125,0.8328262076058512
-0.3012000000000001,0.8328262076058512
-0.3011499999999998,0.8328262076058512
-0.3010999999999999,0.8328262076058512
-0.30105,0.833162026331248
-0.3010000000000002,0.833162026331248
-0.3009499999999998,0.833162026331248
-0.3008999999999999,0.8328262076058512
-0.3008500000000001,0.8328262076058512
-0.3008000000000002,0.833162026331248
-0.3007499999999999,0.8328262076058512
-0.3007,0.8328262076058512
-0.3006500000000001,0.8328262076058512
-0.3006000000000002,0.8331620263312456
-0.3005499999999999,0.833162026331248
-0.3005,0.8328262076058512
-0.3004500000000001,0.8328262076058512
-0.3003999999999998,0.8328262076058512
-0.3003499999999999,0.8328262076058512
-0.3003,0.8328262076058512
-0.3002500000000001,0.8328262076058512
-0.3001999999999998,0.8328262076058512
-0.3001499999999999,0.8328262076058512
-0.3001,0.8328262076058512
-0.3000500000000001,0.8328262076058512
-0.2999999999999998,0.833162026331248
-0.2999499999999999,0.8328262076058512
-0.2999000000000001,0.8328262076058512
-0.2998500000000002,0.833162026331248
-0.2997999999999998,0.8328262076058512
-0.29975,0.8328262076058512
-0.2997000000000001,0.8328262076058512
-0.2996500000000002,0.8328262076058512
-0.2995999999999999,0.833162026331248
-0.29955,0.8328262076058512
-0.2995000000000001,0.8328262076058512
-0.2994500000000002,0.8328262076058512
-0.2993999999999999,0.8328262076058512
-0.29935,0.833162026331248
-0.2993000000000001,0.833162026331248
-0.2992499999999998,0.8328262076058512
-0.2991999999999999,0.8328262076058512
-0.29915,0.8328262076058512
-0.2991000000000001,0.8328262076058512
-0.2990499999999998,0.8331620263312456
-0.2989999999999999,0.8328262076058512
-0.29895,0.8328262076058512
-0.2989000000000002,0.8328262076058512
-0.2988499999999998,0.8328262076058512
-0.2988,0.8328262076058512
-0.2987500000000001,0.8328262076058512
-0.2987000000000002,0.8328262076058512
-0.2986499999999999,0.8328262076058512
-0.2986,0.8328262076058512
-0.2985500000000001,0.8328262076058512
-0.2985000000000002,0.8328262076058512
-0.2984499999999999,0.8328262076058512
-0.2984,0.8328262076058512
-0.2983500000000001,0.8328262076058512
-0.2982999999999998,0.8328262076058512
-0.2982499999999999,0.8328262076058512
-0.2982,0.8328262076058512
-0.2981500000000001,0.8328262076058512
-0.2980999999999998,0.8328262076058512
-0.2980499999999999,0.8328262076058512
-0.298,0.8328262076058512
-0.2979500000000002,0.8328262076058512
-0.2978999999999998,0.8328262076058512
-0.2978499999999999,0.8328262076058512
-0.2978000000000001,0.8328262076058512
-0.2977500000000002,0.8328262076058512
-0.2976999999999999,0.8328262076058512
-0.29765,0.8324903888804545
-0.2976000000000001,0.8324903888804545
-0.2975500000000002,0.8324903888804545
-0.2974999999999999,0.8324903888804545
-0.29745,0.8328262076058512
-0.2974000000000001,0.8324903888804545
-0.2973499999999998,0.8324903888804545
-0.2972999999999999,0.8324903888804545
-0.29725,0.8324903888804545
-0.2972000000000001,0.8324903888804545
-0.2971499999999998,0.8324903888804545
-0.2970999999999999,0.8324903888804545
-0.29705,0.8324903888804545
-0.2970000000000002,0.8324903888804545
-0.2969499999999998,0.8324903888804545
-0.2968999999999999,0.8324903888804545
-0.2968500000000001,0.8324903888804545
-0.2968000000000002,0.8324903888804545
-0.2967499999999998,0.8324903888804545
-0.2967,0.8324903888804545
-0.2966500000000001,0.8324903888804545
-0.2966000000000002,0.8324903888804545
-0.2965499999999999,0.8328262076058512
-0.2965,0.8324903888804545
-0.2964500000000001,0.8324903888804545
-0.2964000000000002,0.8328262076058488
-0.2963499999999999,0.8328262076058512
-0.2963,0.8328262076058512
-0.2962500000000001,0.8328262076058512
-0.2961999999999998,0.8324903888804545
-0.2961499999999999,0.8324903888804545
-0.2961,0.8324903888804545
-0.2960500000000001,0.8324903888804545
-0.2959999999999998,0.8324903888804545
-0.2959499999999999,0.8324903888804545
-0.2959000000000001,0.8324903888804545
-0.2958500000000002,0.8324903888804545
-0.2957999999999998,0.8324903888804545
-0.29575,0.8324903888804545
-0.2957000000000001,0.8324903888804545
-0.2956500000000002,0.8324903888804545
-0.2955999999999999,0.8324903888804545
-0.29555,0.8324903888804545
-0.2955000000000001,0.8324903888804545
-0.2954500000000002,0.8324903888804545
-0.2953999999999999,0.8324903888804545
-0.29535,0.8324903888804545
-0.2953000000000001,0.8324903888804545
-0.2952499999999998,0.8324903888804545
-0.2951999999999999,0.8324903888804545
-0.29515,0.8324903888804545
-0.2951000000000001,0.8328262076058512
-0.2950499999999998,0.8324903888804545
-0.2949999999999999,0.8324903888804545
-0.29495,0.8324903888804545
-0.2949000000000002,0.8324903888804545
-0.2948499999999998,0.8324903888804545
-0.2948,0.8328262076058512
-0.2947500000000001,0.8328262076058512
-0.2947000000000002,0.8328262076058512
-0.2946499999999999,0.8324903888804545
-0.2946,0.8324903888804545
-0.2945500000000001,0.8324903888804545
-0.2945000000000002,0.8324903888804545
-0.2944499999999999,0.8324903888804545
-0.2944,0.8324903888804545
-0.2943500000000001,0.8324903888804545
-0.2942999999999998,0.8324903888804545
-0.2942499999999999,0.8324903888804545
-0.2942,0.8324903888804545
-0.2941500000000001,0.8324903888804545
-0.2940999999999998,0.8328262076058488
-0.2940499999999999,0.8324903888804545
-0.294,0.8324903888804545
-0.2939500000000002,0.8324903888804545
-0.2938999999999998,0.8324903888804545
-0.2938499999999999,0.8324903888804545
-0.2938000000000001,0.8324903888804545
-0.2937500000000002,0.8324903888804545
-0.2936999999999999,0.8328262076058512
-0.29365,0.8324903888804545
-0.2936000000000001,0.8328262076058512
-0.2935500000000002,0.8328262076058512
-0.2934999999999999,0.8328262076058512
-0.29345,0.8324903888804545
-0.2934000000000001,0.8328262076058512
-0.2933500000000002,0.8328262076058512
-0.2932999999999999,0.8324903888804545
-0.29325,0.8328262076058512
-0.2932000000000001,0.8324903888804545
-0.2931499999999998,0.8324903888804545
-0.2930999999999999,0.8324903888804545
-0.29305,0.8324903888804545
-0.2930000000000001,0.8328262076058512
-0.2929499999999998,0.8328262076058512
-0.2928999999999999,0.8328262076058512
-0.2928500000000001,0.8328262076058512
-0.2928000000000002,0.8324903888804545
-0.2927499999999998,0.8328262076058512
-0.2927,0.8328262076058512
-0.2926500000000001,0.8328262076058512
-0.2926000000000002,0.8328262076058512
-0.2925499999999999,0.8328262076058512
-0.2925,0.8328262076058512
-0.2924500000000001,0.8328262076058512
-0.2924000000000002,0.8328262076058512
-0.2923499999999999,0.8324903888804545
-0.2923,0.8328262076058512
-0.2922500000000001,0.8328262076058512
-0.2921999999999998,0.8328262076058512
-0.2921499999999999,0.8328262076058512
-0.2921,0.8328262076058512
-0.2920500000000001,0.8328262076058512
-0.2919999999999998,0.8328262076058512
-0.2919499999999999,0.8328262076058512
-0.2919,0.8328262076058512
-0.2918500000000002,0.8328262076058512
-0.2917999999999998,0.8328262076058512
-0.29175,0.8328262076058512
-0.2917000000000001,0.8328262076058512
-0.2916500000000002,0.8328262076058512
-0.2915999999999999,0.8328262076058512
-0.29155,0.8328262076058512
-0.2915000000000001,0.8328262076058512
-0.2914500000000002,0.8328262076058512
-0.2913999999999999,0.8328262076058512
-0.29135,0.8328262076058512
-0.2913000000000001,0.8328262076058512
-0.2912499999999998,0.8328262076058512
-0.2911999999999999,0.8328262076058512
-0.29115,0.8328262076058512
-0.2911000000000001,0.8328262076058512
-0.2910499999999998,0.8328262076058537
-0.2909999999999999,0.833162026331248
-0.29095,0.833162026331248
-0.2909000000000002,0.833162026331248
-0.2908499999999998,0.833162026331248
-0.2907999999999999,0.833162026331248
-0.2907500000000001,0.833162026331248
-0.2907000000000002,0.833162026331248
-0.2906499999999999,0.833162026331248
-0.2906,0.833162026331248
-0.2905500000000001,0.8334978450566448
-0.2905000000000002,0.8331620263312505
-0.2904499999999999,0.833162026331248
-0.2904,0.833162026331248
-0.2903500000000001,0.833162026331248
-0.2902999999999998,0.833162026331248
-0.2902499999999999,0.833162026331248
-0.2902,0.833162026331248
-0.2901500000000001,0.833162026331248
-0.2900999999999998,0.833162026331248
-0.2900499999999999,0.833162026331248
-0.29,0.833162026331248
-0.2899500000000002,0.833162026331248
-0.2898999999999998,0.833162026331248
-0.2898499999999999,0.833162026331248
-0.2898000000000001,0.833162026331248
-0.2897500000000002,0.833162026331248
-0.2896999999999998,0.833162026331248
-0.28965,0.833162026331248
-0.2896000000000001,0.833162026331248
-0.2895500000000002,0.833162026331248
-0.2894999999999999,0.833162026331248
-0.28945,0.833162026331248
-0.2894000000000001,0.833162026331248
-0.2893500000000002,0.833162026331248
-0.2892999999999999,0.833162026331248
-0.28925,0.833162026331248
-0.2892000000000001,0.833162026331248
-0.2891499999999998,0.833162026331248
-0.2890999999999999,0.833162026331248
-0.28905,0.833162026331248
-0.2890000000000001,0.833162026331248
-0.2889499999999998,0.833162026331248
-0.2888999999999999,0.833162026331248
-0.2888500000000001,0.8334978450566448
-0.2888000000000002,0.833162026331248
-0.2887499999999998,0.833162026331248
-0.2887,0.833162026331248
-0.2886500000000001,0.833162026331248
-0.2886000000000002,0.833162026331248
-0.2885499999999999,0.8328262076058512
-0.2885,0.8328262076058512
-0.2884500000000001,0.833162026331248
-0.2884000000000002,0.833162026331248
-0.2883499999999999,0.833162026331248
-0.2883,0.833162026331248
-0.2882500000000001,0.833162026331248
-0.2881999999999998,0.833162026331248
-0.2881499999999999,0.833162026331248
-0.2881,0.833162026331248
-0.2880500000000001,0.833162026331248
-0.2879999999999998,0.8331620263312505
-0.2879499999999999,0.8334978450566448
-0.2879,0.833162026331248
-0.2878500000000002,0.8334978450566448
-0.2877999999999998,0.833162026331248
-0.28775,0.833162026331248
-0.2877000000000001,0.8334978450566448
-0.2876500000000002,0.8331620263312505
-0.2875999999999999,0.833162026331248
-0.28755,0.833162026331248
-0.2875000000000001,0.8334978450566448
-0.2874500000000002,0.8334978450566448
-0.2873999999999999,0.8334978450566448
-0.28735,0.8334978450566448
-0.2873000000000001,0.8334978450566448
-0.2872499999999998,0.8334978450566448
-0.2871999999999999,0.8334978450566448
-0.28715,0.8334978450566448
-0.2871000000000001,0.833162026331248
-0.2870499999999998,0.8334978450566448
-0.2869999999999999,0.8334978450566448
-0.28695,0.8334978450566448
-0.2869000000000002,0.8334978450566448
-0.2868499999999998,0.833162026331248
-0.2867999999999999,0.833162026331248
-0.2867500000000001,0.833162026331248
-0.2867000000000002,0.833162026331248
-0.2866499999999998,0.833162026331248
-0.2866,0.833162026331248
-0.2865500000000001,0.833162026331248
-0.2865000000000002,0.833162026331248
-0.2864499999999999,0.833162026331248
-0.2864,0.833162026331248
-0.2863500000000001,0.833162026331248
-0.2863000000000002,0.833162026331248
-0.2862499999999999,0.833162026331248
-0.2862,0.833162026331248
-0.2861500000000001,0.833162026331248
-0.2860999999999998,0.833162026331248
-0.2860499999999999,0.833162026331248
-0.286,0.833162026331248
-0.2859500000000001,0.833162026331248
-0.2858999999999998,0.8328262076058512
-0.2858499999999999,0.833162026331248
-0.2858000000000001,0.833162026331248
-0.2857500000000002,0.833162026331248
-0.2856999999999998,0.8328262076058512
-0.28565,0.8328262076058512
-0.2856000000000001,0.833162026331248
-0.2855500000000002,0.8328262076058537
-0.2854999999999999,0.8328262076058512
-0.28545,0.8328262076058512
-0.2854000000000001,0.8328262076058512
-0.2853500000000002,0.8331620263312456
-0.2852999999999999,0.833162026331248
-0.28525,0.833162026331248
-0.2852000000000001,0.833162026331248
-0.2851499999999998,0.833162026331248
-0.2850999999999999,0.833162026331248
-0.28505,0.833162026331248
-0.2850000000000001,0.8328262076058512
-0.2849499999999998,0.8331620263312456
-0.2848999999999999,0.8328262076058512
-0.28485,0.8328262076058512
-0.2848000000000002,0.8328262076058512
-0.2847499999999998,0.833162026331248
-0.2847,0.8328262076058512
-0.2846500000000001,0.833162026331248
-0.2846000000000002,0.833162026331248
-0.2845499999999999,0.8328262076058512
-0.2845,0.833162026331248
-0.2844500000000001,0.8328262076058512
-0.2844000000000002,0.8328262076058512
-0.2843499999999999,0.8328262076058512
-0.2843,0.8328262076058512
-0.2842500000000001,0.8328262076058512
-0.2841999999999998,0.8328262076058512
-0.2841499999999999,0.8328262076058512
-0.2841,0.8328262076058512
-0.2840500000000001,0.8328262076058512
-0.2839999999999998,0.8331620263312456
-0.2839499999999999,0.8328262076058512
-0.2839,0.8328262076058512
-0.2838500000000002,0.8328262076058512
-0.2837999999999998,0.8328262076058512
-0.2837499999999999,0.833162026331248
-0.2837000000000001,0.833162026331248
-0.2836500000000002,0.8328262076058512
-0.2835999999999999,0.833162026331248
-0.28355,0.8328262076058512
-0.2835000000000001,0.8328262076058512
-0.2834500000000002,0.8328262076058512
-0.2833999999999999,0.8328262076058512
-0.28335,0.8328262076058512
-0.2833000000000001,0.8328262076058512
-0.2832499999999998,0.8328262076058512
-0.2831999999999999,0.8328262076058512
-0.28315,0.833162026331248
-0.2831000000000001,0.833162026331248
-0.2830499999999998,0.8328262076058537
-0.2829999999999999,0.833162026331248
-0.28295,0.8328262076058512
-0.2829000000000002,0.833162026331248
-0.2828499999999998,0.833162026331248
-0.2827999999999999,0.8328262076058512
-0.2827500000000001,0.833162026331248
-0.2827000000000002,0.833162026331248
-0.2826499999999998,0.833162026331248
-0.2826,0.833162026331248
-0.2825500000000001,0.8328262076058512
-0.2825000000000002,0.8328262076058512
-0.2824499999999999,0.8328262076058512
-0.2824,0.8328262076058512
-0.2823500000000001,0.8328262076058512
-0.2823000000000002,0.8328262076058512
-0.2822499999999999,0.8328262076058512
-0.2822,0.8328262076058512
-0.2821500000000001,0.8328262076058512
-0.2820999999999998,0.833162026331248
-0.2820499999999999,0.833162026331248
-0.282,0.833162026331248
-0.2819500000000001,0.8328262076058512
-0.2818999999999998,0.833162026331248
-0.2818499999999999,0.833162026331248
-0.2818000000000001,0.833162026331248
-0.2817500000000002,0.833162026331248
-0.2816999999999998,0.8328262076058512
-0.28165,0.8328262076058512
-0.2816000000000001,0.8328262076058512
-0.2815500000000002,0.8331620263312456
-0.2814999999999999,0.8328262076058512
-0.28145,0.833162026331248
-0.2814000000000001,0.833162026331248
-0.2813500000000002,0.833162026331248
-0.2812999999999999,0.833162026331248
-0.28125,0.833162026331248
-0.2812000000000001,0.833162026331248
-0.2811499999999998,0.8328262076058512
-0.2810999999999999,0.8328262076058512
-0.28105,0.8328262076058512
-0.2810000000000001,0.8328262076058512
-0.2809499999999998,0.8328262076058512
-0.2808999999999999,0.8328262076058512
-0.28085,0.8328262076058512
-0.2808000000000002,0.8328262076058512
-0.2807499999999998,0.833162026331248
-0.2806999999999999,0.833162026331248
-0.2806500000000001,0.8328262076058512
-0.2806000000000002,0.8331620263312456
-0.2805499999999999,0.8328262076058512
-0.2805,0.833162026331248
-0.2804500000000001,0.8328262076058512
-0.2804000000000002,0.8328262076058512
-0.2803499999999999,0.8328262076058512
-0.2803,0.8328262076058512
-0.2802500000000001,0.8328262076058512
-0.2801999999999998,0.8328262076058512
-0.2801499999999999,0.8328262076058512
-0.2801,0.8328262076058512
-0.2800500000000001,0.8328262076058512
-0.2799999999999998,0.8328262076058512
-0.2799499999999999,0.8328262076058512
-0.2799,0.8328262076058512
-0.2798500000000002,0.8328262076058512
-0.2797999999999998,0.8328262076058512
-0.2797499999999999,0.8328262076058512
-0.2797000000000001,0.8328262076058512
-0.2796500000000002,0.8328262076058512
-0.2795999999999998,0.8328262076058512
-0.27955,0.8328262076058512
-0.2795000000000001,0.8328262076058512
-0.2794500000000002,0.8328262076058512
-0.2793999999999999,0.8328262076058512
-0.27935,0.8328262076058512
-0.2793000000000001,0.833162026331248
-0.2792500000000002,0.8328262076058537
-0.2791999999999999,0.833162026331248
-0.27915,0.8328262076058512
-0.2791000000000001,0.8328262076058512
-0.2790499999999998,0.8328262076058512
-0.2789999999999999,0.8328262076058512
-0.27895,0.8328262076058512
-0.2789000000000001,0.8328262076058512
-0.2788499999999998,0.8328262076058512
-0.2787999999999999,0.8328262076058512
-0.2787500000000001,0.8328262076058512
-0.2787000000000002,0.8328262076058512
-0.2786499999999998,0.8328262076058512
-0.2786,0.833162026331248
-0.2785500000000001,0.833162026331248
-0.2785000000000002,0.833162026331248
-0.2784499999999999,0.833162026331248
-0.2784,0.833162026331248
-0.2783500000000001,0.833162026331248
-0.2783000000000002,0.8328262076058537
-0.2782499999999999,0.833162026331248
-0.2782,0.833162026331248
-0.2781500000000001,0.833162026331248
-0.2780999999999998,0.8328262076058537
-0.2780499999999999,0.833162026331248
-0.278,0.8328262076058512
-0.2779500000000001,0.8328262076058512
-0.2778999999999998,0.8328262076058512
-0.2778499999999999,0.8328262076058512
-0.2778,0.8328262076058512
-0.2777500000000002,0.8324903888804545
-0.2776999999999998,0.8328262076058512
-0.27765,0.8328262076058512
-0.2776000000000001,0.8324903888804545
-0.2775500000000002,0.8324903888804545
-0.2774999999999999,0.8324903888804545
-0.27745,0.8324903888804545
-0.2774000000000001,0.8324903888804545
-0.2773500000000002,0.8328262076058488
-0.2772999999999999,0.8324903888804545
-0.27725,0.8324903888804545
-0.2772000000000001,0.8324903888804545
-0.2771499999999998,0.8328262076058488
-0.2770999999999999,0.8324903888804545
-0.27705,0.8324903888804545
-0.2770000000000001,0.8324903888804545
-0.2769499999999998,0.8324903888804545
-0.2768999999999999,0.8324903888804545
-0.27685,0.8324903888804545
-0.2768000000000002,0.8328262076058512
-0.2767499999999998,0.8324903888804545
-0.2766999999999999,0.8324903888804545
-0.2766500000000001,0.8324903888804545
-0.2766000000000002,0.8324903888804545
-0.2765499999999999,0.8324903888804545
-0.2765,0.8324903888804545
-0.2764500000000001,0.8324903888804545
-0.2764000000000002,0.8324903888804545
-0.2763499999999999,0.8324903888804545
-0.2763,0.8328262076058512
-0.2762500000000001,0.8324903888804545
-0.2761999999999998,0.8324903888804545
-0.2761499999999999,0.8324903888804545
-0.2761,0.8324903888804545
-0.2760500000000001,0.8324903888804545
-0.2759999999999998,0.8324903888804545
-0.2759499999999999,0.8324903888804545
-0.2759,0.8324903888804545
-0.2758500000000002,0.8324903888804545
-0.2757999999999998,0.8324903888804545
-0.2757499999999999,0.8324903888804545
-0.2757000000000001,0.8324903888804545
-0.2756500000000002,0.8324903888804545
-0.2755999999999998,0.8328262076058512
-0.27555,0.8324903888804545
-0.2755000000000001,0.8324903888804545
-0.2754500000000002,0.8324903888804545
-0.2753999999999999,0.8324903888804545
-0.27535,0.8324903888804545
-0.2753000000000001,0.8324903888804545
-0.2752500000000002,0.8324903888804545
-0.2751999999999999,0.8328262076058512
-0.27515,0.8324903888804545
-0.2751000000000001,0.8324903888804545
-0.2750499999999998,0.8324903888804569
-0.2749999999999999,0.8328262076058512
-0.27495,0.8328262076058512
-0.2749000000000001,0.8324903888804545
-0.2748499999999998,0.8324903888804545
-0.2747999999999999,0.8324903888804545
-0.27475,0.8324903888804545
-0.2747000000000002,0.8324903888804545
-0.2746499999999998,0.8324903888804545
-0.2746,0.8324903888804545
-0.2745500000000001,0.8324903888804545
-0.2745000000000002,0.8324903888804545
-0.2744499999999999,0.8324903888804545
-0.2744,0.8328262076058512
-0.2743500000000001,0.8324903888804545
-0.2743000000000002,0.8324903888804545
-0.2742499999999999,0.8324903888804545
-0.2742,0.8324903888804545
-0.2741500000000001,0.8324903888804545
-0.2740999999999998,0.8324903888804545
-0.2740499999999999,0.8324903888804545
-0.274,0.8324903888804545
-0.2739500000000001,0.8324903888804545
-0.2738999999999998,0.8324903888804569
-0.2738499999999999,0.8328262076058512
-0.2738,0.8328262076058512
-0.2737500000000002,0.8328262076058512
-0.2736999999999998,0.8328262076058512
-0.2736499999999999,0.8328262076058512
-0.2736000000000001,0.8324903888804545
-0.2735500000000002,0.8324903888804545
-0.2734999999999999,0.8328262076058512
-0.27345,0.8328262076058512
-0.2734000000000001,0.8328262076058512
-0.2733500000000002,0.8328262076058512
-0.2732999999999999,0.8328262076058512
-0.27325,0.8328262076058512
-0.2732000000000001,0.8328262076058512
-0.2731499999999998,0.8328262076058512
-0.2730999999999999,0.8328262076058512
-0.27305,0.8328262076058512
-0.2730000000000001,0.8328262076058512
-0.2729499999999998,0.8328262076058512
-0.2728999999999999,0.8328262076058512
-0.27285,0.8328262076058512
-0.2728000000000002,0.8328262076058512
-0.2727499999999998,0.8328262076058512
-0.2726999999999999,0.8328262076058512
-0.2726500000000001,0.8328262076058512
-0.2726000000000002,0.8328262076058512
-0.2725499999999998,0.8328262076058512
-0.2725,0.8328262076058512
-0.2724500000000001,0.8328262076058512
-0.2724000000000002,0.8331620263312456
-0.2723499999999999,0.833162026331248
-0.2723,0.8328262076058512
-0.2722500000000001,0.8328262076058512
-0.2722000000000002,0.8328262076058512
-0.2721499999999999,0.8328262076058512
-0.2721,0.8328262076058512
-0.2720500000000001,0.8328262076058512
-0.2719999999999998,0.8328262076058512
-0.2719499999999999,0.8328262076058512
-0.2719,0.8328262076058512
-0.2718500000000001,0.8328262076058512
-0.2717999999999998,0.8328262076058512
-0.2717499999999999,0.8328262076058512
-0.2717000000000001,0.8328262076058512
-0.2716500000000002,0.8328262076058512
-0.2715999999999998,0.8328262076058512
-0.27155,0.8328262076058512
-0.2715000000000001,0.8328262076058512
-0.2714500000000002,0.8328262076058512
-0.2713999999999999,0.8328262076058512
-0.27135,0.8328262076058512
-0.2713000000000001,0.8328262076058512
-0.2712500000000002,0.8328262076058512
-0.2711999999999999,0.8328262076058512
-0.27115,0.8328262076058512
-0.2711000000000001,0.833162026331248
-0.2710499999999998,0.833162026331248
-0.2709999999999999,0.833162026331248
-0.27095,0.833162026331248
-0.2709000000000001,0.833162026331248
-0.2708499999999998,0.833162026331248
-0.2707999999999999,0.833162026331248
-0.27075,0.833162026331248
-0.2707000000000002,0.833162026331248
-0.2706499999999998,0.833162026331248
-0.2706,0.833162026331248
-0.2705500000000001,0.833162026331248
-0.2705000000000002,0.833162026331248
-0.2704499999999999,0.833162026331248
-0.2704,0.833162026331248
-0.2703500000000001,0.833162026331248
-0.2703000000000002,0.833162026331248
-0.2702499999999999,0.833162026331248
-0.2702,0.833162026331248
-0.2701500000000001,0.833162026331248
-0.2700999999999998,0.833162026331248
-0.2700499999999999,0.833162026331248
-0.27,0.8334978450566448
-0.2699500000000001,0.8334978450566448
-0.2698999999999998,0.8334978450566448
-0.2698499999999999,0.8334978450566448
-0.2698,0.833162026331248
-0.2697500000000002,0.833162026331248
-0.2696999999999998,0.833162026331248
-0.2696499999999999,0.833162026331248
-0.2696000000000001,0.833162026331248
-0.2695500000000002,0.833162026331248
-0.2694999999999999,0.8334978450566448
-0.26945,0.833162026331248
-0.2694000000000001,0.833162026331248
-0.2693500000000002,0.833162026331248
-0.2692999999999999,0.833162026331248
-0.26925,0.833162026331248
-0.2692000000000001,0.833162026331248
-0.2691499999999998,0.833162026331248
-0.2690999999999999,0.833162026331248
-0.26905,0.833162026331248
-0.2690000000000001,0.8334978450566448
-0.2689499999999998,0.833162026331248
-0.2688999999999999,0.833162026331248
-0.26885,0.833162026331248
-0.2688000000000001,0.833162026331248
-0.2687499999999998,0.833162026331248
-0.2686999999999999,0.833162026331248
-0.2686500000000001,0.833162026331248
-0.2686000000000002,0.833162026331248
-0.2685499999999998,0.833162026331248
-0.2685,0.833162026331248
-0.2684500000000001,0.833162026331248
-0.2684000000000002,0.833162026331248
-0.2683499999999999,0.833162026331248
-0.2683,0.833162026331248
-0.2682500000000001,0.833162026331248
-0.2682000000000002,0.833162026331248
-0.2681499999999999,0.833162026331248
-0.2681,0.833162026331248
-0.2680500000000001,0.833162026331248
-0.2679999999999998,0.8334978450566424
-0.2679499999999999,0.833162026331248
-0.2679,0.8334978450566448
-0.2678500000000001,0.8334978450566448
-0.2677999999999998,0.833162026331248
-0.2677499999999999,0.833162026331248
-0.2677,0.833162026331248
-0.2676500000000002,0.8334978450566448
-0.2675999999999998,0.833162026331248
-0.26755,0.8334978450566448
-0.2675000000000001,0.8334978450566448
-0.2674500000000002,0.8334978450566448
-0.2673999999999999,0.8334978450566448
-0.26735,0.833162026331248
-0.2673000000000001,0.833162026331248
-0.2672500000000002,0.833162026331248
-0.2671999999999999,0.8334978450566448
-0.26715,0.8334978450566448
-0.2671000000000001,0.833162026331248
-0.2670499999999998,0.8334978450566424
-0.2669999999999999,0.833162026331248
-0.26695,0.8334978450566448
-0.2669000000000001,0.8334978450566448
-0.2668499999999998,0.833162026331248
-0.2667999999999999,0.833162026331248
-0.26675,0.8334978450566448
-0.2667000000000002,0.8334978450566448
-0.2666499999999998,0.8334978450566448
-0.2665999999999999,0.833162026331248
-0.2665500000000001,0.833162026331248
-0.2665000000000002,0.833162026331248
-0.2664499999999999,0.8328262076058512
-0.2664,0.8328262076058512
-0.2663500000000001,0.833162026331248
-0.2663000000000002,0.833162026331248
-0.2662499999999999,0.833162026331248
-0.2662,0.8328262076058512
-0.2661500000000001,0.8328262076058512
-0.2660999999999998,0.8328262076058512
-0.2660499999999999,0.8328262076058512
-0.266,0.8328262076058512
-0.2659500000000001,0.8328262076058512
-0.2658999999999998,0.8328262076058512
-0.2658499999999999,0.8328262076058512
-0.2658,0.833162026331248
-0.2657500000000002,0.8328262076058512
-0.2656999999999998,0.8328262076058512
-0.2656499999999999,0.8328262076058512
-0.2656000000000001,0.8328262076058512
-0.2655500000000002,0.8328262076058512
-0.2654999999999998,0.8328262076058512
-0.26545,0.8328262076058512
-0.2654000000000001,0.8328262076058512
-0.2653500000000002,0.8328262076058512
-0.2652999999999999,0.8328262076058512
-0.26525,0.8328262076058512
-0.2652000000000001,0.8328262076058512
-0.2651500000000002,0.8328262076058512
-0.2650999999999999,0.8328262076058512
-0.26505,0.8328262076058512
-0.2650000000000001,0.8328262076058512
-0.2649499999999998,0.8328262076058512
-0.2648999999999999,0.8328262076058512
-0.26485,0.8328262076058512
-0.2648000000000001,0.8328262076058512
-0.2647499999999998,0.8328262076058512
-0.2646999999999999,0.833162026331248
-0.2646500000000001,0.8328262076058512
-0.2646000000000002,0.833162026331248
-0.2645499999999998,0.833162026331248
-0.2645,0.833162026331248
-0.2644500000000001,0.8328262076058512
-0.2644000000000002,0.8328262076058512
-0.2643499999999999,0.8328262076058512
-0.2643,0.8328262076058512
-0.2642500000000001,0.8328262076058512
-0.2642000000000002,0.8328262076058512
-0.2641499999999999,0.8328262076058512
-0.2641,0.8328262076058512
-0.2640500000000001,0.8328262076058512
-0.2639999999999998,0.8328262076058512
-0.2639499999999999,0.8328262076058512
-0.2639,0.8328262076058512
-0.2638500000000001,0.833162026331248
-0.2637999999999998,0.833162026331248
-0.2637499999999999,0.833162026331248
-0.2637,0.8328262076058512
-0.2636500000000002,0.833162026331248
-0.2635999999999998,0.8328262076058512
-0.26355,0.8328262076058512
-0.2635000000000001,0.8328262076058512
-0.2634500000000002,0.8328262076058512
-0.2633999999999999,0.833162026331248
-0.26335,0.833162026331248
-0.2633000000000001,0.833162026331248
-0.2632500000000002,0.8328262076058537
-0.2631999999999999,0.8328262076058512
-0.26315,0.8328262076058512
-0.2631000000000001,0.8328262076058512
-0.2630499999999998,0.8328262076058537
-0.2629999999999999,0.833162026331248
-0.26295,0.833162026331248
-0.2629000000000001,0.833162026331248
-0.2628499999999998,0.833162026331248
-0.2627999999999999,0.833162026331248
-0.26275,0.833162026331248
-0.2627000000000002,0.833162026331248
-0.2626499999999998,0.833162026331248
-0.2625999999999999,0.833162026331248
-0.2625500000000001,0.833162026331248
-0.2625000000000002,0.833162026331248
-0.2624499999999999,0.8328262076058512
-0.2624,0.8328262076058512
-0.2623500000000001,0.8328262076058512
-0.2623000000000002,0.8328262076058512
-0.2622499999999999,0.8328262076058512
-0.2622,0.8328262076058512
-0.2621500000000001,0.8328262076058512
-0.2621000000000002,0.8328262076058512
-0.2620499999999999,0.8328262076058512
-0.262,0.8328262076058512
-0.2619500000000001,0.833162026331248
-0.2618999999999998,0.8328262076058512
-0.2618499999999999,0.8328262076058512
-0.2618,0.8328262076058512
-0.2617500000000001,0.8328262076058512
-0.2616999999999998,0.8328262076058512
-0.2616499999999999,0.833162026331248
-0.2616000000000001,0.833162026331248
-0.2615500000000002,0.8328262076058512
-0.2614999999999998,0.8328262076058512
-0.26145,0.8328262076058512
-0.2614000000000001,0.833162026331248
-0.2613500000000002,0.833162026331248
-0.2612999999999999,0.833162026331248
-0.26125,0.833162026331248
-0.2612000000000001,0.833162026331248
-0.2611500000000002,0.8328262076058537
-0.2610999999999999,0.8328262076058512
-0.26105,0.8328262076058512
-0.2610000000000001,0.833162026331248
-0.2609499999999998,0.833162026331248
-0.2608999999999999,0.833162026331248
-0.26085,0.833162026331248
-0.2608000000000001,0.8328262076058512
-0.2607499999999998,0.8328262076058512
-0.2606999999999999,0.8328262076058512
-0.26065,0.8328262076058512
-0.2606000000000002,0.8328262076058512
-0.2605499999999998,0.833162026331248
-0.2605,0.833162026331248
-0.2604500000000001,0.8328262076058512
-0.2604000000000002,0.8328262076058512
-0.2603499999999999,0.8328262076058512
-0.2603,0.8328262076058512
-0.2602500000000001,0.833162026331248
-0.2602000000000002,0.8328262076058537
-0.2601499999999999,0.833162026331248
-0.2601,0.833162026331248
-0.2600500000000001,0.8328262076058512
-0.2599999999999998,0.8331620263312456
-0.2599499999999999,0.8328262076058512
-0.2599,0.8328262076058512
-0.2598500000000001,0.8328262076058512
-0.2597999999999998,0.8328262076058537
-0.2597499999999999,0.833162026331248
-0.2597,0.833162026331248
-0.2596500000000002,0.833162026331248
-0.2595999999999998,0.8328262076058512
-0.2595499999999999,0.833162026331248
-0.2595000000000001,0.833162026331248
-0.2594500000000002,0.833162026331248
-0.2593999999999999,0.833162026331248
-0.25935,0.8328262076058512
-0.2593000000000001,0.8328262076058512
-0.2592500000000002,0.8331620263312456
-0.2591999999999999,0.833162026331248
-0.25915,0.8328262076058512
-0.2591000000000001,0.8328262076058512
-0.2590499999999998,0.8328262076058512
-0.2589999999999999,0.8328262076058512
-0.25895,0.833162026331248
-0.2589000000000001,0.8328262076058512
-0.2588499999999998,0.8328262076058512
-0.2587999999999999,0.8328262076058512
-0.25875,0.8328262076058512
-0.2587000000000002,0.8328262076058512
-0.2586499999999998,0.8328262076058512
-0.2585999999999999,0.8328262076058512
-0.2585500000000001,0.8328262076058512
-0.2585000000000002,0.8328262076058512
-0.2584499999999998,0.8328262076058512
-0.2584,0.8328262076058512
-0.2583500000000001,0.8328262076058512
-0.2583000000000002,0.8328262076058512
-0.2582499999999999,0.8328262076058512
-0.2582,0.8328262076058512
-0.2581500000000001,0.8328262076058512
-0.2581000000000002,0.8328262076058512
-0.2580499999999999,0.8328262076058512
-0.258,0.8328262076058512
-0.2579500000000001,0.8328262076058512
-0.2578999999999998,0.8328262076058512
-0.2578499999999999,0.8328262076058512
-0.2578,0.8328262076058512
-0.2577500000000001,0.8324903888804545
-0.2576999999999998,0.8324903888804545
-0.2576499999999999,0.8324903888804545
-0.2576000000000001,0.8324903888804545
-0.2575500000000002,0.8324903888804545
-0.2574999999999998,0.8324903888804545
-0.25745,0.8324903888804545
-0.2574000000000001,0.8324903888804545
-0.2573500000000002,0.8324903888804545
-0.2572999999999999,0.8324903888804545
-0.25725,0.8328262076058512
-0.2572000000000001,0.8324903888804545
-0.2571500000000002,0.8324903888804545
-0.2570999999999999,0.8324903888804545
-0.25705,0.8324903888804545
-0.2570000000000001,0.8324903888804545
-0.2569499999999998,0.8324903888804545
-0.2568999999999999,0.8324903888804545
-0.25685,0.8324903888804545
-0.2568000000000001,0.8324903888804545
-0.2567499999999998,0.8324903888804545
-0.2566999999999999,0.8324903888804545
-0.25665,0.8328262076058512
-0.2566000000000002,0.8328262076058512
-0.2565499999999998,0.8324903888804545
-0.2565,0.8328262076058512
-0.2564500000000001,0.8324903888804545
-0.2564000000000002,0.8328262076058488
-0.2563499999999999,0.8328262076058512
-0.2563,0.8328262076058512
-0.2562500000000001,0.8328262076058512
-0.2562000000000002,0.8324903888804569
-0.2561499999999999,0.8324903888804545
-0.2561,0.8324903888804545
-0.2560500000000001,0.8328262076058512
-0.2559999999999998,0.8324903888804545
-0.2559499999999999,0.8324903888804545
-0.2559,0.8324903888804545
-0.2558500000000001,0.8324903888804545
-0.2557999999999998,0.8324903888804545
-0.2557499999999999,0.8324903888804545
-0.2557,0.8324903888804545
-0.2556500000000002,0.8324903888804545
-0.2555999999999998,0.8328262076058512
-0.2555499999999999,0.8324903888804545
-0.2555000000000001,0.8324903888804545
-0.2554500000000002,0.8324903888804545
-0.2553999999999998,0.8328262076058512
-0.25535,0.8324903888804545
-0.2553000000000001,0.8324903888804545
-0.2552500000000002,0.8328262076058488
-0.2551999999999999,0.8324903888804545
-0.25515,0.8328262076058512
-0.2551000000000001,0.8328262076058512
-0.2550500000000002,0.8328262076058512
-0.2549999999999999,0.8324903888804545
-0.25495,0.8324903888804545
-0.2549000000000001,0.8324903888804545
-0.2548499999999998,0.8324903888804545
-0.2547999999999999,0.8324903888804545
-0.25475,0.8324903888804545
-0.2547000000000001,0.8324903888804545
-0.2546499999999998,0.8324903888804545
-0.2545999999999999,0.8324903888804545
-0.2545500000000001,0.8324903888804545
-0.2545000000000002,0.8324903888804545
-0.2544499999999998,0.8324903888804545
-0.2544,0.8324903888804545
-0.2543500000000001,0.8324903888804545
-0.2543000000000002,0.8324903888804545
-0.2542499999999999,0.8324903888804545
-0.2542,0.8324903888804545
-0.2541500000000001,0.8328262076058512
-0.2541000000000002,0.8324903888804569
-0.2540499999999999,0.8324903888804545
-0.254,0.8324903888804545
-0.2539500000000001,0.8328262076058512
-0.2538999999999998,0.8328262076058512
-0.2538499999999999,0.8328262076058512
-0.2538,0.8324903888804545
-0.2537500000000001,0.8324903888804545
-0.2536999999999998,0.8324903888804569
-0.2536499999999999,0.8328262076058512
-0.2536,0.8328262076058512
-0.2535500000000002,0.8324903888804545
-0.2534999999999998,0.8324903888804545
-0.25345,0.8328262076058512
-0.2534000000000001,0.8328262076058512
-0.2533500000000002,0.8328262076058512
-0.2532999999999999,0.8324903888804545
-0.25325,0.8328262076058512
-0.2532000000000001,0.8328262076058512
-0.2531500000000002,0.8324903888804569
-0.2530999999999999,0.8328262076058512
-0.25305,0.8324903888804545
-0.2530000000000001,0.8328262076058512
-0.2529499999999998,0.8328262076058512
-0.2528999999999999,0.8328262076058512
-0.25285,0.8328262076058512
-0.2528000000000001,0.8328262076058512
-0.2527499999999998,0.8328262076058512
-0.2526999999999999,0.8328262076058512
-0.25265,0.8328262076058512
-0.2526000000000002,0.8328262076058512
-0.2525499999999998,0.8328262076058512
-0.2524999999999999,0.8328262076058512
-0.2524500000000001,0.8328262076058512
-0.2524000000000002,0.8328262076058512
-0.2523499999999999,0.8328262076058512
-0.2523,0.8328262076058512
-0.2522500000000001,0.8328262076058512
-0.2522000000000002,0.8328262076058512
-0.2521499999999999,0.8328262076058512
-0.2521,0.833162026331248
-0.2520500000000001,0.8328262076058512
-0.2519999999999998,0.8328262076058512
-0.2519499999999999,0.8328262076058512
-0.2519,0.8328262076058512
-0.2518500000000001,0.8328262076058512
-0.2517999999999998,0.8328262076058512
-0.2517499999999999,0.8328262076058512
-0.2517,0.8328262076058512
-0.2516500000000002,0.8328262076058512
-0.2515999999999998,0.8328262076058512
-0.2515499999999999,0.8328262076058512
-0.2515000000000001,0.8328262076058512
-0.2514500000000002,0.8328262076058512
-0.2513999999999998,0.8328262076058512
-0.25135,0.8328262076058512
-0.2513000000000001,0.8328262076058512
-0.2512500000000002,0.8328262076058512
-0.2511999999999999,0.8328262076058512
-0.25115,0.8328262076058512
-0.2511000000000001,0.833162026331248
-0.2510500000000002,0.833162026331248
-0.2509999999999999,0.8328262076058512
-0.25095,0.833162026331248
-0.2509000000000001,0.833162026331248
-0.2508499999999998,0.833162026331248
-0.2507999999999999,0.833162026331248
-0.25075,0.833162026331248
-0.2507000000000001,0.833162026331248
-0.2506499999999998,0.833162026331248
-0.2505999999999999,0.833162026331248
-0.2505500000000001,0.833162026331248
-0.2505000000000002,0.833162026331248
-0.2504499999999998,0.833162026331248
-0.2504,0.833162026331248
-0.2503500000000001,0.833162026331248
-0.2503000000000002,0.833162026331248
-0.2502499999999999,0.833162026331248
-0.2502,0.833162026331248
-0.2501500000000001,0.833162026331248
-0.2501000000000002,0.833162026331248
-0.2500499999999999,0.833162026331248
-0.25,0.833162026331248
-0.2499500000000001,0.833162026331248
-0.2498999999999998,0.8334978450566424
-0.2498499999999999,0.833162026331248
-0.2498,0.833162026331248
-0.2497500000000001,0.833162026331248
-0.2496999999999998,0.833162026331248
-0.2496499999999999,0.833162026331248
-0.2496,0.833162026331248
-0.2495500000000002,0.833162026331248
-0.2494999999999998,0.833162026331248
-0.2494499999999999,0.833162026331248
-0.2494000000000001,0.833162026331248
-0.2493500000000002,0.833162026331248
-0.2492999999999999,0.833162026331248
-0.24925,0.8334978450566448
-0.2492000000000001,0.833162026331248
-0.2491500000000002,0.833162026331248
-0.2490999999999999,0.833162026331248
-0.24905,0.833162026331248
-0.2490000000000001,0.833162026331248
-0.2489499999999998,0.8334978450566448
-0.2488999999999999,0.8334978450566448
-0.24885,0.833162026331248
-0.2488000000000001,0.833162026331248
-0.2487499999999998,0.833162026331248
-0.2486999999999999,0.833162026331248
-0.24865,0.833162026331248
-0.2486000000000002,0.833162026331248
-0.2485499999999998,0.833162026331248
-0.2484999999999999,0.833162026331248
-0.2484500000000001,0.833162026331248
-0.2484000000000002,0.833162026331248
-0.2483499999999998,0.833162026331248
-0.2483,0.833162026331248
-0.2482500000000001,0.833162026331248
-0.2482000000000002,0.833162026331248
-0.2481499999999999,0.833162026331248
-0.2481,0.833162026331248
-0.2480500000000001,0.833162026331248
-0.2480000000000002,0.833162026331248
-0.2479499999999999,0.833162026331248
-0.2479,0.833162026331248
-0.2478500000000001,0.833162026331248
-0.2477999999999998,0.833162026331248
-0.2477499999999999,0.833162026331248
-0.2477,0.833162026331248
-0.2476500000000001,0.833162026331248
-0.2475999999999998,0.833162026331248
-0.2475499999999999,0.833162026331248
-0.2475000000000001,0.833162026331248
-0.2474500000000002,0.833162026331248
-0.2473999999999998,0.833162026331248
-0.24735,0.8334978450566448
-0.2473000000000001,0.833162026331248
-0.2472500000000002,0.833162026331248
-0.2471999999999999,0.833162026331248
-0.24715,0.833162026331248
-0.2471000000000001,0.833162026331248
-0.2470500000000002,0.8334978450566424
-0.2469999999999999,0.833162026331248
-0.24695,0.833162026331248
-0.2469000000000001,0.833162026331248
-0.2468499999999998,0.833162026331248
-0.2467999999999999,0.833162026331248
-0.24675,0.833162026331248
-0.2467000000000001,0.833162026331248
-0.2466499999999998,0.833162026331248
-0.2465999999999999,0.833162026331248
-0.24655,0.833162026331248
-0.2465000000000002,0.833162026331248
-0.2464499999999998,0.8328262076058512
-0.2464,0.833162026331248
-0.2463500000000001,0.833162026331248
-0.2463000000000002,0.833162026331248
-0.2462499999999999,0.833162026331248
-0.2462,0.8328262076058512
-0.2461500000000001,0.8328262076058512
-0.2461000000000002,0.8328262076058512
-0.2460499999999999,0.833162026331248
-0.246,0.8328262076058512
-0.2459500000000001,0.8328262076058512
-0.2458999999999998,0.8328262076058537
-0.2458499999999999,0.833162026331248
-0.2458,0.833162026331248
-0.2457500000000001,0.833162026331248
-0.2456999999999998,0.833162026331248
-0.2456499999999999,0.833162026331248
-0.2456,0.833162026331248
-0.2455500000000002,0.833162026331248
-0.2454999999999998,0.833162026331248
-0.2454499999999999,0.8328262076058512
-0.2454000000000001,0.833162026331248
-0.2453500000000002,0.833162026331248
-0.2452999999999999,0.833162026331248
-0.24525,0.833162026331248
-0.2452000000000001,0.833162026331248
-0.2451500000000002,0.833162026331248
-0.2450999999999999,0.833162026331248
-0.24505,0.8328262076058512
-0.2450000000000001,0.8328262076058512
-0.2449499999999998,0.8328262076058512
-0.2448999999999999,0.8328262076058512
-0.24485,0.8328262076058512
-0.2448000000000001,0.833162026331248
-0.2447499999999998,0.833162026331248
-0.2446999999999999,0.833162026331248
-0.24465,0.8328262076058512
-0.2446000000000002,0.833162026331248
-0.2445499999999998,0.833162026331248
-0.2444999999999999,0.833162026331248
-0.2444500000000001,0.833162026331248
-0.2444000000000002,0.8328262076058512
-0.2443499999999998,0.8328262076058512
-0.2443,0.833162026331248
-0.2442500000000001,0.833162026331248
-0.2442000000000002,0.8328262076058537
-0.2441499999999999,0.833162026331248
-0.2441,0.833162026331248
-0.2440500000000001,0.8328262076058512
-0.2440000000000002,0.8328262076058512
-0.2439499999999999,0.8328262076058512
-0.2439,0.8328262076058512
-0.2438500000000001,0.8328262076058512
-0.2437999999999998,0.8331620263312456
-0.2437499999999999,0.8328262076058512
-0.2437,0.833162026331248
-0.2436500000000001,0.833162026331248
-0.2435999999999998,0.8331620263312456
-0.2435499999999999,0.8328262076058512
-0.2435,0.833162026331248
-0.2434500000000002,0.833162026331248
-0.2433999999999998,0.833162026331248
-0.24335,0.833162026331248
-0.2433000000000001,0.833162026331248
-0.2432500000000002,0.8328262076058537
-0.2431999999999999,0.8328262076058512
-0.24315,0.8328262076058512
-0.2431000000000001,0.833162026331248
-0.2430500000000002,0.8328262076058537
-0.2429999999999999,0.8328262076058512
-0.24295,0.833162026331248
-0.2429000000000001,0.8328262076058512
-0.2428499999999998,0.8331620263312456
-0.2427999999999999,0.8328262076058512
-0.24275,0.833162026331248
-0.2427000000000001,0.833162026331248
-0.2426499999999998,0.833162026331248
-0.2425999999999999,0.833162026331248
-0.24255,0.8328262076058512
-0.2425000000000002,0.8328262076058512
-0.2424499999999998,0.833162026331248
-0.2423999999999999,0.833162026331248
-0.2423500000000001,0.833162026331248
-0.2423000000000002,0.833162026331248
-0.2422499999999999,0.833162026331248
-0.2422,0.8328262076058512
-0.2421500000000001,0.833162026331248
-0.2421000000000002,0.8328262076058537
-0.2420499999999999,0.8328262076058512
-0.242,0.8328262076058512
-0.2419500000000001,0.8328262076058512
-0.2418999999999998,0.833162026331248
-0.2418499999999999,0.833162026331248
-0.2418,0.8328262076058512
-0.2417500000000001,0.8328262076058512
-0.2416999999999998,0.8328262076058512
-0.2416499999999999,0.8328262076058512
-0.2416,0.8328262076058512
-0.2415500000000002,0.8328262076058512
-0.2414999999999998,0.8328262076058512
-0.2414499999999999,0.8328262076058512
-0.2414000000000001,0.8328262076058512
-0.2413500000000002,0.8328262076058512
-0.2412999999999998,0.8328262076058512
-0.24125,0.8328262076058512
-0.2412000000000001,0.8328262076058512
-0.2411500000000002,0.8328262076058512
-0.2410999999999999,0.833162026331248
-0.24105,0.833162026331248
-0.2410000000000001,0.833162026331248
-0.2409500000000002,0.833162026331248
-0.2408999999999999,0.833162026331248
-0.24085,0.8328262076058512
-0.2408000000000001,0.8328262076058512
-0.2407499999999998,0.8328262076058512
-0.2406999999999999,0.8328262076058512
-0.24065,0.8328262076058512
-0.2406000000000001,0.8328262076058512
-0.2405499999999998,0.8328262076058512
-0.2404999999999999,0.8328262076058512
-0.2404500000000001,0.8328262076058512
-0.2404000000000002,0.8328262076058512
-0.2403499999999998,0.833162026331248
-0.2403,0.8328262076058512
-0.2402500000000001,0.8328262076058512
-0.2402000000000002,0.8328262076058512
-0.2401499999999999,0.8328262076058512
-0.2401,0.8328262076058512
-0.2400500000000001,0.8328262076058512
-0.2400000000000002,0.8328262076058512
-0.2399499999999999,0.8328262076058512
-0.2399,0.8328262076058512
-0.2398500000000001,0.833162026331248
-0.2397999999999998,0.8328262076058537
-0.2397499999999999,0.833162026331248
-0.2397,0.833162026331248
-0.2396500000000001,0.833162026331248
-0.2395999999999998,0.8328262076058512
-0.2395499999999999,0.8328262076058512
-0.2395,0.8328262076058512
-0.2394500000000002,0.833162026331248
-0.2393999999999998,0.833162026331248
-0.23935,0.8328262076058512
-0.2393000000000001,0.8328262076058512
-0.2392500000000002,0.8328262076058512
-0.2391999999999999,0.8328262076058512
-0.23915,0.8328262076058512
-0.2391000000000001,0.833162026331248
-0.2390500000000002,0.8328262076058537
-0.2389999999999999,0.8328262076058512
-0.23895,0.8328262076058512
-0.2389000000000001,0.8328262076058512
-0.2388499999999998,0.8328262076058537
-0.2387999999999999,0.833162026331248
-0.23875,0.8328262076058512
-0.2387000000000001,0.8328262076058512
-0.2386499999999998,0.8328262076058512
-0.2385999999999999,0.8328262076058512
-0.23855,0.8328262076058512
-0.2385000000000002,0.8328262076058512
-0.2384499999999998,0.8328262076058512
-0.2383999999999999,0.8328262076058512
-0.2383500000000001,0.8328262076058512
-0.2383000000000002,0.8328262076058512
-0.2382499999999999,0.833162026331248
-0.2382,0.8328262076058512
-0.2381500000000001,0.833162026331248
-0.2381000000000002,0.833162026331248
-0.2380499999999999,0.833162026331248
-0.238,0.8328262076058512
-0.2379500000000001,0.8328262076058512
-0.2378999999999998,0.8328262076058512
-0.2378499999999999,0.8328262076058512
-0.2378,0.8328262076058512
-0.2377500000000001,0.8324903888804545
-0.2376999999999998,0.8328262076058512
-0.2376499999999999,0.8328262076058512
-0.2376,0.8328262076058512
-0.2375500000000001,0.8328262076058512
-0.2374999999999998,0.8328262076058512
-0.2374499999999999,0.8328262076058512
-0.2374000000000001,0.8328262076058512
-0.2373500000000002,0.8324903888804545
-0.2372999999999998,0.8328262076058512
-0.23725,0.8324903888804545
-0.2372000000000001,0.8328262076058512
-0.2371500000000002,0.8324903888804569
-0.2370999999999999,0.8324903888804545
-0.23705,0.8324903888804545
-0.2370000000000001,0.8324903888804545
-0.2369500000000002,0.8324903888804545
-0.2368999999999999,0.8328262076058512
-0.23685,0.8328262076058512
-0.2368000000000001,0.8328262076058512
-0.2367499999999998,0.8328262076058512
-0.2366999999999999,0.8328262076058512
-0.23665,0.8328262076058512
-0.2366000000000001,0.8328262076058512
-0.2365499999999998,0.8324903888804569
-0.2364999999999999,0.8328262076058512
-0.23645,0.8324903888804545
-0.2364000000000002,0.8328262076058512
-0.2363499999999998,0.8328262076058512
-0.2363,0.8324903888804545
-0.2362500000000001,0.8324903888804545
-0.2362000000000002,0.8324903888804545
-0.2361499999999999,0.8324903888804545
-0.2361,0.8324903888804545
-0.2360500000000001,0.8324903888804545
-0.2360000000000002,0.8324903888804545
-0.2359499999999999,0.8328262076058512
-0.2359,0.8324903888804545
-0.2358500000000001,0.8324903888804545
-0.2357999999999998,0.8324903888804545
-0.2357499999999999,0.8324903888804545
-0.2357,0.8324903888804545
-0.2356500000000001,0.8324903888804545
-0.2355999999999998,0.8324903888804545
-0.2355499999999999,0.8324903888804545
-0.2355,0.8328262076058512
-0.2354500000000002,0.8328262076058512
-0.2353999999999998,0.8328262076058512
-0.2353499999999999,0.8328262076058512
-0.2353000000000001,0.8328262076058512
-0.2352500000000002,0.8324903888804545
-0.2351999999999999,0.8324903888804545
-0.23515,0.8324903888804545
-0.2351000000000001,0.8324903888804545
-0.2350500000000002,0.8324903888804545
-0.2349999999999999,0.8324903888804545
-0.23495,0.8324903888804545
-0.2349000000000001,0.8324903888804545
-0.2348499999999998,0.8328262076058488
-0.2347999999999999,0.8324903888804545
-0.23475,0.8324903888804545
-0.2347000000000001,0.8324903888804545
-0.2346499999999998,0.8324903888804545
-0.2345999999999999,0.8324903888804545
-0.23455,0.8324903888804545
-0.2345000000000002,0.8324903888804545
-0.2344499999999998,0.8324903888804545
-0.2343999999999999,0.8324903888804545
-0.2343500000000001,0.8324903888804545
-0.2343000000000002,0.8324903888804545
-0.2342499999999998,0.8324903888804545
-0.2342,0.8324903888804545
-0.2341500000000001,0.8328262076058512
-0.2341000000000002,0.8328262076058512
-0.2340499999999999,0.8328262076058512
-0.234,0.8328262076058512
-0.2339500000000001,0.8328262076058512
-0.2339000000000002,0.8328262076058512
-0.2338499999999999,0.8328262076058512
-0.2338,0.8328262076058512
-0.2337500000000001,0.8328262076058512
-0.2336999999999998,0.8328262076058512
-0.2336499999999999,0.8328262076058512
-0.2336,0.8328262076058512
-0.2335500000000001,0.8328262076058512
-0.2334999999999998,0.8328262076058512
-0.2334499999999999,0.8328262076058512
-0.2334000000000001,0.8328262076058512
-0.2333500000000002,0.8328262076058512
-0.2332999999999998,0.8328262076058512
-0.23325,0.8328262076058512
-0.2332000000000001,0.8328262076058512
-0.2331500000000002,0.8328262076058512
-0.2330999999999999,0.8328262076058512
-0.23305,0.8328262076058512
-0.2330000000000001,0.8328262076058512
-0.2329500000000002,0.8328262076058512
-0.2328999999999999,0.8328262076058512
-0.23285,0.8328262076058512
-0.2328000000000001,0.8328262076058512
-0.2327499999999998,0.8328262076058512
-0.2326999999999999,0.8328262076058512
-0.23265,0.8328262076058512
-0.2326000000000001,0.8328262076058512
-0.2325499999999998,0.8328262076058512
-0.2324999999999999,0.8328262076058512
-0.23245,0.8328262076058512
-0.2324000000000002,0.8328262076058512
-0.2323499999999998,0.8328262076058512
-0.2323,0.8328262076058512
-0.2322500000000001,0.8328262076058512
-0.2322000000000002,0.8328262076058512
-0.2321499999999999,0.8328262076058512
-0.2321,0.8328262076058512
-0.2320500000000001,0.8328262076058512
-0.2320000000000002,0.8328262076058512
-0.2319499999999999,0.8328262076058512
-0.2319,0.8328262076058512
-0.2318500000000001,0.8328262076058512
-0.2317999999999998,0.8328262076058512
-0.2317499999999999,0.8328262076058512
-0.2317,0.8328262076058512
-0.2316500000000001,0.8328262076058512
-0.2315999999999998,0.8328262076058512
-0.2315499999999999,0.8328262076058512
-0.2315,0.8328262076058512
-0.2314500000000002,0.833162026331248
-0.2313999999999998,0.833162026331248
-0.2313499999999999,0.833162026331248
-0.2313000000000001,0.833162026331248
-0.2312500000000002,0.833162026331248
-0.2311999999999999,0.833162026331248
-0.23115,0.8328262076058512
-0.2311000000000001,0.833162026331248
-0.2310500000000002,0.833162026331248
-0.2309999999999999,0.833162026331248
-0.23095,0.833162026331248
-0.2309000000000001,0.833162026331248
-0.2308500000000002,0.833162026331248
-0.2307999999999999,0.833162026331248
-0.23075,0.833162026331248
-0.2307000000000001,0.833162026331248
-0.2306499999999998,0.833162026331248
-0.2305999999999999,0.833162026331248
-0.23055,0.833162026331248
-0.2305000000000001,0.833162026331248
-0.2304499999999998,0.833162026331248
-0.2303999999999999,0.833162026331248
-0.2303500000000001,0.833162026331248
-0.2303000000000002,0.833162026331248
-0.2302499999999998,0.833162026331248
-0.2302,0.833162026331248
-0.2301500000000001,0.833162026331248
-0.2301000000000002,0.833162026331248
-0.2300499999999999,0.833162026331248
-0.23,0.8334978450566448
-0.2299500000000001,0.8334978450566448
-0.2299000000000002,0.8334978450566448
-0.2298499999999999,0.8334978450566448
-0.2298,0.8334978450566448
-0.2297500000000001,0.833162026331248
-0.2296999999999998,0.8334978450566424
-0.2296499999999999,0.833162026331248
-0.2296,0.833162026331248
-0.2295500000000001,0.833162026331248
-0.2294999999999998,0.833162026331248
-0.2294499999999999,0.833162026331248
-0.2294,0.833162026331248
-0.2293500000000002,0.833162026331248
-0.2292999999999998,0.833162026331248
-0.22925,0.833162026331248
-0.2292000000000001,0.8334978450566448
-0.2291500000000002,0.8331620263312505
-0.2290999999999999,0.8334978450566448
-0.22905,0.833162026331248
-0.2290000000000001,0.8334978450566448
-0.2289500000000002,0.8331620263312505
-0.2288999999999999,0.833162026331248
-0.22885,0.833162026331248
-0.2288000000000001,0.833162026331248
-0.2287499999999998,0.833162026331248
-0.2286999999999999,0.833162026331248
-0.22865,0.833162026331248
-0.2286000000000001,0.833162026331248
-0.2285499999999998,0.833162026331248
-0.2284999999999999,0.833162026331248
-0.22845,0.833162026331248
-0.2284000000000002,0.833162026331248
-0.2283499999999998,0.833162026331248
-0.2282999999999999,0.833162026331248
-0.2282500000000001,0.833162026331248
-0.2282000000000002,0.833162026331248
-0.2281499999999999,0.833162026331248
-0.2281,0.833162026331248
-0.2280500000000001,0.833162026331248
-0.2280000000000002,0.8334978450566424
-0.2279499999999999,0.8334978450566448
-0.2279,0.833162026331248
-0.2278500000000001,0.833162026331248
-0.2277999999999998,0.8334978450566448
-0.2277499999999999,0.8334978450566448
-0.2277,0.8334978450566448
-0.2276500000000001,0.8334978450566448
-0.2275999999999998,0.8334978450566448
-0.2275499999999999,0.8334978450566448
-0.2275,0.8334978450566448
-0.2274500000000002,0.8334978450566448
-0.2273999999999998,0.833162026331248
-0.2273499999999999,0.833162026331248
-0.2273000000000001,0.8334978450566448
-0.2272500000000002,0.8334978450566448
-0.2271999999999998,0.8334978450566448
-0.22715,0.8334978450566448
-0.2271000000000001,0.8334978450566448
-0.2270500000000002,0.8334978450566448
-0.2269999999999999,0.8334978450566448
-0.22695,0.8334978450566448
-0.2269000000000001,0.8334978450566448
-0.2268500000000002,0.8334978450566448
-0.2267999999999999,0.833162026331248
-0.22675,0.8334978450566448
-0.2267000000000001,0.8334978450566448
-0.2266499999999998,0.8334978450566424
-0.2265999999999999,0.833162026331248
-0.22655,0.833162026331248
-0.2265000000000001,0.833162026331248
-0.2264499999999998,0.833162026331248
-0.2263999999999999,0.833162026331248
-0.2263500000000001,0.833162026331248
-0.2263000000000002,0.833162026331248
-0.2262499999999998,0.833162026331248
-0.2262,0.833162026331248
-0.2261500000000001,0.833162026331248
-0.2261000000000002,0.833162026331248
-0.2260499999999999,0.833162026331248
-0.226,0.833162026331248
-0.2259500000000001,0.833162026331248
-0.2259000000000002,0.833162026331248
-0.2258499999999999,0.833162026331248
-0.2258,0.8334978450566448
-0.2257500000000001,0.833162026331248
-0.2256999999999998,0.8328262076058537
-0.2256499999999999,0.833162026331248
-0.2256,0.833162026331248
-0.2255500000000001,0.833162026331248
-0.2254999999999998,0.833162026331248
-0.2254499999999999,0.833162026331248
-0.2254,0.833162026331248
-0.2253500000000002,0.833162026331248
-0.2252999999999998,0.833162026331248
-0.22525,0.8328262076058512
-0.2252000000000001,0.833162026331248
-0.2251500000000002,0.833162026331248
-0.2250999999999999,0.833162026331248
-0.22505,0.833162026331248
-0.2250000000000001,0.833162026331248
-0.2249500000000002,0.833162026331248
-0.2248999999999999,0.833162026331248
-0.22485,0.833162026331248
-0.2248000000000001,0.8328262076058512
-0.2247499999999998,0.8328262076058537
-0.2246999999999999,0.833162026331248
-0.22465,0.833162026331248
-0.2246000000000001,0.833162026331248
-0.2245499999999998,0.8328262076058512
-0.2244999999999999,0.8328262076058512
-0.22445,0.8328262076058512
-0.2244000000000002,0.833162026331248
-0.2243499999999998,0.833162026331248
-0.2242999999999999,0.833162026331248
-0.2242500000000001,0.8328262076058512
-0.2242000000000002,0.833162026331248
-0.2241499999999998,0.833162026331248
-0.2241,0.833162026331248
-0.2240500000000001,0.833162026331248
-0.2240000000000002,0.833162026331248
-0.2239499999999999,0.8328262076058512
-0.2239,0.8328262076058512
-0.2238500000000001,0.833162026331248
-0.2238000000000002,0.833162026331248
-0.2237499999999999,0.833162026331248
-0.2237,0.833162026331248
-0.2236500000000001,0.833162026331248
-0.2235999999999998,0.8331620263312456
-0.2235499999999999,0.8328262076058512
-0.2235,0.833162026331248
-0.2234500000000001,0.8328262076058512
-0.2233999999999998,0.8328262076058512
-0.2233499999999999,0.8328262076058512
-0.2233000000000001,0.8328262076058512
-0.2232500000000002,0.833162026331248
-0.2231999999999998,0.8328262076058512
-0.22315,0.833162026331248
-0.2231000000000001,0.8328262076058512
-0.2230500000000002,0.8328262076058512
-0.2229999999999999,0.8328262076058512
-0.22295,0.833162026331248
-0.2229000000000001,0.8328262076058512
-0.2228500000000002,0.8328262076058512
-0.2227999999999999,0.8328262076058512
-0.22275,0.833162026331248
-0.2227000000000001,0.833162026331248
-0.2226499999999998,0.8328262076058512
-0.2225999999999999,0.8328262076058512
-0.22255,0.8328262076058512
-0.2225000000000001,0.8328262076058512
-0.2224499999999998,0.8328262076058537
-0.2223999999999999,0.833162026331248
-0.22235,0.8328262076058512
-0.2223000000000002,0.8328262076058512
-0.2222499999999998,0.8328262076058512
-0.2222,0.833162026331248
-0.2221500000000001,0.833162026331248
-0.2221000000000002,0.8328262076058537
-0.2220499999999999,0.8328262076058512
-0.222,0.833162026331248
-0.2219500000000001,0.833162026331248
-0.2219000000000002,0.8328262076058537
-0.2218499999999999,0.8328262076058512
-0.2218,0.8328262076058512
-0.2217500000000001,0.8328262076058512
-0.2216999999999998,0.8328262076058512
-0.2216499999999999,0.8328262076058512
-0.2216,0.8328262076058512
-0.2215500000000001,0.8328262076058512
-0.2214999999999998,0.8328262076058512
-0.2214499999999999,0.8328262076058512
-0.2214,0.8328262076058512
-0.2213500000000002,0.8328262076058512
-0.2212999999999998,0.8328262076058512
-0.2212499999999999,0.833162026331248
-0.2212000000000001,0.8328262076058512
-0.2211500000000002,0.833162026331248
-0.2210999999999999,0.8328262076058512
-0.22105,0.833162026331248
-0.2210000000000001,0.833162026331248
-0.2209500000000002,0.8328262076058537
-0.2208999999999999,0.8328262076058512
-0.22085,0.833162026331248
-0.2208000000000001,0.833162026331248
-0.2207499999999998,0.833162026331248
-0.2206999999999999,0.833162026331248
-0.22065,0.8328262076058512
-0.2206000000000001,0.8328262076058512
-0.2205499999999998,0.8328262076058537
-0.2204999999999999,0.833162026331248
-0.22045,0.8328262076058512
-0.2204000000000002,0.8328262076058512
-0.2203499999999998,0.833162026331248
-0.2202999999999999,0.8328262076058512
-0.2202500000000001,0.8328262076058512
-0.2202000000000002,0.8328262076058512
-0.2201499999999998,0.8328262076058512
-0.2201,0.8328262076058512
-0.2200500000000001,0.8328262076058512
-0.2200000000000002,0.8328262076058512
-0.2199499999999999,0.833162026331248
-0.2199,0.8328262076058512
-0.2198500000000001,0.8328262076058512
-0.2198000000000002,0.8328262076058512
-0.2197499999999999,0.8328262076058512
-0.2197,0.8328262076058512
-0.2196500000000001,0.8328262076058512
-0.2195999999999998,0.8328262076058512
-0.2195499999999999,0.8328262076058512
-0.2195,0.8328262076058512
-0.2194500000000001,0.8328262076058512
-0.2193999999999998,0.8328262076058512
-0.2193499999999999,0.8328262076058512
-0.2193000000000001,0.8328262076058512
-0.2192500000000002,0.8328262076058512
-0.2191999999999998,0.8328262076058512
-0.21915,0.8328262076058512
-0.2191000000000001,0.8328262076058512
-0.2190500000000002,0.8328262076058512
-0.2189999999999999,0.8328262076058512
-0.21895,0.833162026331248
-0.2189000000000001,0.833162026331248
-0.2188500000000002,0.833162026331248
-0.2187999999999999,0.833162026331248
-0.21875,0.833162026331248
-0.2187000000000001,0.833162026331248
-0.2186499999999998,0.8328262076058512
-0.2185999999999999,0.8328262076058512
-0.21855,0.833162026331248
-0.2185000000000001,0.8328262076058512
-0.2184499999999998,0.8328262076058512
-0.2183999999999999,0.8328262076058512
-0.21835,0.8328262076058512
-0.2183000000000002,0.8328262076058512
-0.2182499999999998,0.8328262076058512
-0.2181999999999999,0.8328262076058512
-0.2181500000000001,0.833162026331248
-0.2181000000000002,0.833162026331248
-0.2180499999999999,0.8328262076058512
-0.218,0.833162026331248
-0.2179500000000001,0.833162026331248
-0.2179000000000002,0.8328262076058537
-0.2178499999999999,0.8328262076058512
-0.2178,0.8328262076058512
-0.2177500000000001,0.8328262076058512
-0.2176999999999998,0.8328262076058488
-0.2176499999999999,0.8324903888804545
-0.2176,0.8328262076058512
-0.2175500000000001,0.8324903888804545
-0.2174999999999998,0.8324903888804545
-0.2174499999999999,0.8324903888804545
-0.2174,0.8324903888804545
-0.2173500000000002,0.8324903888804545
-0.2172999999999998,0.8324903888804545
-0.2172499999999999,0.8324903888804545
-0.2172000000000001,0.8324903888804545
-0.2171500000000002,0.8324903888804545
-0.2170999999999998,0.8324903888804545
-0.21705,0.8324903888804545
-0.2170000000000001,0.8324903888804545
-0.2169500000000002,0.8324903888804545
-0.2168999999999999,0.8324903888804545
-0.21685,0.8324903888804545
-0.2168000000000001,0.8328262076058512
-0.2167500000000002,0.8324903888804569
-0.2166999999999999,0.8324903888804545
-0.21665,0.8324903888804545
-0.2166000000000001,0.8324903888804545
-0.2165499999999998,0.8324903888804545
-0.2164999999999999,0.8324903888804545
-0.21645,0.8324903888804545
-0.2164000000000001,0.8324903888804545
-0.2163499999999998,0.8324903888804545
-0.2162999999999999,0.8324903888804545
-0.2162500000000001,0.8324903888804545
-0.2162000000000002,0.8324903888804545
-0.2161499999999998,0.8324903888804545
-0.2161,0.8324903888804545
-0.2160500000000001,0.8324903888804545
-0.2160000000000002,0.8324903888804545
-0.2159499999999999,0.8324903888804545
-0.2159,0.8324903888804545
-0.2158500000000001,0.8324903888804545
-0.2158000000000002,0.8324903888804545
-0.2157499999999999,0.8324903888804545
-0.2157,0.8324903888804545
-0.2156500000000001,0.8324903888804545
-0.2155999999999998,0.8328262076058488
-0.2155499999999999,0.8324903888804545
-0.2155,0.8324903888804545
-0.2154500000000001,0.8324903888804545
-0.2153999999999998,0.8328262076058488
-0.2153499999999999,0.8324903888804545
-0.2153,0.8328262076058512
-0.2152500000000002,0.8324903888804545
-0.2151999999999998,0.8328262076058512
-0.21515,0.8324903888804545
-0.2151000000000001,0.8324903888804545
-0.2150500000000002,0.8324903888804545
-0.2149999999999999,0.8324903888804545
-0.21495,0.8324903888804545
-0.2149000000000001,0.8328262076058512
-0.2148500000000002,0.8324903888804569
-0.2147999999999999,0.8324903888804545
-0.21475,0.8324903888804545
-0.2147000000000001,0.8324903888804545
-0.2146499999999998,0.8328262076058512
-0.2145999999999999,0.8328262076058512
-0.21455,0.8324903888804545
-0.2145000000000001,0.8324903888804545
-0.2144499999999998,0.8324903888804545
-0.2143999999999999,0.8324903888804545
-0.21435,0.8324903888804545
-0.2143000000000002,0.8324903888804545
-0.2142499999999998,0.8324903888804545
-0.2141999999999999,0.8324903888804545
-0.2141500000000001,0.8324903888804545
-0.2141000000000002,0.8324903888804545
-0.2140499999999999,0.8328262076058512
-0.214,0.8324903888804545
-0.2139500000000001,0.8328262076058512
-0.2139000000000002,0.8328262076058512
-0.2138499999999999,0.8324903888804545
-0.2138,0.8324903888804545
-0.2137500000000001,0.8324903888804545
-0.2136999999999998,0.8324903888804569
-0.2136499999999999,0.8328262076058512
-0.2136,0.8328262076058512
-0.2135500000000001,0.8328262076058512
-0.2134999999999998,0.8328262076058512
-0.2134499999999999,0.8328262076058512
-0.2134,0.833162026331248
-0.2133500000000002,0.8328262076058512
-0.2132999999999998,0.8328262076058512
-0.2132499999999999,0.8328262076058512
-0.2132000000000001,0.8328262076058512
-0.2131500000000002,0.8328262076058512
-0.2130999999999998,0.8328262076058512
-0.21305,0.8328262076058512
-0.2130000000000001,0.8328262076058512
-0.2129500000000002,0.8328262076058512
-0.2128999999999999,0.8328262076058512
-0.21285,0.8328262076058512
-0.2128000000000001,0.8328262076058512
-0.2127500000000002,0.8328262076058512
-0.2126999999999999,0.8328262076058512
-0.21265,0.8328262076058512
-0.2126000000000001,0.8328262076058512
-0.2125499999999998,0.8328262076058512
-0.2124999999999999,0.8328262076058512
-0.21245,0.8328262076058512
-0.2124000000000001,0.8328262076058512
-0.2123499999999998,0.8328262076058512
-0.2122999999999999,0.8328262076058512
-0.21225,0.8328262076058512
-0.2122000000000002,0.8328262076058512
-0.2121499999999998,0.8328262076058512
-0.2121,0.8328262076058512
-0.2120500000000001,0.8328262076058512
-0.2120000000000002,0.8328262076058512
-0.2119499999999999,0.8328262076058512
-0.2119,0.8328262076058512
-0.2118500000000001,0.8328262076058512
-0.2118000000000002,0.8328262076058512
-0.2117499999999999,0.833162026331248
-0.2117,0.8328262076058512
-0.2116500000000001,0.8328262076058512
-0.2115999999999998,0.8328262076058512
-0.2115499999999999,0.8328262076058512
-0.2115,0.833162026331248
-0.2114500000000001,0.8328262076058512
-0.2113999999999998,0.8328262076058512
-0.2113499999999999,0.8328262076058512
-0.2113,0.8328262076058512
-0.2112500000000002,0.833162026331248
-0.2111999999999998,0.833162026331248
-0.2111499999999999,0.833162026331248
-0.2111000000000001,0.833162026331248
-0.2110500000000002,0.833162026331248
-0.2109999999999999,0.833162026331248
-0.21095,0.833162026331248
-0.2109000000000001,0.8334978450566448
-0.2108500000000002,0.8331620263312505
-0.2107999999999999,0.833162026331248
-0.21075,0.833162026331248
-0.2107000000000001,0.8328262076058512
-0.2106499999999998,0.833162026331248
-0.2105999999999999,0.833162026331248
-0.21055,0.8328262076058512
-0.2105000000000001,0.833162026331248
-0.2104499999999998,0.833162026331248
-0.2103999999999999,0.833162026331248
-0.21035,0.833162026331248
-0.2103000000000002,0.833162026331248
-0.2102499999999998,0.833162026331248
-0.2101999999999999,0.833162026331248
-0.2101500000000001,0.8334978450566448
-0.2101000000000002,0.833162026331248
-0.2100499999999998,0.8334978450566448
-0.21,0.833162026331248
-0.2099500000000001,0.833162026331248
-0.2099000000000002,0.833162026331248
-0.2098499999999999,0.833162026331248
-0.2098,0.833162026331248
-0.2097500000000001,0.833162026331248
-0.2097000000000002,0.833162026331248
-0.2096499999999999,0.833162026331248
-0.2096,0.833162026331248
-0.2095500000000001,0.833162026331248
-0.2094999999999998,0.833162026331248
-0.2094499999999999,0.833162026331248
-0.2094,0.833162026331248
-0.2093500000000001,0.833162026331248
-0.2092999999999998,0.833162026331248
-0.2092499999999999,0.833162026331248
-0.2092000000000001,0.833162026331248
-0.2091500000000002,0.8334978450566448
-0.2090999999999998,0.833162026331248
-0.20905,0.833162026331248
-0.2090000000000001,0.8334978450566448
-0.2089500000000002,0.8331620263312505
-0.2088999999999999,0.8334978450566448
-0.20885,0.8334978450566448
-0.2088000000000001,0.8334978450566448
-0.2087500000000002,0.8331620263312505
-0.2086999999999999,0.833162026331248
-0.20865,0.833162026331248
-0.2086000000000001,0.833162026331248
-0.2085499999999998,0.833162026331248
-0.2084999999999999,0.833162026331248
-0.20845,0.833162026331248
-0.2084000000000001,0.833162026331248
-0.2083499999999998,0.8331620263312505
-0.2082999999999999,0.8334978450566448
-0.20825,0.833162026331248
-0.2082000000000002,0.8334978450566448
-0.2081499999999998,0.833162026331248
-0.2081,0.8334978450566448
-0.2080500000000001,0.8334978450566448
-0.2080000000000002,0.8334978450566448
-0.2079499999999999,0.8334978450566448
-0.2079,0.833162026331248
-0.2078500000000001,0.833162026331248
-0.2078000000000002,0.833162026331248
-0.2077499999999999,0.833162026331248
-0.2077,0.833162026331248
-0.2076500000000001,0.8334978450566448
-0.2075999999999998,0.8334978450566448
-0.2075499999999999,0.8334978450566448
-0.2075,0.8334978450566448
-0.2074500000000001,0.8334978450566448
-0.2073999999999998,0.8334978450566424
-0.2073499999999999,0.833162026331248
-0.2073,0.8334978450566448
-0.2072500000000002,0.8334978450566448
-0.2071999999999998,0.833162026331248
-0.2071499999999999,0.833162026331248
-0.2071000000000001,0.8334978450566448
-0.2070500000000002,0.833162026331248
-0.2069999999999999,0.8334978450566448
-0.20695,0.833162026331248
-0.2069000000000001,0.8334978450566448
-0.2068500000000002,0.8334978450566448
-0.2067999999999999,0.8334978450566448
-0.20675,0.833162026331248
-0.2067000000000001,0.8334978450566448
-0.2066499999999998,0.833162026331248
-0.2065999999999999,0.833162026331248
-0.20655,0.833162026331248
-0.2065000000000001,0.8328262076058512
-0.2064499999999998,0.833162026331248
-0.2063999999999999,0.833162026331248
-0.20635,0.833162026331248
-0.2063000000000001,0.833162026331248
-0.2062499999999998,0.833162026331248
-0.2061999999999999,0.833162026331248
-0.2061500000000001,0.833162026331248
-0.2061000000000002,0.833162026331248
-0.2060499999999998,0.833162026331248
-0.206,0.833162026331248
-0.2059500000000001,0.833162026331248
-0.2059000000000002,0.833162026331248
-0.2058499999999999,0.833162026331248
-0.2058,0.833162026331248
-0.2057500000000001,0.833162026331248
-0.2057000000000002,0.833162026331248
-0.2056499999999999,0.833162026331248
-0.2056,0.833162026331248
-0.2055500000000001,0.833162026331248
-0.2054999999999998,0.833162026331248
-0.2054499999999999,0.833162026331248
-0.2054,0.833162026331248
-0.2053500000000001,0.833162026331248
-0.2052999999999998,0.833162026331248
-0.2052499999999999,0.833162026331248
-0.2052,0.833162026331248
-0.2051500000000002,0.8328262076058512
-0.2050999999999998,0.8328262076058512
-0.20505,0.8328262076058512
-0.2050000000000001,0.833162026331248
-0.2049500000000002,0.833162026331248
-0.2048999999999999,0.833162026331248
-0.20485,0.833162026331248
-0.2048000000000001,0.8328262076058512
-0.2047500000000002,0.8328262076058512
-0.2046999999999999,0.833162026331248
-0.20465,0.833162026331248
-0.2046000000000001,0.833162026331248
-0.2045499999999998,0.8331620263312456
-0.2044999999999999,0.8328262076058512
-0.20445,0.833162026331248
-0.2044000000000001,0.8328262076058512
-0.2043499999999998,0.833162026331248
-0.2042999999999999,0.833162026331248
-0.20425,0.833162026331248
-0.2042000000000002,0.833162026331248
-0.2041499999999998,0.833162026331248
-0.2040999999999999,0.833162026331248
-0.2040500000000001,0.833162026331248
-0.2040000000000002,0.8328262076058512
-0.2039499999999999,0.8328262076058512
-0.2039,0.8328262076058512
-0.2038500000000001,0.8328262076058512
-0.2038000000000002,0.8328262076058512
-0.2037499999999999,0.8328262076058512
-0.2037,0.833162026331248
-0.2036500000000001,0.833162026331248
-0.2035999999999998,0.833162026331248
-0.2035499999999999,0.833162026331248
-0.2035,0.833162026331248
-0.2034500000000001,0.833162026331248
-0.2033999999999998,0.833162026331248
-0.2033499999999999,0.833162026331248
-0.2033,0.833162026331248
-0.2032500000000002,0.833162026331248
-0.2031999999999998,0.833162026331248
-0.2031499999999999,0.833162026331248
-0.2031000000000001,0.833162026331248
-0.2030500000000002,0.833162026331248
-0.2029999999999998,0.833162026331248
-0.20295,0.833162026331248
-0.2029000000000001,0.833162026331248
-0.2028500000000002,0.833162026331248
-0.2027999999999999,0.833162026331248
-0.20275,0.8328262076058512
-0.2027000000000001,0.8328262076058512
-0.2026500000000002,0.8328262076058512
-0.2025999999999999,0.833162026331248
-0.20255,0.8328262076058512
-0.2025000000000001,0.833162026331248
-0.2024499999999998,0.833162026331248
-0.2023999999999999,0.833162026331248
-0.20235,0.833162026331248
-0.2023000000000001,0.833162026331248
-0.2022499999999998,0.833162026331248
-0.2021999999999999,0.833162026331248
-0.2021500000000001,0.833162026331248
-0.2021000000000002,0.833162026331248
-0.2020499999999998,0.833162026331248
-0.202,0.833162026331248
-0.2019500000000001,0.8328262076058512
-0.2019000000000002,0.8328262076058512
-0.2018499999999999,0.8328262076058512
-0.2018,0.833162026331248
-0.2017500000000001,0.833162026331248
-0.2017000000000002,0.8328262076058537
-0.2016499999999999,0.833162026331248
-0.2016,0.833162026331248
-0.2015500000000001,0.8328262076058512
-0.2014999999999998,0.8328262076058512
-0.2014499999999999,0.8328262076058512
-0.2014,0.8328262076058512
-0.2013500000000001,0.8328262076058512
-0.2012999999999998,0.8328262076058512
-0.2012499999999999,0.8328262076058512
-0.2012,0.8328262076058512
-0.2011500000000002,0.833162026331248
-0.2010999999999998,0.8328262076058512
-0.20105,0.8328262076058512
-0.2010000000000001,0.8328262076058512
-0.2009500000000002,0.8328262076058512
-0.2008999999999999,0.8328262076058512
-0.20085,0.8328262076058512
-0.2008000000000001,0.833162026331248
-0.2007500000000002,0.8328262076058537
-0.2006999999999999,0.8328262076058512
-0.20065,0.8328262076058512
-0.2006000000000001,0.8328262076058512
-0.2005499999999998,0.8328262076058512
-0.2004999999999999,0.8328262076058512
-0.20045,0.833162026331248
-0.2004000000000001,0.8328262076058512
-0.2003499999999998,0.8328262076058512
-0.2002999999999999,0.8328262076058512
-0.20025,0.8328262076058512
-0.2002000000000002,0.8328262076058512
-0.2001499999999998,0.833162026331248
-0.2000999999999999,0.833162026331248
-0.2000500000000001,0.833162026331248
-0.2000000000000002,0.8328262076058512
-0.1999499999999999,0.8328262076058512
-0.1999,0.8328262076058512
-0.1998500000000001,0.8328262076058512
-0.1998000000000002,0.8328262076058512
-0.1997499999999999,0.8328262076058512
-0.1997,0.8328262076058512
-0.1996500000000001,0.8328262076058512
-0.1996000000000002,0.8328262076058512
-0.1995499999999999,0.8328262076058512
-0.1995,0.8328262076058512
-0.1994500000000001,0.8328262076058512
-0.1993999999999998,0.8328262076058512
-0.1993499999999999,0.8328262076058512
-0.1993,0.8328262076058512
-0.1992500000000001,0.8328262076058512
-0.1991999999999998,0.833162026331248
-0.1991499999999999,0.8328262076058512
-0.1991000000000001,0.8328262076058512
-0.1990500000000002,0.8328262076058512
-0.1989999999999998,0.8328262076058512
-0.19895,0.833162026331248
-0.1989000000000001,0.8328262076058512
-0.1988500000000002,0.8331620263312456
-0.1987999999999999,0.833162026331248
-0.19875,0.8328262076058512
-0.1987000000000001,0.8328262076058512
-0.1986500000000002,0.8328262076058512
-0.1985999999999999,0.833162026331248
-0.19855,0.8328262076058512
-0.1985000000000001,0.8328262076058512
-0.1984499999999998,0.8328262076058512
-0.1983999999999999,0.8328262076058512
-0.19835,0.833162026331248
-0.1983000000000001,0.8328262076058512
-0.1982499999999998,0.8328262076058512
-0.1981999999999999,0.8328262076058512
-0.19815,0.8328262076058512
-0.1981000000000002,0.833162026331248
-0.1980499999999998,0.8328262076058512
-0.198,0.8328262076058512
-0.1979500000000001,0.8328262076058512
-0.1979000000000002,0.8328262076058512
-0.1978499999999999,0.8328262076058512
-0.1978,0.8328262076058512
-0.1977500000000001,0.8328262076058512
-0.1977000000000002,0.8324903888804569
-0.1976499999999999,0.8324903888804545
-0.1976,0.8328262076058512
-0.1975500000000001,0.8324903888804545
-0.1974999999999998,0.8324903888804545
-0.1974499999999999,0.8324903888804545
-0.1974,0.8324903888804545
-0.1973500000000001,0.8324903888804545
-0.1972999999999998,0.8324903888804545
-0.1972499999999999,0.8324903888804545
-0.1972,0.8328262076058512
-0.1971500000000002,0.8324903888804545
-0.1970999999999998,0.8324903888804545
-0.1970499999999999,0.8328262076058512
-0.1970000000000001,0.8324903888804545
-0.1969500000000002,0.8324903888804545
-0.1968999999999999,0.8324903888804545
-0.19685,0.8328262076058512
-0.1968000000000001,0.8324903888804545
-0.1967500000000002,0.8324903888804545
-0.1966999999999999,0.8324903888804545
-0.19665,0.8324903888804545
-0.1966000000000001,0.8324903888804545
-0.1965499999999998,0.8324903888804545
-0.1964999999999999,0.8324903888804545
-0.19645,0.8328262076058512
-0.1964000000000001,0.8328262076058512
-0.1963499999999998,0.8324903888804545
-0.1962999999999999,0.8324903888804545
-0.19625,0.8324903888804545
-0.1962000000000002,0.8324903888804545
-0.1961499999999998,0.8324903888804545
-0.1960999999999999,0.8324903888804545
-0.1960500000000001,0.8324903888804545
-0.1960000000000002,0.8324903888804545
-0.1959499999999998,0.8324903888804545
-0.1959,0.8324903888804545
-0.1958500000000001,0.8324903888804545
-0.1958000000000002,0.8324903888804545
-0.1957499999999999,0.8324903888804545
-0.1957,0.8324903888804545
-0.1956500000000001,0.8324903888804545
-0.1956000000000002,0.8324903888804545
-0.1955499999999999,0.8324903888804545
-0.1955,0.8324903888804545
-0.1954500000000001,0.8324903888804545
-0.1953999999999998,0.8324903888804545
-0.1953499999999999,0.8324903888804545
-0.1953,0.8324903888804545
-0.1952500000000001,0.8324903888804545
-0.1951999999999998,0.8328262076058512
-0.1951499999999999,0.8324903888804545
-0.1951000000000001,0.8328262076058512
-0.1950500000000002,0.8324903888804545
-0.1949999999999998,0.8328262076058512
-0.19495,0.8328262076058512
-0.1949000000000001,0.8328262076058512
-0.1948500000000002,0.8324903888804569
-0.1947999999999999,0.8324903888804545
-0.19475,0.8324903888804545
-0.1947000000000001,0.8324903888804545
-0.1946500000000002,0.8324903888804545
-0.1945999999999999,0.8328262076058512
-0.19455,0.8328262076058512
-0.1945000000000001,0.8328262076058512
-0.1944499999999998,0.8324903888804545
-0.1943999999999999,0.8324903888804545
-0.19435,0.8324903888804545
-0.1943000000000001,0.8324903888804545
-0.1942499999999998,0.8324903888804545
-0.1941999999999999,0.8324903888804545
-0.19415,0.8328262076058512
-0.1941000000000002,0.8324903888804545
-0.1940499999999998,0.8328262076058512
-0.194,0.8324903888804545
-0.1939500000000001,0.8328262076058512
-0.1939000000000002,0.8328262076058512
-0.1938499999999999,0.8324903888804545
-0.1938,0.8328262076058512
-0.1937500000000001,0.8324903888804545
-0.1937000000000002,0.8324903888804545
-0.1936499999999999,0.8328262076058512
-0.1936,0.8328262076058512
-0.1935500000000001,0.8324903888804545
-0.1934999999999998,0.8328262076058512
-0.1934499999999999,0.8328262076058512
-0.1934,0.8328262076058512
-0.1933500000000001,0.8328262076058512
-0.1932999999999998,0.8328262076058512
-0.1932499999999999,0.8328262076058512
-0.1932,0.8328262076058512
-0.1931500000000002,0.8324903888804545
-0.1930999999999998,0.8328262076058512
-0.1930499999999999,0.8328262076058512
-0.1930000000000001,0.8328262076058512
-0.1929500000000002,0.8324903888804545
-0.1928999999999998,0.8328262076058512
-0.19285,0.8324903888804545
-0.1928000000000001,0.8328262076058512
-0.1927500000000002,0.8328262076058512
-0.1926999999999999,0.8328262076058512
-0.19265,0.8328262076058512
-0.1926000000000001,0.8328262076058512
-0.1925500000000002,0.8328262076058512
-0.1924999999999999,0.8328262076058512
-0.19245,0.8328262076058512
-0.1924000000000001,0.8328262076058512
-0.1923499999999998,0.8328262076058512
-0.1922999999999999,0.8328262076058512
-0.19225,0.8328262076058512
-0.1922000000000001,0.8328262076058512
-0.1921499999999998,0.8328262076058512
-0.1920999999999999,0.8328262076058512
-0.1920500000000001,0.8328262076058512
-0.1920000000000002,0.8328262076058512
-0.1919499999999998,0.8328262076058512
-0.1919,0.8328262076058512
-0.1918500000000001,0.8328262076058512
-0.1918000000000002,0.8328262076058512
-0.1917499999999999,0.8328262076058512
-0.1917,0.8328262076058512
-0.1916500000000001,0.8328262076058512
-0.1916000000000002,0.8328262076058512
-0.1915499999999999,0.8328262076058512
-0.1915,0.8328262076058512
-0.1914500000000001,0.8328262076058512
-0.1913999999999998,0.8328262076058512
-0.1913499999999999,0.8328262076058512
-0.1913,0.8328262076058512
-0.1912500000000001,0.833162026331248
-0.1911999999999998,0.833162026331248
-0.1911499999999999,0.833162026331248
-0.1911,0.833162026331248
-0.1910500000000002,0.833162026331248
-0.1909999999999998,0.833162026331248
-0.19095,0.833162026331248
-0.1909000000000001,0.833162026331248
-0.1908500000000002,0.833162026331248
-0.1907999999999999,0.8328262076058512
-0.19075,0.833162026331248
-0.1907000000000001,0.8328262076058512
-0.1906500000000002,0.8328262076058512
-0.1905999999999999,0.8328262076058512
-0.19055,0.8328262076058512
-0.1905000000000001,0.833162026331248
-0.1904499999999998,0.833162026331248
-0.1903999999999999,0.833162026331248
-0.19035,0.833162026331248
-0.1903000000000001,0.833162026331248
-0.1902499999999998,0.8334978450566424
-0.1901999999999999,0.833162026331248
-0.19015,0.833162026331248
-0.1901000000000002,0.833162026331248
-0.1900499999999998,0.833162026331248
-0.1899999999999999,0.833162026331248
-0.1899500000000001,0.8334978450566448
-0.1899000000000002,0.8334978450566448
-0.1898499999999999,0.833162026331248
-0.1898,0.8334978450566448
-0.1897500000000001,0.8334978450566448
-0.1897000000000002,0.8334978450566448
-0.1896499999999999,0.833162026331248
-0.1896,0.833162026331248
-0.1895500000000001,0.833162026331248
-0.1894999999999998,0.8334978450566424
-0.1894499999999999,0.833162026331248
-0.1894,0.833162026331248
-0.1893500000000001,0.833162026331248
-0.1892999999999998,0.8331620263312505
-0.1892499999999999,0.8334978450566448
-0.1892,0.833162026331248
-0.1891500000000002,0.8334978450566448
-0.1890999999999998,0.833162026331248
-0.1890499999999999,0.8334978450566448
-0.1890000000000001,0.833162026331248
-0.1889500000000002,0.833162026331248
-0.1888999999999998,0.833162026331248
-0.18885,0.833162026331248
-0.1888000000000001,0.833162026331248
-0.1887500000000002,0.8334978450566424
-0.1886999999999999,0.833162026331248
-0.18865,0.833162026331248
-0.1886000000000001,0.833162026331248
-0.1885500000000002,0.833162026331248
-0.1884999999999999,0.833162026331248
-0.18845,0.8328262076058512
-0.1884000000000001,0.833162026331248
-0.1883499999999998,0.833162026331248
-0.1882999999999999,0.833162026331248
-0.18825,0.833162026331248
-0.1882000000000001,0.833162026331248
-0.1881499999999998,0.833162026331248
-0.1880999999999999,0.833162026331248
-0.1880500000000001,0.833162026331248
-0.1880000000000002,0.833162026331248
-0.1879499999999998,0.833162026331248
-0.1879,0.833162026331248
-0.1878500000000001,0.833162026331248
-0.1878000000000002,0.8334978450566424
-0.1877499999999999,0.8334978450566448
-0.1877,0.8334978450566448
-0.1876500000000001,0.8334978450566448
-0.1876000000000002,0.8334978450566448
-0.1875499999999999,0.833162026331248
-0.1875,0.833162026331248
-0.1874500000000001,0.833162026331248
-0.1873999999999998,0.833162026331248
-0.1873499999999999,0.833162026331248
-0.1873,0.833162026331248
-0.1872500000000001,0.8334978450566448
-0.1871999999999998,0.8334978450566424
-0.1871499999999999,0.833162026331248
-0.1871,0.8334978450566448
-0.1870500000000002,0.833162026331248
-0.1869999999999998,0.8334978450566448
-0.1869499999999999,0.8334978450566448
-0.1869000000000001,0.8334978450566448
-0.1868500000000002,0.8334978450566448
-0.1867999999999999,0.8334978450566448
-0.18675,0.833162026331248
-0.1867000000000001,0.833162026331248
-0.1866500000000002,0.833162026331248
-0.1865999999999999,0.833162026331248
-0.18655,0.833162026331248
-0.1865000000000001,0.833162026331248
-0.1864499999999998,0.8331620263312456
-0.1863999999999999,0.8328262076058512
-0.18635,0.8328262076058512
-0.1863000000000001,0.8328262076058512
-0.1862499999999998,0.8331620263312456
-0.1861999999999999,0.8328262076058512
-0.18615,0.833162026331248
-0.1861000000000002,0.8328262076058512
-0.1860499999999998,0.8328262076058512
-0.1859999999999999,0.833162026331248
-0.1859500000000001,0.833162026331248
-0.1859000000000002,0.833162026331248
-0.1858499999999998,0.833162026331248
-0.1858,0.833162026331248
-0.1857500000000001,0.833162026331248
-0.1857000000000002,0.833162026331248
-0.1856499999999999,0.833162026331248
-0.1856,0.833162026331248
-0.1855500000000001,0.833162026331248
-0.1855000000000002,0.8328262076058537
-0.1854499999999999,0.833162026331248
-0.1854,0.833162026331248
-0.1853500000000001,0.833162026331248
-0.1852999999999998,0.8331620263312456
-0.1852499999999999,0.8328262076058512
-0.1852,0.8328262076058512
-0.1851500000000001,0.8328262076058512
-0.1850999999999998,0.8328262076058512
-0.1850499999999999,0.8328262076058512
-0.1850000000000001,0.8328262076058512
-0.1849500000000002,0.833162026331248
-0.1848999999999998,0.833162026331248
-0.18485,0.833162026331248
-0.1848000000000001,0.833162026331248
-0.1847500000000002,0.833162026331248
-0.1846999999999999,0.833162026331248
-0.18465,0.833162026331248
-0.1846000000000001,0.833162026331248
-0.1845500000000002,0.8328262076058537
-0.1844999999999999,0.8328262076058512
-0.18445,0.8328262076058512
-0.1844000000000001,0.8328262076058512
-0.1843499999999998,0.8331620263312456
-0.1842999999999999,0.8328262076058512
-0.18425,0.8328262076058512
-0.1842000000000001,0.8328262076058512
-0.1841499999999998,0.8328262076058512
-0.1840999999999999,0.8328262076058512
-0.18405,0.8328262076058512
-0.1840000000000002,0.8328262076058512
-0.1839499999999998,0.8328262076058512
-0.1839,0.833162026331248
-0.1838500000000001,0.833162026331248
-0.1838000000000002,0.833162026331248
-0.1837499999999999,0.833162026331248
-0.1837,0.8328262076058512
-0.1836500000000001,0.833162026331248
-0.1836000000000002,0.8328262076058537
-0.1835499999999999,0.833162026331248
-0.1835,0.8328262076058512
-0.1834500000000001,0.8328262076058512
-0.1833999999999998,0.8328262076058512
-0.1833499999999999,0.8328262076058512
-0.1833,0.8328262076058512
-0.1832500000000001,0.8328262076058512
-0.1831999999999998,0.8328262076058512
-0.1831499999999999,0.8328262076058512
-0.1831,0.833162026331248
-0.1830500000000002,0.8328262076058512
-0.1829999999999998,0.8328262076058512
-0.1829499999999999,0.833162026331248
-0.1829000000000001,0.8328262076058512
-0.1828500000000002,0.833162026331248
-0.1827999999999999,0.833162026331248
-0.18275,0.833162026331248
-0.1827000000000001,0.8328262076058512
-0.1826500000000002,0.8331620263312456
-0.1825999999999999,0.833162026331248
-0.18255,0.833162026331248
-0.1825000000000001,0.833162026331248
-0.1824499999999998,0.833162026331248
-0.1823999999999999,0.833162026331248
-0.18235,0.833162026331248
-0.1823000000000001,0.833162026331248
-0.1822499999999998,0.8328262076058537
-0.1821999999999999,0.833162026331248
-0.18215,0.8328262076058512
-0.1821000000000002,0.8328262076058512
-0.1820499999999998,0.833162026331248
-0.1819999999999999,0.833162026331248
-0.1819500000000001,0.8328262076058512
-0.1819000000000002,0.8328262076058512
-0.1818499999999998,0.8328262076058512
-0.1818,0.8328262076058512
-0.1817500000000001,0.833162026331248
-0.1817000000000002,0.8328262076058537
-0.1816499999999999,0.8328262076058512
-0.1816,0.833162026331248
-0.1815500000000001,0.8328262076058512
-0.1815000000000002,0.8331620263312456
-0.1814499999999999,0.8328262076058512
-0.1814,0.833162026331248
-0.1813500000000001,0.8328262076058512
-0.1812999999999998,0.8328262076058512
-0.1812499999999999,0.8328262076058512
-0.1812,0.8328262076058512
-0.1811500000000001,0.8328262076058512
-0.1810999999999998,0.8328262076058537
-0.1810499999999999,0.833162026331248
-0.181,0.8328262076058512
-0.1809500000000002,0.833162026331248
-0.1808999999999998,0.833162026331248
-0.18085,0.8328262076058512
-0.1808000000000001,0.8328262076058512
-0.1807500000000002,0.8328262076058512
-0.1806999999999999,0.8328262076058512
-0.18065,0.8328262076058512
-0.1806000000000001,0.8328262076058512
-0.1805500000000002,0.8328262076058512
-0.1804999999999999,0.8328262076058512
-0.18045,0.833162026331248
-0.1804000000000001,0.833162026331248
-0.1803499999999998,0.8328262076058537
-0.1802999999999999,0.833162026331248
-0.18025,0.833162026331248
-0.1802000000000001,0.8328262076058512
-0.1801499999999998,0.8328262076058512
-0.1800999999999999,0.8328262076058512
-0.18005,0.8328262076058512
-0.1800000000000002,0.8328262076058512
-0.1799499999999998,0.833162026331248
-0.1798999999999999,0.8328262076058512
-0.1798500000000001,0.833162026331248
-0.1798000000000002,0.833162026331248
-0.1797499999999999,0.833162026331248
-0.1797,0.833162026331248
-0.1796500000000001,0.8328262076058512
-0.1796000000000002,0.8331620263312456
-0.1795499999999999,0.8328262076058512
-0.1795,0.833162026331248
-0.1794500000000001,0.8328262076058512
-0.1793999999999998,0.8328262076058512
-0.1793499999999999,0.8328262076058512
-0.1793,0.8328262076058512
-0.1792500000000001,0.8328262076058512
-0.1791999999999998,0.8328262076058512
-0.1791499999999999,0.8328262076058512
-0.1791,0.8328262076058512
-0.1790500000000002,0.833162026331248
-0.1789999999999998,0.833162026331248
-0.1789499999999999,0.8328262076058512
-0.1789000000000001,0.833162026331248
-0.1788500000000002,0.833162026331248
-0.1787999999999998,0.833162026331248
-0.17875,0.8328262076058512
-0.1787000000000001,0.833162026331248
-0.1786500000000002,0.833162026331248
-0.1785999999999999,0.8328262076058512
-0.17855,0.833162026331248
-0.1785000000000001,0.833162026331248
-0.1784500000000002,0.8328262076058537
-0.1783999999999999,0.833162026331248
-0.17835,0.8328262076058512
-0.1783000000000001,0.8328262076058512
-0.1782499999999998,0.8331620263312456
-0.1781999999999999,0.8328262076058512
-0.17815,0.8328262076058512
-0.1781000000000001,0.8328262076058512
-0.1780499999999998,0.8328262076058512
-0.1779999999999999,0.8328262076058512
-0.1779500000000001,0.8328262076058512
-0.1779000000000002,0.8328262076058512
-0.1778499999999998,0.8324903888804545
-0.1778,0.8324903888804545
-0.1777500000000001,0.8328262076058512
-0.1777000000000002,0.8328262076058512
-0.1776499999999999,0.8328262076058512
-0.1776,0.8328262076058512
-0.1775500000000001,0.8324903888804545
-0.1775000000000002,0.8324903888804545
-0.1774499999999999,0.8324903888804545
-0.1774,0.8324903888804545
-0.1773500000000001,0.8324903888804545
-0.1772999999999998,0.8324903888804545
-0.1772499999999999,0.8324903888804545
-0.1772,0.8324903888804545
-0.1771500000000001,0.8328262076058512
-0.1770999999999998,0.8328262076058512
-0.1770499999999999,0.8328262076058512
-0.177,0.8328262076058512
-0.1769500000000002,0.8328262076058512
-0.1768999999999998,0.8324903888804545
-0.17685,0.8328262076058512
-0.1768000000000001,0.8324903888804545
-0.1767500000000002,0.8328262076058488
-0.1766999999999999,0.8328262076058512
-0.17665,0.8324903888804545
-0.1766000000000001,0.8324903888804545
-0.1765500000000002,0.8324903888804545
-0.1764999999999999,0.8324903888804545
-0.17645,0.8328262076058512
-0.1764000000000001,0.8328262076058512
-0.1763499999999998,0.8328262076058512
-0.1762999999999999,0.8328262076058512
-0.17625,0.8328262076058512
-0.1762000000000001,0.8328262076058512
-0.1761499999999998,0.8328262076058488
-0.1760999999999999,0.8324903888804545
-0.17605,0.8328262076058512
-0.1760000000000002,0.8324903888804545
-0.1759499999999998,0.8328262076058512
-0.1758999999999999,0.8328262076058512
-0.1758500000000001,0.8324903888804545
-0.1758000000000002,0.8324903888804545
-0.1757499999999999,0.8324903888804545
-0.1757,0.8324903888804545
-0.1756500000000001,0.8324903888804545
-0.1756000000000002,0.8324903888804545
-0.1755499999999999,0.8324903888804545
-0.1755,0.8324903888804545
-0.1754500000000001,0.8324903888804545
-0.1753999999999998,0.8324903888804545
-0.1753499999999999,0.8324903888804545
-0.1753,0.8324903888804545
-0.1752500000000001,0.8324903888804545
-0.1751999999999998,0.8324903888804569
-0.1751499999999999,0.8328262076058512
-0.1751,0.8324903888804545
-0.1750500000000001,0.8328262076058512
-0.1749999999999998,0.8324903888804545
-0.1749499999999999,0.8324903888804545
-0.1749000000000001,0.8324903888804545
-0.1748500000000002,0.8324903888804545
-0.1747999999999998,0.8324903888804545
-0.17475,0.8324903888804545
-0.1747000000000001,0.8324903888804545
-0.1746500000000002,0.8324903888804545
-0.1745999999999999,0.8324903888804545
-0.17455,0.8324903888804545
-0.1745000000000001,0.8324903888804545
-0.1744500000000002,0.8324903888804545
-0.1743999999999999,0.8324903888804545
-0.17435,0.8324903888804545
-0.1743000000000001,0.8324903888804545
-0.1742499999999998,0.8328262076058512
-0.1741999999999999,0.8328262076058512
-0.17415,0.8324903888804545
-0.1741000000000001,0.8324903888804545
-0.1740499999999998,0.8324903888804545
-0.1739999999999999,0.8324903888804545
-0.17395,0.8328262076058512
-0.1739000000000002,0.8328262076058512
-0.1738499999999998,0.8328262076058512
-0.1738,0.8328262076058512
-0.1737500000000001,0.8328262076058512
-0.1737000000000002,0.8328262076058512
-0.1736499999999999,0.8328262076058512
-0.1736,0.8324903888804545
-0.1735500000000001,0.8324903888804545
-0.1735000000000002,0.8328262076058488
-0.1734499999999999,0.8328262076058512
-0.1734,0.8328262076058512
-0.1733500000000001,0.8324903888804545
-0.1732999999999998,0.8324903888804569
-0.1732499999999999,0.8328262076058512
-0.1732,0.8328262076058512
-0.1731500000000001,0.8328262076058512
-0.1730999999999998,0.8328262076058512
-0.1730499999999999,0.8328262076058512
-0.173,0.8328262076058512
-0.1729500000000002,0.8328262076058512
-0.1728999999999998,0.8328262076058512
-0.1728499999999999,0.8328262076058512
-0.1728000000000001,0.8328262076058512
-0.1727500000000002,0.8328262076058512
-0.1726999999999999,0.8328262076058512
-0.17265,0.8328262076058512
-0.1726000000000001,0.8328262076058512
-0.1725500000000002,0.8328262076058512
-0.1724999999999999,0.8328262076058512
-0.17245,0.8328262076058512
-0.1724000000000001,0.8328262076058512
-0.1723499999999998,0.8328262076058512
-0.1722999999999999,0.8328262076058512
-0.17225,0.8328262076058512
-0.1722000000000001,0.8328262076058512
-0.1721499999999998,0.8328262076058512
-0.1720999999999999,0.8328262076058512
-0.17205,0.833162026331248
-0.1720000000000002,0.8328262076058512
-0.1719499999999998,0.8328262076058512
-0.1718999999999999,0.833162026331248
-0.1718500000000001,0.8328262076058512
-0.1718000000000002,0.833162026331248
-0.1717499999999998,0.833162026331248
-0.1717,0.833162026331248
-0.1716500000000001,0.8328262076058512
-0.1716000000000002,0.8328262076058512
-0.1715499999999999,0.8328262076058512
-0.1715,0.8328262076058512
-0.1714500000000001,0.8328262076058512
-0.1714000000000002,0.8328262076058512
-0.1713499999999999,0.8328262076058512
-0.1713,0.8328262076058512
-0.1712500000000001,0.833162026331248
-0.1711999999999998,0.833162026331248
-0.1711499999999999,0.833162026331248
-0.1711,0.833162026331248
-0.1710500000000001,0.833162026331248
-0.1709999999999998,0.833162026331248
-0.1709499999999999,0.833162026331248
-0.1709000000000001,0.833162026331248
-0.1708500000000002,0.833162026331248
-0.1707999999999998,0.833162026331248
-0.17075,0.833162026331248
-0.1707000000000001,0.833162026331248
-0.1706500000000002,0.833162026331248
-0.1705999999999999,0.833162026331248
-0.17055,0.833162026331248
-0.1705000000000001,0.833162026331248
-0.1704500000000002,0.833162026331248
-0.1703999999999999,0.8328262076058512
-0.17035,0.833162026331248
-0.1703000000000001,0.833162026331248
-0.1702499999999998,0.833162026331248
-0.1701999999999999,0.833162026331248
-0.17015,0.8334978450566448
-0.1701000000000001,0.833162026331248
-0.1700499999999998,0.8334978450566448
-0.1699999999999999,0.8334978450566448
-0.16995,0.8334978450566448
-0.1699000000000002,0.833162026331248
-0.1698499999999998,0.8334978450566448
-0.1698,0.833162026331248
-0.1697500000000001,0.833162026331248
-0.1697000000000002,0.833162026331248
-0.1696499999999999,0.833162026331248
-0.1696,0.833162026331248
-0.1695500000000001,0.833162026331248
-0.1695000000000002,0.833162026331248
-0.1694499999999999,0.833162026331248
-0.1694,0.833162026331248
-0.1693500000000001,0.833162026331248
-0.1692999999999998,0.833162026331248
-0.1692499999999999,0.833162026331248
-0.1692,0.8334978450566448
-0.1691500000000001,0.8334978450566448
-0.1690999999999998,0.8334978450566448
-0.1690499999999999,0.8334978450566448
-0.169,0.8334978450566448
-0.1689500000000002,0.833162026331248
-0.1688999999999998,0.8334978450566448
-0.1688499999999999,0.833162026331248
-0.1688000000000001,0.833162026331248
-0.1687500000000002,0.833162026331248
-0.1686999999999999,0.833162026331248
-0.16865,0.833162026331248
-0.1686000000000001,0.833162026331248
-0.1685500000000002,0.833162026331248
-0.1684999999999999,0.833162026331248
-0.16845,0.833162026331248
-0.1684000000000001,0.833162026331248
-0.1683500000000002,0.833162026331248
-0.1682999999999999,0.833162026331248
-0.16825,0.8334978450566448
-0.1682000000000001,0.8334978450566448
-0.1681499999999998,0.8331620263312505
-0.1680999999999999,0.8334978450566448
-0.16805,0.8334978450566448
-0.1680000000000001,0.833162026331248
-0.1679499999999998,0.8334978450566448
-0.1678999999999999,0.8334978450566448
-0.1678500000000001,0.833162026331248
-0.1678000000000002,0.8334978450566448
-0.1677499999999998,0.833162026331248
-0.1677,0.833162026331248
-0.1676500000000001,0.833162026331248
-0.1676000000000002,0.833162026331248
-0.1675499999999999,0.8334978450566448
-0.1675,0.8334978450566448
-0.1674500000000001,0.8334978450566448
-0.1674000000000002,0.8334978450566448
-0.1673499999999999,0.8334978450566448
-0.1673,0.8334978450566448
-0.1672500000000001,0.833162026331248
-0.1671999999999998,0.8331620263312505
-0.1671499999999999,0.8334978450566448
-0.1671,0.8334978450566448
-0.1670500000000001,0.8334978450566448
-0.1669999999999998,0.8334978450566448
-0.1669499999999999,0.8334978450566448
-0.1669,0.833162026331248
-0.1668500000000002,0.8334978450566448
-0.1667999999999998,0.8334978450566448
-0.16675,0.8334978450566448
-0.1667000000000001,0.8334978450566448
-0.1666500000000002,0.8331620263312505
-0.1665999999999999,0.833162026331248
-0.16655,0.833162026331248
-0.1665000000000001,0.833162026331248
-0.1664500000000002,0.833162026331248
-0.1663999999999999,0.833162026331248
-0.16635,0.833162026331248
-0.1663000000000001,0.833162026331248
-0.1662499999999998,0.833162026331248
-0.1661999999999999,0.833162026331248
-0.16615,0.833162026331248
-0.1661000000000001,0.833162026331248
-0.1660499999999998,0.833162026331248
-0.1659999999999999,0.833162026331248
-0.16595,0.833162026331248
-0.1659000000000002,0.833162026331248
-0.1658499999999998,0.833162026331248
-0.1657999999999999,0.833162026331248
-0.1657500000000001,0.833162026331248
-0.1657000000000002,0.833162026331248
-0.1656499999999999,0.833162026331248
-0.1656,0.833162026331248
-0.1655500000000001,0.833162026331248
-0.1655000000000002,0.8328262076058537
-0.1654499999999999,0.833162026331248
-0.1654,0.8328262076058512
-0.1653500000000001,0.8328262076058512
-0.1652999999999998,0.8328262076058537
-0.1652499999999999,0.833162026331248
-0.1652,0.833162026331248
-0.1651500000000001,0.833162026331248
-0.1650999999999998,0.833162026331248
-0.1650499999999999,0.833162026331248
-0.165,0.833162026331248
-0.1649500000000002,0.833162026331248
-0.1648999999999998,0.833162026331248
-0.1648499999999999,0.833162026331248
-0.1648000000000001,0.8328262076058512
-0.1647500000000002,0.8328262076058512
-0.1646999999999998,0.8328262076058512
-0.16465,0.8328262076058512
-0.1646000000000001,0.833162026331248
-0.1645500000000002,0.833162026331248
-0.1644999999999999,0.833162026331248
-0.16445,0.833162026331248
-0.1644000000000001,0.833162026331248
-0.1643500000000002,0.833162026331248
-0.1642999999999999,0.833162026331248
-0.16425,0.8328262076058512
-0.1642000000000001,0.833162026331248
-0.1641499999999998,0.8328262076058537
-0.1640999999999999,0.833162026331248
-0.16405,0.833162026331248
-0.1640000000000001,0.833162026331248
-0.1639499999999998,0.833162026331248
-0.1638999999999999,0.833162026331248
-0.1638500000000001,0.833162026331248
-0.1638000000000002,0.833162026331248
-0.1637499999999998,0.833162026331248
-0.1637,0.833162026331248
-0.1636500000000001,0.833162026331248
-0.1636000000000002,0.833162026331248
-0.1635499999999999,0.833162026331248
-0.1635,0.833162026331248
-0.1634500000000001,0.833162026331248
-0.1634000000000002,0.833162026331248
-0.1633499999999999,0.833162026331248
-0.1633,0.833162026331248
-0.1632500000000001,0.833162026331248
-0.1631999999999998,0.833162026331248
-0.1631499999999999,0.833162026331248
-0.1631,0.833162026331248
-0.1630500000000001,0.8328262076058512
-0.1629999999999998,0.8328262076058537
-0.1629499999999999,0.833162026331248
-0.1629,0.833162026331248
-0.1628500000000002,0.833162026331248
-0.1627999999999998,0.833162026331248
-0.16275,0.833162026331248
-0.1627000000000001,0.833162026331248
-0.1626500000000002,0.833162026331248
-0.1625999999999999,0.833162026331248
-0.16255,0.8328262076058512
-0.1625000000000001,0.833162026331248
-0.1624500000000002,0.8328262076058537
-0.1623999999999999,0.8328262076058512
-0.16235,0.8328262076058512
-0.1623000000000001,0.833162026331248
-0.1622499999999998,0.833162026331248
-0.1621999999999999,0.833162026331248
-0.16215,0.833162026331248
-0.1621000000000001,0.833162026331248
-0.1620499999999998,0.833162026331248
-0.1619999999999999,0.833162026331248
-0.16195,0.833162026331248
-0.1619000000000002,0.8328262076058512
-0.1618499999999998,0.833162026331248
-0.1617999999999999,0.833162026331248
-0.1617500000000001,0.833162026331248
-0.1617000000000002,0.8328262076058512
-0.1616499999999998,0.833162026331248
-0.1616,0.8328262076058512
-0.1615500000000001,0.8328262076058512
-0.1615000000000002,0.8328262076058512
-0.1614499999999999,0.8328262076058512
-0.1614,0.833162026331248
-0.1613500000000001,0.833162026331248
-0.1613000000000002,0.8328262076058537
-0.1612499999999999,0.8328262076058512
-0.1612,0.8328262076058512
-0.1611500000000001,0.833162026331248
-0.1610999999999998,0.833162026331248
-0.1610499999999999,0.833162026331248
-0.161,0.8328262076058512
-0.1609500000000001,0.833162026331248
-0.1608999999999998,0.833162026331248
-0.1608499999999999,0.833162026331248
-0.1608000000000001,0.833162026331248
-0.1607500000000002,0.833162026331248
-0.1606999999999998,0.8328262076058512
-0.16065,0.8328262076058512
-0.1606000000000001,0.8328262076058512
-0.1605500000000002,0.8331620263312456
-0.1604999999999999,0.8328262076058512
-0.16045,0.8328262076058512
-0.1604000000000001,0.833162026331248
-0.1603500000000002,0.8328262076058537
-0.1602999999999999,0.833162026331248
-0.16025,0.833162026331248
-0.1602000000000001,0.8328262076058512
-0.1601499999999998,0.8328262076058512
-0.1600999999999999,0.8328262076058512
-0.16005,0.8328262076058512
-0.1600000000000001,0.833162026331248
-0.1599499999999998,0.8331620263312456
-0.1598999999999999,0.8328262076058512
-0.15985,0.833162026331248
-0.1598000000000002,0.8328262076058512
-0.1597499999999998,0.8328262076058512
-0.1597,0.8328262076058512
-0.1596500000000001,0.8328262076058512
-0.1596000000000002,0.8328262076058512
-0.1595499999999999,0.8328262076058512
-0.1595,0.833162026331248
-0.1594500000000001,0.8328262076058512
-0.1594000000000002,0.8328262076058512
-0.1593499999999999,0.8328262076058512
-0.1593,0.833162026331248
-0.1592500000000001,0.8328262076058512
-0.1591999999999998,0.8328262076058512
-0.1591499999999999,0.8328262076058512
-0.1591,0.8328262076058512
-0.1590500000000001,0.833162026331248
-0.1589999999999998,0.8328262076058512
-0.1589499999999999,0.8328262076058512
-0.1589,0.8328262076058512
-0.1588500000000002,0.8328262076058512
-0.1587999999999998,0.8328262076058512
-0.1587499999999999,0.8328262076058512
-0.1587000000000001,0.8328262076058512
-0.1586500000000002,0.8328262076058512
-0.1585999999999999,0.8328262076058512
-0.15855,0.8328262076058512
-0.1585000000000001,0.8328262076058512
-0.1584500000000002,0.8331620263312456
-0.1583999999999999,0.833162026331248
-0.15835,0.8328262076058512
-0.1583000000000001,0.833162026331248
-0.1582499999999998,0.8331620263312456
-0.1581999999999999,0.8328262076058512
-0.15815,0.8328262076058512
-0.1581000000000001,0.8328262076058512
-0.1580499999999998,0.8328262076058512
-0.1579999999999999,0.8328262076058512
-0.15795,0.8328262076058512
-0.1579000000000002,0.8328262076058512
-0.1578499999999998,0.8328262076058512
-0.1577999999999999,0.8328262076058512
-0.1577500000000001,0.8328262076058512
-0.1577000000000002,0.8328262076058512
-0.1576499999999998,0.8328262076058512
-0.1576,0.8328262076058512
-0.1575500000000001,0.8324903888804545
-0.1575000000000002,0.8328262076058488
-0.1574499999999999,0.8324903888804545
-0.1574,0.8328262076058512
-0.1573500000000001,0.8324903888804545
-0.1573000000000002,0.8324903888804545
-0.1572499999999999,0.8324903888804545
-0.1572,0.8324903888804545
-0.1571500000000001,0.8324903888804545
-0.1570999999999998,0.8324903888804545
-0.1570499999999999,0.8324903888804545
-0.157,0.8324903888804545
-0.1569500000000001,0.8324903888804545
-0.1568999999999998,0.8324903888804545
-0.1568499999999999,0.8324903888804545
-0.1568000000000001,0.8324903888804545
-0.1567500000000002,0.8324903888804545
-0.1566999999999998,0.8324903888804545
-0.15665,0.8324903888804545
-0.1566000000000001,0.8324903888804545
-0.1565500000000002,0.8324903888804545
-0.1564999999999999,0.8324903888804545
-0.15645,0.8328262076058512
-0.1564000000000001,0.8324903888804545
-0.1563500000000002,0.8328262076058488
-0.1562999999999999,0.8328262076058512
-0.15625,0.8324903888804545
-0.1562000000000001,0.8324903888804545
-0.1561499999999998,0.8324903888804545
-0.1560999999999999,0.8324903888804545
-0.15605,0.8324903888804545
-0.1560000000000001,0.8324903888804545
-0.1559499999999998,0.8328262076058488
-0.1558999999999999,0.8324903888804545
-0.15585,0.8324903888804545
-0.1558000000000002,0.8324903888804545
-0.1557499999999998,0.8324903888804545
-0.1556999999999999,0.8324903888804545
-0.1556500000000001,0.8324903888804545
-0.1556000000000002,0.8324903888804545
-0.1555499999999999,0.8324903888804545
-0.1555,0.8324903888804545
-0.1554500000000001,0.8328262076058512
-0.1554000000000002,0.8324903888804569
-0.1553499999999999,0.8328262076058512
-0.1553,0.8324903888804545
-0.1552500000000001,0.8328262076058512
-0.1551999999999998,0.8328262076058488
-0.1551499999999999,0.8324903888804545
-0.1551,0.8328262076058512
-0.1550500000000001,0.8328262076058512
-0.1549999999999998,0.8324903888804545
-0.1549499999999999,0.8324903888804545
-0.1549,0.8324903888804545
-0.1548500000000002,0.8324903888804545
-0.1547999999999998,0.8324903888804545
-0.1547499999999999,0.8324903888804545
-0.1547000000000001,0.8324903888804545
-0.1546500000000002,0.8328262076058512
-0.1545999999999998,0.8328262076058512
-0.15455,0.8328262076058512
-0.1545000000000001,0.8328262076058512
-0.1544500000000002,0.8324903888804569
-0.1543999999999999,0.8328262076058512
-0.15435,0.8324903888804545
-0.1543000000000001,0.8324903888804545
-0.1542500000000002,0.8324903888804545
-0.1541999999999999,0.8324903888804545
-0.15415,0.8324903888804545
-0.1541000000000001,0.8324903888804545
-0.1540499999999998,0.8324903888804545
-0.1539999999999999,0.8324903888804545
-0.15395,0.8328262076058512
-0.1539000000000001,0.8324903888804545
-0.1538499999999998,0.8328262076058512
-0.1537999999999999,0.8328262076058512
-0.1537500000000001,0.8328262076058512
-0.1537000000000002,0.8328262076058512
-0.1536499999999998,0.8328262076058512
-0.1536,0.8328262076058512
-0.1535500000000001,0.8328262076058512
-0.1535000000000002,0.8328262076058512
-0.1534499999999999,0.8328262076058512
-0.1534,0.8328262076058512
-0.1533500000000001,0.8328262076058512
-0.1533000000000002,0.8328262076058512
-0.1532499999999999,0.8328262076058512
-0.1532,0.8328262076058512
-0.1531500000000001,0.8328262076058512
-0.1530999999999998,0.8328262076058512
-0.1530499999999999,0.8328262076058512
-0.153,0.8328262076058512
-0.1529500000000001,0.8328262076058512
-0.1528999999999998,0.8328262076058512
-0.1528499999999999,0.8328262076058512
-0.1528,0.8328262076058512
-0.1527500000000002,0.8328262076058512
-0.1526999999999998,0.8324903888804545
-0.15265,0.8328262076058512
-0.1526000000000001,0.8328262076058512
-0.1525500000000002,0.8328262076058512
-0.1524999999999999,0.8328262076058512
-0.15245,0.8328262076058512
-0.1524000000000001,0.8328262076058512
-0.1523500000000002,0.8328262076058512
-0.1522999999999999,0.8328262076058512
-0.15225,0.8328262076058512
-0.1522000000000001,0.8328262076058512
-0.1521499999999998,0.8328262076058488
-0.1520999999999999,0.8324903888804545
-0.15205,0.8328262076058512
-0.1520000000000001,0.8328262076058512
-0.1519499999999998,0.8328262076058512
-0.1518999999999999,0.8328262076058512
-0.15185,0.8328262076058512
-0.1518000000000002,0.8328262076058512
-0.1517499999999998,0.8328262076058512
-0.1516999999999999,0.8328262076058512
-0.1516500000000001,0.8328262076058512
-0.1516000000000002,0.8328262076058512
-0.1515499999999999,0.8328262076058512
-0.1515,0.8328262076058512
-0.1514500000000001,0.8328262076058512
-0.1514000000000002,0.8328262076058512
-0.1513499999999999,0.8328262076058512
-0.1513,0.8328262076058512
-0.1512500000000001,0.8328262076058512
-0.1511999999999998,0.8328262076058537
-0.1511499999999999,0.833162026331248
-0.1511,0.833162026331248
-0.1510500000000001,0.833162026331248
-0.1509999999999998,0.833162026331248
-0.1509499999999999,0.833162026331248
-0.1509,0.833162026331248
-0.1508500000000002,0.833162026331248
-0.1507999999999998,0.833162026331248
-0.1507499999999999,0.833162026331248
-0.1507000000000001,0.833162026331248
-0.1506500000000002,0.833162026331248
-0.1505999999999998,0.833162026331248
-0.15055,0.833162026331248
-0.1505000000000001,0.833162026331248
-0.1504500000000002,0.833162026331248
-0.1503999999999999,0.833162026331248
-0.15035,0.833162026331248
-0.1503000000000001,0.833162026331248
-0.1502500000000002,0.833162026331248
-0.1501999999999999,0.8334978450566448
-0.15015,0.833162026331248
-0.1501000000000001,0.833162026331248
-0.1500499999999998,0.8331620263312505
-0.1499999999999999,0.8334978450566448
-0.14995,0.8334978450566448
-0.1499000000000001,0.833162026331248
-0.1498499999999998,0.833162026331248
-0.1497999999999999,0.833162026331248
-0.14975,0.833162026331248
-0.1497000000000002,0.833162026331248
-0.1496499999999998,0.833162026331248
-0.1496,0.833162026331248
-0.1495500000000001,0.8334978450566448
-0.1495000000000002,0.8334978450566448
-0.1494499999999999,0.833162026331248
-0.1494,0.8334978450566448
-0.1493500000000001,0.8334978450566448
-0.1493000000000002,0.8334978450566448
-0.1492499999999999,0.833162026331248
-0.1492,0.833162026331248
-0.1491500000000001,0.8334978450566448
-0.1490999999999998,0.8334978450566424
-0.1490499999999999,0.833162026331248
-0.149,0.8334978450566448
-0.1489500000000001,0.8334978450566448
-0.1488999999999998,0.833162026331248
-0.1488499999999999,0.833162026331248
-0.1488,0.833162026331248
-0.1487500000000002,0.833162026331248
-0.1486999999999998,0.833162026331248
-0.1486499999999999,0.833162026331248
-0.1486000000000001,0.833162026331248
-0.1485500000000002,0.833162026331248
-0.1484999999999999,0.833162026331248
-0.14845,0.833162026331248
-0.1484000000000001,0.833162026331248
-0.1483500000000002,0.833162026331248
-0.1482999999999999,0.833162026331248
-0.14825,0.833162026331248
-0.1482000000000001,0.833162026331248
-0.1481499999999998,0.8331620263312505
-0.1480999999999999,0.8334978450566448
-0.14805,0.833162026331248
-0.1480000000000001,0.833162026331248
-0.1479499999999998,0.833162026331248
-0.1478999999999999,0.833162026331248
-0.14785,0.833162026331248
-0.1478000000000002,0.833162026331248
-0.1477499999999998,0.8334978450566448
-0.1476999999999999,0.8334978450566448
-0.1476500000000001,0.8334978450566448
-0.1476000000000002,0.8334978450566448
-0.1475499999999998,0.8334978450566448
-0.1475,0.833162026331248
-0.1474500000000001,0.8334978450566448
-0.1474000000000002,0.8334978450566448
-0.1473499999999999,0.833162026331248
-0.1473,0.833162026331248
-0.1472500000000001,0.8334978450566448
-0.1472000000000002,0.8331620263312505
-0.1471499999999999,0.8334978450566448
-0.1471,0.8334978450566448
-0.1470500000000001,0.8334978450566448
-0.1469999999999998,0.8334978450566448
-0.1469499999999999,0.8334978450566448
-0.1469,0.8334978450566448
-0.1468500000000001,0.833162026331248
-0.1467999999999998,0.833162026331248
-0.1467499999999999,0.833162026331248
-0.1467000000000001,0.833162026331248
-0.1466500000000002,0.833162026331248
-0.1465999999999998,0.833162026331248
-0.14655,0.8328262076058512
-0.1465000000000001,0.833162026331248
-0.1464500000000002,0.833162026331248
-0.1463999999999999,0.833162026331248
-0.14635,0.833162026331248
-0.1463000000000001,0.833162026331248
-0.1462500000000002,0.8328262076058537
-0.1461999999999999,0.8328262076058512
-0.14615,0.8328262076058512
-0.1461000000000001,0.8328262076058512
-0.1460499999999998,0.8328262076058537
-0.1459999999999999,0.833162026331248
-0.14595,0.8328262076058512
-0.1459000000000001,0.8328262076058512
-0.1458499999999998,0.8328262076058537
-0.1457999999999999,0.833162026331248
-0.14575,0.833162026331248
-0.1457000000000002,0.833162026331248
-0.1456499999999998,0.833162026331248
-0.1456,0.833162026331248
-0.1455500000000001,0.833162026331248
-0.1455000000000002,0.833162026331248
-0.1454499999999999,0.833162026331248
-0.1454,0.8328262076058512
-0.1453500000000001,0.833162026331248
-0.1453000000000002,0.833162026331248
-0.1452499999999999,0.8328262076058512
-0.1452,0.8328262076058512
-0.1451500000000001,0.8328262076058512
-0.1450999999999998,0.8328262076058512
-0.1450499999999999,0.8328262076058512
-0.145,0.833162026331248
-0.1449500000000001,0.833162026331248
-0.1448999999999998,0.833162026331248
-0.1448499999999999,0.833162026331248
-0.1448,0.833162026331248
-0.1447500000000002,0.833162026331248
-0.1446999999999998,0.833162026331248
-0.1446499999999999,0.833162026331248
-0.1446000000000001,0.833162026331248
-0.1445500000000002,0.8328262076058512
-0.1444999999999999,0.8328262076058512
-0.14445,0.8328262076058512
-0.1444000000000001,0.8328262076058512
-0.1443500000000002,0.8331620263312456
-0.1442999999999999,0.8328262076058512
-0.14425,0.8328262076058512
-0.1442000000000001,0.8328262076058512
-0.1441499999999998,0.8328262076058537
-0.1440999999999999,0.833162026331248
-0.14405,0.8328262076058512
-0.1440000000000001,0.833162026331248
-0.1439499999999998,0.8328262076058537
-0.1438999999999999,0.833162026331248
-0.14385,0.833162026331248
-0.1438000000000001,0.833162026331248
-0.1437499999999998,0.8328262076058512
-0.1436999999999999,0.833162026331248
-0.1436500000000001,0.833162026331248
-0.1436000000000002,0.8328262076058512
-0.1435499999999998,0.8328262076058512
-0.1435,0.8328262076058512
-0.1434500000000001,0.8328262076058512
-0.1434000000000002,0.8328262076058512
-0.1433499999999999,0.8328262076058512
-0.1433,0.833162026331248
-0.1432500000000001,0.8328262076058512
-0.1432000000000002,0.8328262076058512
-0.1431499999999999,0.8328262076058512
-0.1431,0.8328262076058512
-0.1430500000000001,0.833162026331248
-0.1429999999999998,0.833162026331248
-0.1429499999999999,0.833162026331248
-0.1429,0.833162026331248
-0.1428500000000001,0.833162026331248
-0.1427999999999998,0.8328262076058512
-0.1427499999999999,0.8328262076058512
-0.1427,0.833162026331248
-0.1426500000000002,0.833162026331248
-0.1425999999999998,0.833162026331248
-0.14255,0.833162026331248
-0.1425000000000001,0.833162026331248
-0.1424500000000002,0.8328262076058537
-0.1423999999999999,0.8328262076058512
-0.14235,0.8328262076058512
-0.1423000000000001,0.8328262076058512
-0.1422500000000002,0.8328262076058512
-0.1421999999999999,0.8328262076058512
-0.14215,0.8328262076058512
-0.1421000000000001,0.8328262076058512
-0.1420499999999998,0.8328262076058512
-0.1419999999999999,0.8328262076058512
-0.14195,0.8328262076058512
-0.1419000000000001,0.8328262076058512
-0.1418499999999998,0.8328262076058537
-0.1417999999999999,0.833162026331248
-0.14175,0.8328262076058512
-0.1417000000000002,0.8328262076058512
-0.1416499999999998,0.8328262076058512
-0.1415999999999999,0.8328262076058512
-0.1415500000000001,0.8328262076058512
-0.1415000000000002,0.8328262076058512
-0.1414499999999999,0.8328262076058512
-0.1414,0.8328262076058512
-0.1413500000000001,0.8328262076058512
-0.1413000000000002,0.8328262076058512
-0.1412499999999999,0.8328262076058512
-0.1412,0.8328262076058512
-0.1411500000000001,0.8328262076058512
-0.1410999999999998,0.8328262076058512
-0.1410499999999999,0.8328262076058512
-0.141,0.8328262076058512
-0.1409500000000001,0.8328262076058512
-0.1408999999999998,0.8328262076058512
-0.1408499999999999,0.8328262076058512
-0.1408,0.8328262076058512
-0.1407500000000002,0.8328262076058512
-0.1406999999999998,0.833162026331248
-0.1406499999999999,0.8328262076058512
-0.1406000000000001,0.8328262076058512
-0.1405500000000002,0.8328262076058512
-0.1404999999999998,0.8328262076058512
-0.14045,0.8328262076058512
-0.1404000000000001,0.8328262076058512
-0.1403500000000002,0.8328262076058512
-0.1402999999999999,0.8328262076058512
-0.14025,0.8328262076058512
-0.1402000000000001,0.8328262076058512
-0.1401500000000002,0.8328262076058512
-0.1400999999999999,0.8328262076058512
-0.14005,0.8328262076058512
-0.1400000000000001,0.8328262076058512
-0.1399499999999998,0.8328262076058512
-0.1398999999999999,0.8328262076058512
-0.13985,0.8328262076058512
-0.1398000000000001,0.8328262076058512
-0.1397499999999998,0.8328262076058512
-0.1396999999999999,0.8328262076058512
-0.1396500000000001,0.8328262076058512
-0.1396000000000002,0.8328262076058512
-0.1395499999999998,0.8328262076058512
-0.1395,0.8328262076058512
-0.1394500000000001,0.8328262076058512
-0.1394000000000002,0.8328262076058512
-0.1393499999999999,0.8328262076058512
-0.1393,0.8328262076058512
-0.1392500000000001,0.8328262076058512
-0.1392000000000002,0.8328262076058512
-0.1391499999999999,0.8328262076058512
-0.1391,0.8328262076058512
-0.1390500000000001,0.8328262076058512
-0.1389999999999998,0.8328262076058512
-0.1389499999999999,0.8328262076058512
-0.1389,0.8328262076058512
-0.1388500000000001,0.8324903888804545
-0.1387999999999998,0.8328262076058512
-0.1387499999999999,0.8328262076058512
-0.1387,0.8328262076058512
-0.1386500000000002,0.8328262076058512
-0.1385999999999998,0.8328262076058512
-0.13855,0.8328262076058512
-0.1385000000000001,0.8328262076058512
-0.1384500000000002,0.8328262076058512
-0.1383999999999999,0.8328262076058512
-0.13835,0.8328262076058512
-0.1383000000000001,0.8328262076058512
-0.1382500000000002,0.8328262076058512
-0.1381999999999999,0.8328262076058512
-0.13815,0.8328262076058512
-0.1381000000000001,0.8328262076058512
-0.1380499999999998,0.8328262076058512
-0.1379999999999999,0.8328262076058512
-0.13795,0.8328262076058512
-0.1379000000000001,0.8328262076058512
-0.1378499999999998,0.8328262076058512
-0.1377999999999999,0.8328262076058512
-0.13775,0.8324903888804545
-0.1377000000000002,0.8324903888804545
-0.1376499999999998,0.8324903888804545
-0.1375999999999999,0.8328262076058512
-0.1375500000000001,0.8324903888804545
-0.1375000000000002,0.8324903888804545
-0.1374499999999999,0.8324903888804545
-0.1374,0.8324903888804545
-0.1373500000000001,0.8324903888804545
-0.1373000000000002,0.8324903888804545
-0.1372499999999999,0.8328262076058512
-0.1372,0.8324903888804545
-0.1371500000000001,0.8324903888804545
-0.1371000000000002,0.8328262076058488
-0.1370499999999999,0.8324903888804545
-0.137,0.8324903888804545
-0.1369500000000001,0.8324903888804545
-0.1368999999999998,0.8324903888804545
-0.1368499999999999,0.8324903888804545
-0.1368,0.8324903888804545
-0.1367500000000001,0.8324903888804545
-0.1366999999999998,0.8324903888804545
-0.1366499999999999,0.8324903888804545
-0.1366000000000001,0.8324903888804545
-0.1365500000000002,0.8324903888804545
-0.1364999999999998,0.8328262076058512
-0.13645,0.8328262076058512
-0.1364000000000001,0.8324903888804545
-0.1363500000000002,0.8324903888804545
-0.1362999999999999,0.8324903888804545
-0.13625,0.8324903888804545
-0.1362000000000001,0.8324903888804545
-0.1361500000000002,0.8324903888804545
-0.1360999999999999,0.8324903888804545
-0.13605,0.8324903888804545
-0.1360000000000001,0.8324903888804545
-0.1359499999999998,0.8324903888804545
-0.1358999999999999,0.8324903888804545
-0.13585,0.8324903888804545
-0.1358000000000001,0.8328262076058512
-0.1357499999999998,0.8328262076058488
-0.1356999999999999,0.8324903888804545
-0.13565,0.8328262076058512
-0.1356000000000002,0.8328262076058512
-0.1355499999999998,0.8324903888804545
-0.1355,0.8324903888804545
-0.1354500000000001,0.8328262076058512
-0.1354000000000002,0.8324903888804569
-0.1353499999999999,0.8324903888804545
-0.1353,0.8324903888804545
-0.1352500000000001,0.8324903888804545
-0.1352000000000002,0.8324903888804545
-0.1351499999999999,0.8328262076058512
-0.1351,0.8328262076058512
-0.1350500000000001,0.8328262076058512
-0.1349999999999998,0.8328262076058488
-0.1349499999999999,0.8324903888804545
-0.1349,0.8324903888804545
-0.1348500000000001,0.8324903888804545
-0.1347999999999998,0.8324903888804545
-0.1347499999999999,0.8324903888804545
-0.1347,0.8324903888804545
-0.1346500000000002,0.8324903888804545
-0.1345999999999998,0.8324903888804545
-0.1345499999999999,0.8328262076058512
-0.1345000000000001,0.8324903888804545
-0.1344500000000002,0.8328262076058512
-0.1343999999999999,0.8324903888804545
-0.13435,0.8324903888804545
-0.1343000000000001,0.8324903888804545
-0.1342500000000002,0.8324903888804545
-0.1341999999999999,0.8324903888804545
-0.13415,0.8324903888804545
-0.1341000000000001,0.8328262076058512
-0.1340499999999998,0.8328262076058512
-0.1339999999999999,0.8328262076058512
-0.13395,0.8324903888804545
-0.1339000000000001,0.8324903888804545
-0.1338499999999998,0.8324903888804545
-0.1337999999999999,0.8324903888804545
-0.13375,0.8324903888804545
-0.1337000000000002,0.8324903888804545
-0.1336499999999998,0.8324903888804545
-0.1335999999999999,0.8328262076058512
-0.1335500000000001,0.8328262076058512
-0.1335000000000002,0.8328262076058512
-0.1334499999999998,0.8328262076058512
-0.1334,0.8328262076058512
-0.1333500000000001,0.8328262076058512
-0.1333000000000002,0.8328262076058512
-0.1332499999999999,0.8328262076058512
-0.1332,0.8328262076058512
-0.1331500000000001,0.8328262076058512
-0.1331000000000002,0.8328262076058512
-0.1330499999999999,0.8328262076058512
-0.133,0.8328262076058512
-0.1329500000000001,0.8328262076058512
-0.1328999999999998,0.8328262076058512
-0.1328499999999999,0.8328262076058512
-0.1328,0.8328262076058512
-0.1327500000000001,0.8328262076058512
-0.1326999999999998,0.8328262076058512
-0.1326499999999999,0.8328262076058512
-0.1326000000000001,0.8328262076058512
-0.1325500000000002,0.8328262076058512
-0.1324999999999998,0.8328262076058512
-0.13245,0.8328262076058512
-0.1324000000000001,0.8328262076058512
-0.1323500000000002,0.8328262076058512
-0.1322999999999999,0.8324903888804545
-0.13225,0.8328262076058512
-0.1322000000000001,0.8328262076058512
-0.1321500000000002,0.8328262076058512
-0.1320999999999999,0.8328262076058512
-0.13205,0.8328262076058512
-0.1320000000000001,0.8328262076058512
-0.1319499999999998,0.8331620263312456
-0.1318999999999999,0.8328262076058512
-0.13185,0.8328262076058512
-0.1318000000000001,0.8328262076058512
-0.1317499999999998,0.8328262076058512
-0.1316999999999999,0.8328262076058512
-0.13165,0.8328262076058512
-0.1316000000000002,0.8328262076058512
-0.1315499999999998,0.8328262076058512
-0.1315,0.8328262076058512
-0.1314500000000001,0.8328262076058512
-0.1314000000000002,0.8328262076058512
-0.1313499999999999,0.8328262076058512
-0.1313,0.8328262076058512
-0.1312500000000001,0.8328262076058512
-0.1312000000000002,0.8331620263312456
-0.1311499999999999,0.833162026331248
-0.1311,0.833162026331248
-0.1310500000000001,0.833162026331248
-0.1309999999999998,0.833162026331248
-0.1309499999999999,0.833162026331248
-0.1309,0.833162026331248
-0.1308500000000001,0.833162026331248
-0.1307999999999998,0.833162026331248
-0.1307499999999999,0.833162026331248
-0.1307,0.833162026331248
-0.1306500000000002,0.8328262076058512
-0.1305999999999998,0.833162026331248
-0.1305499999999999,0.833162026331248
-0.1305000000000001,0.833162026331248
-0.1304500000000002,0.833162026331248
-0.1303999999999998,0.833162026331248
-0.13035,0.833162026331248
-0.1303000000000001,0.833162026331248
-0.1302500000000002,0.8334978450566424
-0.1301999999999999,0.8334978450566448
-0.13015,0.8334978450566448
-0.1301000000000001,0.833162026331248
-0.1300500000000002,0.833162026331248
-0.1299999999999999,0.833162026331248
-0.12995,0.833162026331248
-0.1299000000000001,0.833162026331248
-0.1298499999999998,0.833162026331248
-0.1297999999999999,0.833162026331248
-0.12975,0.833162026331248
-0.1297000000000001,0.8334978450566448
-0.1296499999999998,0.833162026331248
-0.1295999999999999,0.833162026331248
-0.1295500000000001,0.833162026331248
-0.1295000000000002,0.8334978450566448
-0.1294499999999998,0.8334978450566448
-0.1294,0.8334978450566448
-0.1293500000000001,0.833162026331248
-0.1293000000000002,0.8334978450566424
-0.1292499999999999,0.8334978450566448
-0.1292,0.8334978450566448
-0.1291500000000001,0.8334978450566448
-0.1291000000000002,0.8331620263312505
-0.1290499999999999,0.833162026331248
-0.129,0.833162026331248
-0.1289500000000001,0.833162026331248
-0.1288999999999998,0.833162026331248
-0.1288499999999999,0.833162026331248
-0.1288,0.833162026331248
-0.1287500000000001,0.833162026331248
-0.1286999999999998,0.833162026331248
-0.1286499999999999,0.833162026331248
-0.1286,0.833162026331248
-0.1285500000000002,0.833162026331248
-0.1284999999999998,0.833162026331248
-0.12845,0.833162026331248
-0.1284000000000001,0.833162026331248
-0.1283500000000002,0.833162026331248
-0.1282999999999999,0.833162026331248
-0.12825,0.833162026331248
-0.1282000000000001,0.833162026331248
-0.1281500000000002,0.833162026331248
-0.1280999999999999,0.833162026331248
-0.12805,0.833162026331248
-0.1280000000000001,0.833162026331248
-0.1279499999999998,0.833162026331248
-0.1278999999999999,0.833162026331248
-0.12785,0.833162026331248
-0.1278000000000001,0.833162026331248
-0.1277499999999998,0.833162026331248
-0.1276999999999999,0.833162026331248
-0.12765,0.833162026331248
-0.1276000000000002,0.833162026331248
-0.1275499999999998,0.833162026331248
-0.1274999999999999,0.833162026331248
-0.1274500000000001,0.8334978450566448
-0.1274000000000002,0.833162026331248
-0.1273499999999999,0.833162026331248
-0.1273,0.8334978450566448
-0.1272500000000001,0.8334978450566448
-0.1272000000000002,0.8331620263312505
-0.1271499999999999,0.833162026331248
-0.1271,0.833162026331248
-0.1270500000000001,0.8334978450566448
-0.1269999999999998,0.833162026331248
-0.1269499999999999,0.833162026331248
-0.1269,0.833162026331248
-0.1268500000000001,0.8334978450566448
-0.1267999999999998,0.833162026331248
-0.1267499999999999,0.833162026331248
-0.1267,0.833162026331248
-0.1266500000000002,0.833162026331248
-0.1265999999999998,0.8328262076058512
-0.1265499999999999,0.833162026331248
-0.1265000000000001,0.833162026331248
-0.1264500000000002,0.833162026331248
-0.1263999999999998,0.833162026331248
-0.12635,0.833162026331248
-0.1263000000000001,0.833162026331248
-0.1262500000000002,0.8328262076058537
-0.1261999999999999,0.8328262076058512
-0.12615,0.8328262076058512
-0.1261000000000001,0.8328262076058512
-0.1260500000000002,0.8331620263312456
-0.1259999999999999,0.833162026331248
-0.12595,0.8328262076058512
-0.1259000000000001,0.8328262076058512
-0.1258499999999998,0.8328262076058512
-0.1257999999999999,0.8328262076058512
-0.12575,0.833162026331248
-0.1257000000000001,0.833162026331248
-0.1256499999999998,0.833162026331248
-0.1255999999999999,0.833162026331248
-0.1255500000000001,0.833162026331248
-0.1255000000000002,0.833162026331248
-0.1254499999999998,0.833162026331248
-0.1254,0.833162026331248
-0.1253500000000001,0.833162026331248
-0.1253000000000002,0.833162026331248
-0.1252499999999999,0.8328262076058512
-0.1252,0.833162026331248
-0.1251500000000001,0.833162026331248
-0.1251000000000002,0.8328262076058537
-0.1250499999999999,0.8328262076058512
-0.125,0.8328262076058512
-0.1249500000000001,0.8328262076058512
-0.1248999999999998,0.8328262076058512
-0.1248499999999999,0.8328262076058512
-0.1248,0.8328262076058512
-0.1247500000000001,0.8328262076058512
-0.1246999999999998,0.8328262076058512
-0.1246499999999999,0.8328262076058512
-0.1246,0.8328262076058512
-0.1245500000000002,0.8328262076058512
-0.1244999999999998,0.8328262076058512
-0.1244499999999999,0.8328262076058512
-0.1244000000000001,0.8328262076058512
-0.1243500000000002,0.8331620263312456
-0.1242999999999999,0.8328262076058512
-0.12425,0.8328262076058512
-0.1242000000000001,0.833162026331248
-0.1241500000000002,0.8328262076058537
-0.1240999999999999,0.8328262076058512
-0.12405,0.8328262076058512
-0.1240000000000001,0.8328262076058512
-0.1239499999999998,0.8328262076058512
-0.1238999999999999,0.8328262076058512
-0.12385,0.8328262076058512
-0.1238000000000001,0.8328262076058512
-0.1237499999999998,0.8328262076058512
-0.1236999999999999,0.8328262076058512
-0.12365,0.8328262076058512
-0.1236000000000002,0.8328262076058512
-0.1235499999999998,0.8328262076058512
-0.1234999999999999,0.8328262076058512
-0.1234500000000001,0.8328262076058512
-0.1234000000000002,0.8328262076058512
-0.1233499999999998,0.8328262076058512
-0.1233,0.8328262076058512
-0.1232500000000001,0.833162026331248
-0.1232000000000002,0.8328262076058537
-0.1231499999999999,0.833162026331248
-0.1231,0.8328262076058512
-0.1230500000000001,0.8328262076058512
-0.1230000000000002,0.8331620263312456
-0.1229499999999999,0.8328262076058512
-0.1229,0.8328262076058512
-0.1228500000000001,0.8328262076058512
-0.1227999999999998,0.8328262076058512
-0.1227499999999999,0.8328262076058512
-0.1227,0.833162026331248
-0.1226500000000001,0.8328262076058512
-0.1225999999999998,0.8328262076058512
-0.1225499999999999,0.8328262076058512
-0.1225000000000001,0.8328262076058512
-0.1224500000000002,0.8328262076058512
-0.1223999999999998,0.8328262076058512
-0.12235,0.8328262076058512
-0.1223000000000001,0.833162026331248
-0.1222500000000002,0.833162026331248
-0.1221999999999999,0.8328262076058512
-0.12215,0.8328262076058512
-0.1221000000000001,0.8328262076058512
-0.1220500000000002,0.8328262076058512
-0.1219999999999999,0.8328262076058512
-0.12195,0.833162026331248
-0.1219000000000001,0.833162026331248
-0.1218499999999998,0.8328262076058537
-0.1217999999999999,0.833162026331248
-0.12175,0.8328262076058512
-0.1217000000000001,0.8328262076058512
-0.1216499999999998,0.8328262076058512
-0.1215999999999999,0.8328262076058512
-0.12155,0.8328262076058512
-0.1215000000000002,0.8328262076058512
-0.1214499999999998,0.8328262076058512
-0.1214,0.8328262076058512
-0.1213500000000001,0.833162026331248
-0.1213000000000002,0.833162026331248
-0.1212499999999999,0.8328262076058512
-0.1212,0.833162026331248
-0.1211500000000001,0.833162026331248
-0.1211000000000002,0.8328262076058537
-0.1210499999999999,0.8328262076058512
-0.121,0.8328262076058512
-0.1209500000000001,0.8328262076058512
-0.1208999999999998,0.8328262076058537
-0.1208499999999999,0.833162026331248
-0.1208,0.8328262076058512
-0.1207500000000001,0.8328262076058512
-0.1206999999999998,0.8328262076058512
-0.1206499999999999,0.8328262076058512
-0.1206,0.8328262076058512
-0.1205500000000002,0.8328262076058512
-0.1204999999999998,0.8328262076058512
-0.1204499999999999,0.8328262076058512
-0.1204000000000001,0.8328262076058512
-0.1203500000000002,0.8328262076058512
-0.1202999999999999,0.8328262076058512
-0.12025,0.8328262076058512
-0.1202000000000001,0.8328262076058512
-0.1201500000000002,0.8328262076058512
-0.1200999999999999,0.8328262076058512
-0.12005,0.8328262076058512
-0.1200000000000001,0.8328262076058512
-0.1199499999999998,0.8328262076058512
-0.1198999999999999,0.8328262076058512
-0.11985,0.8328262076058512
-0.1198000000000001,0.8328262076058512
-0.1197499999999998,0.8328262076058512
-0.1196999999999999,0.8328262076058512
-0.11965,0.8328262076058512
-0.1196000000000002,0.8328262076058512
-0.1195499999999998,0.8328262076058512
-0.1194999999999999,0.833162026331248
-0.1194500000000001,0.833162026331248
-0.1194000000000002,0.8328262076058512
-0.1193499999999998,0.8328262076058512
-0.1193,0.8328262076058512
-0.1192500000000001,0.8328262076058512
-0.1192000000000002,0.8328262076058512
-0.1191499999999999,0.8328262076058512
-0.1191,0.833162026331248
-0.1190500000000001,0.8328262076058512
-0.1190000000000002,0.8331620263312456
-0.1189499999999999,0.8328262076058512
-0.1189,0.8328262076058512
-0.1188500000000001,0.8328262076058512
-0.1187999999999998,0.8328262076058512
-0.1187499999999999,0.8328262076058512
-0.1187,0.8328262076058512
-0.1186500000000001,0.8328262076058512
-0.1185999999999998,0.8328262076058512
-0.1185499999999999,0.8328262076058512
-0.1185,0.8328262076058512
-0.1184500000000002,0.8328262076058512
-0.1183999999999998,0.8328262076058512
-0.11835,0.8328262076058512
-0.1183000000000001,0.8328262076058512
-0.1182500000000002,0.8328262076058512
-0.1181999999999999,0.8328262076058512
-0.11815,0.8328262076058512
-0.1181000000000001,0.8328262076058512
-0.1180500000000002,0.8328262076058512
-0.1179999999999999,0.8328262076058512
-0.11795,0.8328262076058512
-0.1179000000000001,0.8328262076058512
-0.1178499999999998,0.8328262076058488
-0.1177999999999999,0.8324903888804545
-0.11775,0.8328262076058512
-0.1177000000000001,0.8328262076058512
-0.1176499999999998,0.8328262076058488
-0.1175999999999999,0.8324903888804545
-0.11755,0.8324903888804545
-0.1175000000000002,0.8324903888804545
-0.1174499999999998,0.8324903888804545
-0.1173999999999999,0.8324903888804545
-0.1173500000000001,0.8324903888804545
-0.1173000000000002,0.8324903888804545
-0.1172499999999999,0.8324903888804545
-0.1172,0.8324903888804545
-0.1171500000000001,0.8324903888804545
-0.1171000000000002,0.8324903888804545
-0.1170499999999999,0.8328262076058512
-0.117,0.8328262076058512
-0.1169500000000001,0.8328262076058512
-0.1168999999999998,0.8328262076058512
-0.1168499999999999,0.8328262076058512
-0.1168,0.8324903888804545
-0.1167500000000001,0.8328262076058512
-0.1166999999999998,0.8328262076058512
-0.1166499999999999,0.8328262076058512
-0.1166,0.8328262076058512
-0.1165500000000002,0.8328262076058512
-0.1164999999999998,0.8328262076058512
-0.1164499999999999,0.8328262076058512
-0.1164000000000001,0.8324903888804545
-0.1163500000000002,0.8324903888804545
-0.1162999999999998,0.8324903888804545
-0.11625,0.8324903888804545
-0.1162000000000001,0.8324903888804545
-0.1161500000000002,0.8324903888804545
-0.1160999999999999,0.8324903888804545
-0.11605,0.8324903888804545
-0.1160000000000001,0.8324903888804545
-0.1159500000000002,0.8324903888804545
-0.1158999999999999,0.8324903888804545
-0.11585,0.8324903888804545
-0.1158000000000001,0.8328262076058512
-0.1157499999999998,0.8324903888804545
-0.1156999999999999,0.8324903888804545
-0.11565,0.8324903888804545
-0.1156000000000001,0.8324903888804545
-0.1155499999999998,0.8324903888804545
-0.1154999999999999,0.8324903888804545
-0.1154500000000001,0.8324903888804545
-0.1154000000000002,0.8324903888804545
-0.1153499999999998,0.8324903888804545
-0.1153,0.8324903888804545
-0.1152500000000001,0.8324903888804545
-0.1152000000000002,0.8328262076058488
-0.1151499999999999,0.8324903888804545
-0.1151,0.8324903888804545
-0.1150500000000001,0.8324903888804545
-0.1150000000000002,0.8324903888804545
-0.1149499999999999,0.8324903888804545
-0.1149,0.8324903888804545
-0.1148500000000001,0.8324903888804545
-0.1147999999999998,0.8324903888804545
-0.1147499999999999,0.8324903888804545
-0.1147,0.8324903888804545
-0.1146500000000001,0.8324903888804545
-0.1145999999999998,0.8324903888804545
-0.1145499999999999,0.8324903888804545
-0.1145,0.8324903888804545
-0.1144500000000002,0.8324903888804545
-0.1143999999999998,0.8324903888804545
-0.11435,0.8324903888804545
-0.1143000000000001,0.8324903888804545
-0.1142500000000002,0.8324903888804545
-0.1141999999999999,0.8324903888804545
-0.11415,0.8324903888804545
-0.1141000000000001,0.8324903888804545
-0.1140500000000002,0.8324903888804545
-0.1139999999999999,0.8324903888804545
-0.11395,0.8324903888804545
-0.1139000000000001,0.8324903888804545
-0.1138499999999998,0.8324903888804545
-0.1137999999999999,0.8324903888804545
-0.11375,0.8328262076058512
-0.1137000000000001,0.8328262076058512
-0.1136499999999998,0.8328262076058512
-0.1135999999999999,0.8328262076058512
-0.11355,0.8328262076058512
-0.1135000000000002,0.8324903888804545
-0.1134499999999998,0.8328262076058512
-0.1133999999999999,0.8328262076058512
-0.1133500000000001,0.8324903888804545
-0.1133000000000002,0.8324903888804545
-0.1132499999999999,0.8324903888804545
-0.1132,0.8328262076058512
-0.1131500000000001,0.8324903888804545
-0.1131000000000002,0.8324903888804545
-0.1130499999999999,0.8328262076058512
-0.113,0.8328262076058512
-0.1129500000000001,0.8328262076058512
-0.1128999999999998,0.8328262076058512
-0.1128499999999999,0.8328262076058512
-0.1128,0.8328262076058512
-0.1127500000000001,0.8328262076058512
-0.1126999999999998,0.8324903888804569
-0.1126499999999999,0.8328262076058512
-0.1126,0.8328262076058512
-0.1125500000000001,0.8328262076058512
-0.1124999999999998,0.8328262076058512
-0.1124499999999999,0.8328262076058512
-0.1124000000000001,0.8328262076058512
-0.1123500000000002,0.8328262076058512
-0.1122999999999998,0.8328262076058512
-0.11225,0.8328262076058512
-0.1122000000000001,0.8324903888804545
-0.1121500000000002,0.8328262076058488
-0.1120999999999999,0.8328262076058512
-0.11205,0.8328262076058512
-0.1120000000000001,0.8328262076058512
-0.1119500000000002,0.8328262076058512
-0.1118999999999999,0.8328262076058512
-0.11185,0.8328262076058512
-0.1118000000000001,0.8328262076058512
-0.1117499999999998,0.8328262076058512
-0.1116999999999999,0.8328262076058512
-0.11165,0.8328262076058512
-0.1116000000000001,0.8328262076058512
-0.1115499999999998,0.8328262076058512
-0.1114999999999999,0.8328262076058512
-0.11145,0.8328262076058512
-0.1114000000000002,0.833162026331248
-0.1113499999999998,0.833162026331248
-0.1113,0.833162026331248
-0.1112500000000001,0.833162026331248
-0.1112000000000002,0.833162026331248
-0.1111499999999999,0.833162026331248
-0.1111,0.833162026331248
-0.1110500000000001,0.833162026331248
-0.1110000000000002,0.833162026331248
-0.1109499999999999,0.833162026331248
-0.1109,0.833162026331248
-0.1108500000000001,0.833162026331248
-0.1107999999999998,0.833162026331248
-0.1107499999999999,0.833162026331248
-0.1107,0.833162026331248
-0.1106500000000001,0.8328262076058512
-0.1105999999999998,0.8328262076058537
-0.1105499999999999,0.833162026331248
-0.1105,0.833162026331248
-0.1104500000000002,0.833162026331248
-0.1103999999999998,0.833162026331248
-0.1103499999999999,0.833162026331248
-0.1103000000000001,0.833162026331248
-0.1102500000000002,0.833162026331248
-0.1101999999999999,0.8334978450566448
-0.11015,0.8334978450566448
-0.1101000000000001,0.833162026331248
-0.1100500000000002,0.833162026331248
-0.1099999999999999,0.833162026331248
-0.10995,0.833162026331248
-0.1099000000000001,0.833162026331248
-0.1098499999999998,0.833162026331248
-0.1097999999999999,0.833162026331248
-0.10975,0.833162026331248
-0.1097000000000001,0.833162026331248
-0.1096499999999998,0.833162026331248
-0.1095999999999999,0.833162026331248
-0.10955,0.833162026331248
-0.1095000000000002,0.833162026331248
-0.1094499999999998,0.833162026331248
-0.1093999999999999,0.833162026331248
-0.1093500000000001,0.833162026331248
-0.1093000000000002,0.833162026331248
-0.1092499999999998,0.833162026331248
-0.1092,0.833162026331248
-0.1091500000000001,0.833162026331248
-0.1091000000000002,0.833162026331248
-0.1090499999999999,0.833162026331248
-0.109,0.833162026331248
-0.1089500000000001,0.833162026331248
-0.1089000000000002,0.833162026331248
-0.1088499999999999,0.833162026331248
-0.1088,0.833162026331248
-0.1087500000000001,0.833162026331248
-0.1086999999999998,0.833162026331248
-0.1086499999999999,0.833162026331248
-0.1086,0.8328262076058512
-0.1085500000000001,0.833162026331248
-0.1084999999999998,0.8328262076058512
-0.1084499999999999,0.8328262076058512
-0.1084000000000001,0.833162026331248
-0.1083500000000002,0.833162026331248
-0.1082999999999998,0.833162026331248
-0.10825,0.833162026331248
-0.1082000000000001,0.833162026331248
-0.1081500000000002,0.833162026331248
-0.1080999999999999,0.833162026331248
-0.10805,0.833162026331248
-0.1080000000000001,0.833162026331248
-0.1079500000000002,0.833162026331248
-0.1078999999999999,0.833162026331248
-0.10785,0.833162026331248
-0.1078000000000001,0.833162026331248
-0.1077499999999998,0.833162026331248
-0.1076999999999999,0.833162026331248
-0.10765,0.833162026331248
-0.1076000000000001,0.833162026331248
-0.1075499999999998,0.833162026331248
-0.1074999999999999,0.833162026331248
-0.10745,0.8334978450566448
-0.1074000000000002,0.833162026331248
-0.1073499999999998,0.833162026331248
-0.1073,0.833162026331248
-0.1072500000000001,0.833162026331248
-0.1072000000000002,0.833162026331248
-0.1071499999999999,0.833162026331248
-0.1071,0.833162026331248
-0.1070500000000001,0.8334978450566448
-0.1070000000000002,0.8331620263312505
-0.1069499999999999,0.833162026331248
-0.1069,0.833162026331248
-0.1068500000000001,0.833162026331248
-0.1067999999999998,0.833162026331248
-0.1067499999999999,0.833162026331248
-0.1067,0.833162026331248
-0.1066500000000001,0.833162026331248
-0.1065999999999998,0.8328262076058512
-0.1065499999999999,0.8328262076058512
-0.1065,0.8328262076058512
-0.1064500000000002,0.8328262076058512
-0.1063999999999998,0.8328262076058512
-0.1063499999999999,0.8328262076058512
-0.1063000000000001,0.833162026331248
-0.1062500000000002,0.833162026331248
-0.1061999999999999,0.833162026331248
-0.10615,0.8328262076058512
-0.1061000000000001,0.8328262076058512
-0.1060500000000002,0.8328262076058512
-0.1059999999999999,0.8328262076058512
-0.10595,0.8328262076058512
-0.1059000000000001,0.833162026331248
-0.1058500000000002,0.8328262076058537
-0.1057999999999999,0.8328262076058512
-0.10575,0.8328262076058512
-0.1057000000000001,0.8328262076058512
-0.1056499999999998,0.833162026331248
-0.1055999999999999,0.833162026331248
-0.10555,0.8328262076058512
-0.1055000000000001,0.8328262076058512
-0.1054499999999998,0.8328262076058512
-0.1053999999999999,0.8328262076058512
-0.1053500000000001,0.8328262076058512
-0.1053000000000002,0.8328262076058512
-0.1052499999999998,0.8328262076058512
-0.1052,0.833162026331248
-0.1051500000000001,0.8328262076058512
-0.1051000000000002,0.8328262076058512
-0.1050499999999999,0.8328262076058512
-0.105,0.8328262076058512
-0.1049500000000001,0.8328262076058512
-0.1049000000000002,0.8328262076058512
-0.1048499999999999,0.8328262076058512
-0.1048,0.8328262076058512
-0.1047500000000001,0.8328262076058512
-0.1046999999999998,0.8328262076058537
-0.1046499999999999,0.833162026331248
-0.1046,0.8328262076058512
-0.1045500000000001,0.8328262076058512
-0.1044999999999998,0.833162026331248
-0.1044499999999999,0.833162026331248
-0.1044,0.8328262076058512
-0.1043500000000002,0.8328262076058512
-0.1042999999999998,0.8328262076058512
-0.10425,0.8328262076058512
-0.1042000000000001,0.8328262076058512
-0.1041500000000002,0.8328262076058512
-0.1040999999999999,0.8328262076058512
-0.10405,0.8328262076058512
-0.1040000000000001,0.8328262076058512
-0.1039500000000002,0.8328262076058512
-0.1038999999999999,0.8328262076058512
-0.10385,0.8328262076058512
-0.1038000000000001,0.8328262076058512
-0.1037499999999998,0.8328262076058512
-0.1036999999999999,0.8328262076058512
-0.10365,0.8328262076058512
-0.1036000000000001,0.833162026331248
-0.1035499999999998,0.8328262076058512
-0.1034999999999999,0.8328262076058512
-0.10345,0.8328262076058512
-0.1034000000000002,0.8328262076058512
-0.1033499999999998,0.8328262076058512
-0.1032999999999999,0.8328262076058512
-0.1032500000000001,0.8328262076058512
-0.1032000000000002,0.8328262076058512
-0.1031499999999999,0.8328262076058512
-0.1031,0.8328262076058512
-0.1030500000000001,0.8328262076058512
-0.1030000000000002,0.8331620263312456
-0.1029499999999999,0.8328262076058512
-0.1029,0.8328262076058512
-0.1028500000000001,0.8328262076058512
-0.1027999999999998,0.833162026331248
-0.1027499999999999,0.833162026331248
-0.1027,0.8328262076058512
-0.1026500000000001,0.8328262076058512
-0.1025999999999998,0.8328262076058512
-0.1025499999999999,0.8328262076058512
-0.1025,0.8328262076058512
-0.1024500000000002,0.8328262076058512
-0.1023999999999998,0.8328262076058512
-0.1023499999999999,0.833162026331248
-0.1023000000000001,0.833162026331248
-0.1022500000000002,0.833162026331248
-0.1021999999999998,0.833162026331248
-0.10215,0.833162026331248
-0.1021000000000001,0.833162026331248
-0.1020500000000002,0.8328262076058537
-0.1019999999999999,0.8328262076058512
-0.10195,0.8328262076058512
-0.1019000000000001,0.8328262076058512
-0.1018500000000002,0.8328262076058512
-0.1017999999999999,0.8328262076058512
-0.10175,0.8328262076058512
-0.1017000000000001,0.8328262076058512
-0.1016499999999998,0.8328262076058512
-0.1015999999999999,0.8328262076058512
-0.10155,0.8328262076058512
-0.1015000000000001,0.8328262076058512
-0.1014499999999998,0.8328262076058512
-0.1013999999999999,0.8328262076058512
-0.1013500000000001,0.8328262076058512
-0.1013000000000002,0.8328262076058512
-0.1012499999999998,0.8328262076058512
-0.1012,0.8328262076058512
-0.1011500000000001,0.8328262076058512
-0.1011000000000002,0.8328262076058512
-0.1010499999999999,0.8328262076058512
-0.101,0.8328262076058512
-0.1009500000000001,0.8328262076058512
-0.1009000000000002,0.8328262076058512
-0.1008499999999999,0.8328262076058512
-0.1008,0.8328262076058512
-0.1007500000000001,0.833162026331248
-0.1006999999999998,0.8331620263312456
-0.1006499999999999,0.8328262076058512
-0.1006,0.8328262076058512
-0.1005500000000001,0.8328262076058512
-0.1004999999999998,0.8328262076058512
-0.1004499999999999,0.8328262076058512
-0.1004,0.833162026331248
-0.1003500000000002,0.833162026331248
-0.1002999999999998,0.8328262076058512
-0.10025,0.8328262076058512
-0.1002000000000001,0.8328262076058512
-0.1001500000000002,0.8328262076058512
-0.1000999999999999,0.8328262076058512
-0.10005,0.8328262076058512
-0.1000000000000001,0.8328262076058512
-0.09995000000000021,0.8331620263312456
-0.09989999999999988,0.833162026331248
-0.09984999999999999,0.8328262076058512
-0.09980000000000011,0.833162026331248
-0.09974999999999978,0.8331620263312456
-0.0996999999999999,0.8328262076058512
-0.09965000000000002,0.8328262076058512
-0.09960000000000013,0.8328262076058512
-0.09954999999999981,0.8328262076058512
-0.09949999999999992,0.8328262076058512
-0.09945000000000004,0.8328262076058512
-0.09940000000000015,0.8328262076058512
-0.09934999999999983,0.8328262076058512
-0.09929999999999994,0.8328262076058512
-0.09925000000000006,0.8328262076058512
-0.09920000000000018,0.8328262076058512
-0.09914999999999985,0.8328262076058512
-0.09909999999999997,0.8328262076058512
-0.09905000000000008,0.8328262076058512
-0.0990000000000002,0.8328262076058512
-0.09894999999999987,0.8328262076058512
-0.09889999999999999,0.8328262076058512
-0.0988500000000001,0.8328262076058512
-0.09880000000000022,0.8328262076058512
-0.09874999999999989,0.8328262076058512
-0.09870000000000001,0.8328262076058512
-0.09865000000000013,0.8328262076058512
-0.0985999999999998,0.8328262076058512
-0.09854999999999992,0.8328262076058512
-0.09850000000000003,0.8328262076058512
-0.09845000000000015,0.8328262076058512
-0.09839999999999982,0.8328262076058512
-0.09834999999999994,0.8328262076058512
-0.09830000000000005,0.8328262076058512
-0.09825000000000017,0.8328262076058512
-0.09819999999999984,0.8328262076058512
-0.09814999999999996,0.8328262076058512
-0.09810000000000008,0.8328262076058512
-0.09805000000000019,0.8328262076058512
-0.09799999999999986,0.8324903888804545
-0.09794999999999998,0.8328262076058512
-0.0979000000000001,0.8324903888804545
-0.09785000000000021,0.8324903888804545
-0.09779999999999989,0.8324903888804545
-0.09775,0.8324903888804545
-0.09770000000000012,0.8324903888804545
-0.09764999999999979,0.8324903888804545
-0.09759999999999991,0.8324903888804545
-0.09755000000000003,0.8324903888804545
-0.09750000000000014,0.8324903888804545
-0.09744999999999981,0.8324903888804545
-0.09739999999999993,0.8324903888804545
-0.09735000000000005,0.8324903888804545
-0.09730000000000016,0.8324903888804545
-0.09724999999999984,0.8324903888804545
-0.09719999999999995,0.8321545701550577
-0.09715000000000007,0.8324903888804545
-0.09710000000000019,0.8324903888804545
-0.09704999999999986,0.8324903888804545
-0.09699999999999998,0.8324903888804545
-0.09695000000000009,0.8328262076058512
-0.09690000000000021,0.8324903888804569
-0.09684999999999988,0.8324903888804545
-0.0968,0.8324903888804545
-0.09675000000000011,0.8324903888804545
-0.09669999999999979,0.8324903888804545
-0.0966499999999999,0.8324903888804545
-0.09660000000000002,0.8324903888804545
-0.09655000000000014,0.8324903888804545
-0.09649999999999981,0.8324903888804545
-0.09644999999999992,0.8324903888804545
-0.09640000000000004,0.8324903888804545
-0.09635000000000016,0.8324903888804545
-0.09629999999999983,0.8324903888804545
-0.09624999999999995,0.8324903888804545
-0.09620000000000006,0.8324903888804545
-0.09615000000000018,0.8324903888804545
-0.09609999999999985,0.8324903888804545
-0.09604999999999997,0.8324903888804545
-0.09600000000000009,0.8324903888804545
-0.0959500000000002,0.8324903888804545
-0.09589999999999987,0.8324903888804545
-0.09584999999999999,0.8324903888804545
-0.09580000000000011,0.8324903888804545
-0.09574999999999978,0.8324903888804545
-0.0956999999999999,0.8324903888804545
-0.09565000000000001,0.8324903888804545
-0.09560000000000013,0.8324903888804545
-0.0955499999999998,0.8324903888804545
-0.09549999999999992,0.8324903888804545
-0.09545000000000003,0.8324903888804545
-0.09540000000000015,0.8324903888804545
-0.09534999999999982,0.8324903888804545
-0.09529999999999994,0.8324903888804545
-0.09525000000000006,0.8324903888804545
-0.09520000000000017,0.8324903888804545
-0.09514999999999985,0.8324903888804545
-0.09509999999999996,0.8324903888804545
-0.09505000000000008,0.8324903888804545
-0.0950000000000002,0.8321545701550601
-0.09494999999999987,0.8324903888804545
-0.09489999999999998,0.8324903888804545
-0.0948500000000001,0.8324903888804545
-0.09480000000000022,0.8324903888804545
-0.09474999999999989,0.8324903888804545
-0.09470000000000001,0.8324903888804545
-0.09465000000000012,0.8324903888804545
-0.0945999999999998,0.8324903888804545
-0.09454999999999991,0.8324903888804545
-0.09450000000000003,0.8324903888804545
-0.09445000000000014,0.8324903888804545
-0.09439999999999982,0.8324903888804545
-0.09434999999999993,0.8324903888804545
-0.09430000000000005,0.8324903888804545
-0.09425000000000017,0.8321545701550577
-0.09419999999999984,0.8324903888804545
-0.09414999999999996,0.8321545701550577
-0.09410000000000007,0.8324903888804545
-0.09405000000000019,0.8324903888804545
-0.09399999999999986,0.8328262076058512
-0.09394999999999998,0.8324903888804545
-0.09390000000000009,0.8324903888804545
-0.09385000000000021,0.8324903888804545
-0.09379999999999988,0.8324903888804545
-0.09375,0.8324903888804545
-0.09370000000000012,0.8328262076058512
-0.09364999999999979,0.8328262076058488
-0.09359999999999991,0.8324903888804545
-0.09355000000000002,0.8324903888804545
-0.09350000000000014,0.8328262076058512
-0.09344999999999981,0.8328262076058512
-0.09339999999999993,0.8328262076058512
-0.09335000000000004,0.8324903888804545
-0.09330000000000016,0.8324903888804545
-0.09324999999999983,0.8324903888804545
-0.09319999999999995,0.8324903888804545
-0.09315000000000007,0.8324903888804545
-0.09310000000000018,0.8328262076058488
-0.09304999999999986,0.8328262076058512
-0.09299999999999997,0.8324903888804545
-0.09295000000000009,0.8328262076058512
-0.0929000000000002,0.8328262076058512
-0.09284999999999988,0.8328262076058512
-0.09279999999999999,0.8328262076058512
-0.09275000000000011,0.8324903888804545
-0.09269999999999978,0.8328262076058512
-0.0926499999999999,0.8328262076058512
-0.09260000000000002,0.8328262076058512
-0.09255000000000013,0.8328262076058512
-0.0924999999999998,0.8328262076058512
-0.09244999999999992,0.8328262076058512
-0.09240000000000004,0.8328262076058512
-0.09235000000000015,0.8328262076058512
-0.09229999999999983,0.8328262076058512
-0.09224999999999994,0.8328262076058512
-0.09220000000000006,0.8328262076058512
-0.09215000000000018,0.8328262076058512
-0.09209999999999985,0.8328262076058512
-0.09204999999999997,0.8328262076058512
-0.09200000000000008,0.8328262076058512
-0.0919500000000002,0.8328262076058512
-0.09189999999999987,0.8328262076058512
-0.09184999999999999,0.8328262076058512
-0.0918000000000001,0.8324903888804545
-0.09175000000000022,0.8328262076058488
-0.09169999999999989,0.8328262076058512
-0.09165000000000001,0.8324903888804545
-0.09160000000000013,0.8328262076058512
-0.0915499999999998,0.8328262076058512
-0.09149999999999991,0.8328262076058512
-0.09145000000000003,0.8328262076058512
-0.09140000000000015,0.8328262076058512
-0.09134999999999982,0.8328262076058512
-0.09129999999999994,0.8328262076058512
-0.09125000000000005,0.8328262076058512
-0.09120000000000017,0.8328262076058512
-0.09114999999999984,0.8328262076058512
-0.09109999999999996,0.8328262076058512
-0.09105000000000008,0.833162026331248
-0.09100000000000019,0.833162026331248
-0.09094999999999986,0.833162026331248
-0.09089999999999998,0.833162026331248
-0.0908500000000001,0.833162026331248
-0.09080000000000021,0.833162026331248
-0.09074999999999989,0.833162026331248
-0.0907,0.833162026331248
-0.09065000000000012,0.833162026331248
-0.09059999999999979,0.833162026331248
-0.09054999999999991,0.833162026331248
-0.09050000000000002,0.833162026331248
-0.09045000000000014,0.833162026331248
-0.09039999999999981,0.833162026331248
-0.09034999999999993,0.833162026331248
-0.09030000000000005,0.833162026331248
-0.09025000000000016,0.833162026331248
-0.09019999999999984,0.8334978450566448
-0.09014999999999995,0.833162026331248
-0.09010000000000007,0.833162026331248
-0.09005000000000019,0.833162026331248
-0.08999999999999986,0.833162026331248
-0.08994999999999997,0.833162026331248
-0.08990000000000009,0.833162026331248
-0.08985000000000021,0.833162026331248
-0.08979999999999988,0.833162026331248
-0.08975,0.833162026331248
-0.08970000000000011,0.833162026331248
-0.08964999999999979,0.833162026331248
-0.0895999999999999,0.833162026331248
-0.08955000000000002,0.833162026331248
-0.08950000000000014,0.833162026331248
-0.08944999999999981,0.833162026331248
-0.08939999999999992,0.833162026331248
-0.08935000000000004,0.8334978450566448
-0.08930000000000016,0.8334978450566448
-0.08924999999999983,0.8334978450566448
-0.08919999999999995,0.833162026331248
-0.08915000000000006,0.833162026331248
-0.08910000000000018,0.833162026331248
-0.08904999999999985,0.833162026331248
-0.08899999999999997,0.833162026331248
-0.08895000000000008,0.833162026331248
-0.0889000000000002,0.833162026331248
-0.08884999999999987,0.833162026331248
-0.08879999999999999,0.833162026331248
-0.08875000000000011,0.833162026331248
-0.08869999999999978,0.8328262076058512
-0.0886499999999999,0.8328262076058512
-0.08860000000000001,0.833162026331248
-0.08855000000000013,0.833162026331248
-0.0884999999999998,0.833162026331248
-0.08844999999999992,0.833162026331248
-0.08840000000000003,0.833162026331248
-0.08835000000000015,0.833162026331248
-0.08829999999999982,0.833162026331248
-0.08824999999999994,0.833162026331248
-0.08820000000000006,0.833162026331248
-0.08815000000000017,0.8334978450566448
-0.08809999999999985,0.8334978450566448
-0.08804999999999996,0.833162026331248
-0.08800000000000008,0.833162026331248
-0.08795000000000019,0.8334978450566424
-0.08789999999999987,0.833162026331248
-0.08784999999999998,0.833162026331248
-0.0878000000000001,0.833162026331248
-0.08775000000000022,0.833162026331248
-0.08769999999999989,0.833162026331248
-0.08765000000000001,0.833162026331248
-0.08760000000000012,0.833162026331248
-0.08754999999999979,0.833162026331248
-0.08749999999999991,0.833162026331248
-0.08745000000000003,0.833162026331248
-0.08740000000000014,0.833162026331248
-0.08734999999999982,0.833162026331248
-0.08729999999999993,0.833162026331248
-0.08725000000000005,0.833162026331248
-0.08720000000000017,0.833162026331248
-0.08714999999999984,0.833162026331248
-0.08709999999999996,0.8328262076058512
-0.08705000000000007,0.833162026331248
-0.08700000000000019,0.833162026331248
-0.08694999999999986,0.833162026331248
-0.08689999999999998,0.833162026331248
-0.08685000000000009,0.833162026331248
-0.08680000000000021,0.833162026331248
-0.08674999999999988,0.833162026331248
-0.0867,0.8328262076058512
-0.08665000000000012,0.833162026331248
-0.08659999999999979,0.8331620263312456
-0.0865499999999999,0.8328262076058512
-0.08650000000000002,0.833162026331248
-0.08645000000000014,0.8328262076058512
-0.08639999999999981,0.8328262076058537
-0.08634999999999993,0.833162026331248
-0.08630000000000004,0.833162026331248
-0.08625000000000016,0.8328262076058512
-0.08619999999999983,0.8328262076058512
-0.08614999999999995,0.8328262076058512
-0.08610000000000007,0.833162026331248
-0.08605000000000018,0.8328262076058512
-0.08599999999999985,0.8328262076058512
-0.08594999999999997,0.8328262076058512
-0.08590000000000009,0.833162026331248
-0.0858500000000002,0.833162026331248
-0.08579999999999988,0.833162026331248
-0.08574999999999999,0.8328262076058512
-0.08570000000000011,0.8328262076058512
-0.08564999999999978,0.833162026331248
-0.0855999999999999,0.833162026331248
-0.08555000000000001,0.8328262076058512
-0.08550000000000013,0.8328262076058512
-0.0854499999999998,0.8328262076058512
-0.08539999999999992,0.8328262076058512
-0.08535000000000004,0.8328262076058512
-0.08530000000000015,0.833162026331248
-0.08524999999999983,0.8328262076058512
-0.08519999999999994,0.8328262076058512
-0.08515000000000006,0.8328262076058512
-0.08510000000000018,0.8328262076058512
-0.08504999999999985,0.8328262076058512
-0.08499999999999996,0.8328262076058512
-0.08495000000000008,0.8328262076058512
-0.0849000000000002,0.8328262076058512
-0.08484999999999987,0.8328262076058512
-0.08479999999999999,0.8328262076058512
-0.0847500000000001,0.8328262076058512
-0.08470000000000022,0.8328262076058512
-0.08464999999999989,0.833162026331248
-0.08460000000000001,0.8328262076058512
-0.08455000000000013,0.8328262076058512
-0.0844999999999998,0.8328262076058512
-0.08444999999999991,0.8328262076058512
-0.08440000000000003,0.8328262076058512
-0.08435000000000015,0.8328262076058512
-0.08429999999999982,0.8328262076058512
-0.08424999999999994,0.8328262076058512
-0.08420000000000005,0.8328262076058512
-0.08415000000000017,0.8328262076058512
-0.08409999999999984,0.8328262076058512
-0.08404999999999996,0.8328262076058512
-0.08400000000000007,0.8328262076058512
-0.08395000000000019,0.8331620263312456
-0.08389999999999986,0.8328262076058512
-0.08384999999999998,0.8328262076058512
-0.0838000000000001,0.8328262076058512
-0.08375000000000021,0.8328262076058512
-0.08369999999999989,0.8328262076058512
-0.08365,0.8328262076058512
-0.08360000000000012,0.833162026331248
-0.08354999999999979,0.8328262076058512
-0.08349999999999991,0.8328262076058512
-0.08345000000000002,0.8328262076058512
-0.08340000000000014,0.8328262076058512
-0.08334999999999981,0.8328262076058512
-0.08329999999999993,0.8328262076058512
-0.08325000000000005,0.8328262076058512
-0.08320000000000016,0.833162026331248
-0.08314999999999984,0.8328262076058512
-0.08309999999999995,0.8328262076058512
-0.08305000000000007,0.833162026331248
-0.08300000000000018,0.833162026331248
-0.08294999999999986,0.833162026331248
-0.08289999999999997,0.833162026331248
-0.08285000000000009,0.8328262076058512
-0.08280000000000021,0.8328262076058512
-0.08274999999999988,0.8328262076058512
-0.0827,0.8328262076058512
-0.08265000000000011,0.8328262076058512
-0.08259999999999978,0.8328262076058512
-0.0825499999999999,0.8328262076058512
-0.08250000000000002,0.8328262076058512
-0.08245000000000013,0.8328262076058512
-0.08239999999999981,0.8328262076058512
-0.08234999999999992,0.8328262076058512
-0.08230000000000004,0.8328262076058512
-0.08225000000000016,0.8328262076058512
-0.08219999999999983,0.8328262076058512
-0.08214999999999995,0.8328262076058512
-0.08210000000000006,0.8328262076058512
-0.08205000000000018,0.833162026331248
-0.08199999999999985,0.8328262076058512
-0.08194999999999997,0.8328262076058512
-0.08190000000000008,0.8328262076058512
-0.0818500000000002,0.8328262076058512
-0.08179999999999987,0.8328262076058512
-0.08174999999999999,0.8328262076058512
-0.08170000000000011,0.8328262076058512
-0.08164999999999978,0.8328262076058512
-0.08159999999999989,0.8328262076058512
-0.08155000000000001,0.8328262076058512
-0.08150000000000013,0.8328262076058512
-0.0814499999999998,0.8324903888804569
-0.08139999999999992,0.8328262076058512
-0.08135000000000003,0.8324903888804545
-0.08130000000000015,0.8324903888804545
-0.08124999999999982,0.8328262076058512
-0.08119999999999994,0.8328262076058512
-0.08115000000000006,0.8328262076058512
-0.08110000000000017,0.8328262076058512
-0.08104999999999984,0.8328262076058512
-0.08099999999999996,0.8328262076058512
-0.08095000000000008,0.8328262076058512
-0.08090000000000019,0.8331620263312456
-0.08084999999999987,0.8328262076058512
-0.08079999999999998,0.833162026331248
-0.0807500000000001,0.8328262076058512
-0.08070000000000022,0.8328262076058512
-0.08064999999999989,0.8328262076058512
-0.0806,0.8328262076058512
-0.08055000000000012,0.8328262076058512
-0.08049999999999979,0.8328262076058537
-0.08044999999999991,0.833162026331248
-0.08040000000000003,0.8328262076058512
-0.08035000000000014,0.8328262076058512
-0.08029999999999982,0.8328262076058512
-0.08024999999999993,0.8328262076058512
-0.08020000000000005,0.8328262076058512
-0.08015000000000017,0.8328262076058512
-0.08009999999999984,0.833162026331248
-0.08004999999999995,0.8328262076058512
-0.08000000000000007,0.8328262076058512
-0.07995000000000019,0.8328262076058512
-0.07989999999999986,0.8328262076058512
-0.07984999999999998,0.8328262076058512
-0.07980000000000009,0.8328262076058512
-0.07975000000000021,0.8328262076058512
-0.07969999999999988,0.8328262076058512
-0.07965,0.8328262076058512
-0.07960000000000012,0.8328262076058512
-0.07954999999999979,0.8328262076058512
-0.0794999999999999,0.8328262076058512
-0.07945000000000002,0.8328262076058512
-0.07940000000000014,0.8328262076058512
-0.07934999999999981,0.8328262076058512
-0.07929999999999993,0.8328262076058512
-0.07925000000000004,0.8328262076058512
-0.07920000000000016,0.8328262076058512
-0.07914999999999983,0.8328262076058512
-0.07909999999999995,0.8328262076058512
-0.07905000000000006,0.8328262076058512
-0.07900000000000018,0.8328262076058512
-0.07894999999999985,0.8328262076058512
-0.07889999999999997,0.8328262076058512
-0.07885000000000009,0.8328262076058512
-0.0788000000000002,0.8328262076058512
-0.07874999999999988,0.833162026331248
-0.07869999999999999,0.8328262076058512
-0.07865000000000011,0.8328262076058512
-0.07859999999999978,0.8328262076058512
-0.0785499999999999,0.8328262076058512
-0.07850000000000001,0.833162026331248
-0.07845000000000013,0.833162026331248
-0.0783999999999998,0.8328262076058512
-0.07834999999999992,0.8328262076058512
-0.07830000000000004,0.833162026331248
-0.07825000000000015,0.8328262076058512
-0.07819999999999983,0.833162026331248
-0.07814999999999994,0.8328262076058512
-0.07810000000000006,0.8328262076058512
-0.07805000000000017,0.8328262076058512
-0.07799999999999985,0.8328262076058512
-0.07794999999999996,0.8324903888804545
-0.07790000000000008,0.8324903888804545
-0.0778500000000002,0.8324903888804545
-0.07779999999999987,0.8328262076058512
-0.07774999999999999,0.8328262076058512
-0.0777000000000001,0.8324903888804545
-0.07765000000000022,0.8324903888804545
-0.07759999999999989,0.8328262076058512
-0.07755000000000001,0.8324903888804545
-0.07750000000000012,0.8328262076058512
-0.0774499999999998,0.8324903888804545
-0.07739999999999991,0.8324903888804545
-0.07735000000000003,0.8324903888804545
-0.07730000000000015,0.8328262076058512
-0.07724999999999982,0.8324903888804545
-0.07719999999999994,0.8328262076058512
-0.07715000000000005,0.8328262076058512
-0.07710000000000017,0.8324903888804545
-0.07704999999999984,0.8324903888804545
-0.07699999999999996,0.8324903888804545
-0.07695000000000007,0.8324903888804545
-0.07690000000000019,0.8324903888804545
-0.07684999999999986,0.8324903888804545
-0.07679999999999998,0.8328262076058512
-0.0767500000000001,0.8328262076058512
-0.07670000000000021,0.8324903888804569
-0.07664999999999988,0.8324903888804545
-0.0766,0.8324903888804545
-0.07655000000000012,0.8324903888804545
-0.07649999999999979,0.8324903888804545
-0.07644999999999991,0.8324903888804545
-0.07640000000000002,0.8324903888804545
-0.07635000000000014,0.8324903888804545
-0.07629999999999981,0.8324903888804545
-0.07624999999999993,0.8324903888804545
-0.07620000000000005,0.8324903888804545
-0.07615000000000016,0.8324903888804545
-0.07609999999999983,0.8324903888804545
-0.07604999999999995,0.8324903888804545
-0.07600000000000007,0.8324903888804545
-0.07595000000000018,0.8324903888804545
-0.07589999999999986,0.8324903888804545
-0.07584999999999997,0.8324903888804545
-0.07580000000000009,0.8324903888804545
-0.07575000000000021,0.8324903888804545
-0.07569999999999988,0.8324903888804545
-0.07565,0.8324903888804545
-0.07560000000000011,0.8324903888804545
-0.07554999999999978,0.8324903888804545
-0.0754999999999999,0.8324903888804545
-0.07545000000000002,0.8324903888804545
-0.07540000000000013,0.8324903888804545
-0.07534999999999981,0.8324903888804569
-0.07529999999999992,0.8328262076058512
-0.07525000000000004,0.8328262076058512
-0.07520000000000016,0.8324903888804545
-0.07514999999999983,0.8328262076058512
-0.07509999999999994,0.8328262076058512
-0.07505000000000006,0.8324903888804545
-0.07500000000000018,0.8324903888804545
-0.07494999999999985,0.8324903888804545
-0.07489999999999997,0.8324903888804545
-0.07485000000000008,0.8324903888804545
-0.0748000000000002,0.8324903888804545
-0.07474999999999987,0.8324903888804545
-0.07469999999999999,0.8324903888804545
-0.07465000000000011,0.8324903888804545
-0.07460000000000022,0.8324903888804545
-0.07454999999999989,0.8324903888804545
-0.07450000000000001,0.8324903888804545
-0.07445000000000013,0.8324903888804545
-0.0743999999999998,0.8324903888804545
-0.07434999999999992,0.8324903888804545
-0.07430000000000003,0.8324903888804545
-0.07425000000000015,0.8324903888804545
-0.07419999999999982,0.8324903888804545
-0.07414999999999994,0.8324903888804545
-0.07410000000000005,0.8324903888804545
-0.07405000000000017,0.8324903888804545
-0.07399999999999984,0.8324903888804545
-0.07394999999999996,0.8324903888804545
-0.07390000000000008,0.8324903888804545
-0.07385000000000019,0.8328262076058488
-0.07379999999999987,0.8324903888804545
-0.07374999999999998,0.8328262076058512
-0.0737000000000001,0.8328262076058512
-0.07365000000000022,0.8324903888804569
-0.07359999999999989,0.8328262076058512
-0.07355,0.8324903888804545
-0.07350000000000012,0.8328262076058512
-0.07344999999999979,0.8324903888804569
-0.07339999999999991,0.8328262076058512
-0.07335000000000003,0.8324903888804545
-0.07330000000000014,0.8324903888804545
-0.07324999999999982,0.8324903888804545
-0.07319999999999993,0.8324903888804545
-0.07315000000000005,0.8328262076058512
-0.07310000000000016,0.8328262076058512
-0.07304999999999984,0.8328262076058512
-0.07299999999999995,0.8328262076058512
-0.07295000000000007,0.8328262076058512
-0.07290000000000019,0.8328262076058512
-0.07284999999999986,0.8328262076058512
-0.07279999999999998,0.8328262076058512
-0.07275000000000009,0.8328262076058512
-0.07270000000000021,0.8328262076058512
-0.07264999999999988,0.8328262076058512
-0.0726,0.8328262076058512
-0.07255000000000011,0.8328262076058512
-0.07249999999999979,0.8328262076058512
-0.0724499999999999,0.8328262076058512
-0.07240000000000002,0.8328262076058512
-0.07235000000000014,0.8328262076058512
-0.07229999999999981,0.8328262076058512
-0.07224999999999993,0.8328262076058512
-0.07220000000000004,0.8328262076058512
-0.07215000000000016,0.8328262076058512
-0.07209999999999983,0.8328262076058512
-0.07204999999999995,0.8328262076058512
-0.07200000000000006,0.8328262076058512
-0.07195000000000018,0.8328262076058512
-0.07189999999999985,0.8328262076058512
-0.07184999999999997,0.833162026331248
-0.07180000000000009,0.8328262076058512
-0.0717500000000002,0.8328262076058512
-0.07169999999999987,0.8328262076058512
-0.07164999999999999,0.8328262076058512
-0.07160000000000011,0.8328262076058512
-0.07154999999999978,0.8328262076058512
-0.0714999999999999,0.8328262076058512
-0.07145000000000001,0.8328262076058512
-0.07140000000000013,0.8328262076058512
-0.0713499999999998,0.8328262076058512
-0.07129999999999992,0.8328262076058512
-0.07125000000000004,0.8328262076058512
-0.07120000000000015,0.833162026331248
-0.07114999999999982,0.833162026331248
-0.07109999999999994,0.8328262076058512
-0.07105000000000006,0.8328262076058512
-0.07100000000000017,0.8328262076058512
-0.07094999999999985,0.833162026331248
-0.07089999999999996,0.833162026331248
-0.07085000000000008,0.833162026331248
-0.0708000000000002,0.833162026331248
-0.07074999999999987,0.833162026331248
-0.07069999999999999,0.833162026331248
-0.0706500000000001,0.833162026331248
-0.07060000000000022,0.833162026331248
-0.07054999999999989,0.833162026331248
-0.07050000000000001,0.833162026331248
-0.07045000000000012,0.833162026331248
-0.0703999999999998,0.8331620263312456
-0.07034999999999991,0.8328262076058512
-0.07030000000000003,0.833162026331248
-0.07025000000000015,0.833162026331248
-0.07019999999999982,0.833162026331248
-0.07014999999999993,0.833162026331248
-0.07010000000000005,0.833162026331248
-0.07005000000000017,0.8334978450566448
-0.06999999999999984,0.833162026331248
-0.06994999999999996,0.833162026331248
-0.06990000000000007,0.833162026331248
-0.06985000000000019,0.833162026331248
-0.06979999999999986,0.833162026331248
-0.06974999999999998,0.833162026331248
-0.0697000000000001,0.833162026331248
-0.06965000000000021,0.833162026331248
-0.06959999999999988,0.833162026331248
-0.06955,0.833162026331248
-0.06950000000000012,0.833162026331248
-0.06944999999999979,0.833162026331248
-0.06939999999999991,0.833162026331248
-0.06935000000000002,0.833162026331248
-0.06930000000000014,0.833162026331248
-0.06924999999999981,0.833162026331248
-0.06919999999999993,0.833162026331248
-0.06915000000000004,0.833162026331248
-0.06910000000000016,0.833162026331248
-0.06904999999999983,0.833162026331248
-0.06899999999999995,0.833162026331248
-0.06895000000000007,0.833162026331248
-0.06890000000000018,0.833162026331248
-0.06884999999999986,0.833162026331248
-0.06879999999999997,0.833162026331248
-0.06875000000000009,0.833162026331248
-0.06870000000000021,0.8328262076058537
-0.06864999999999988,0.8328262076058512
-0.06859999999999999,0.8328262076058512
-0.06855000000000011,0.833162026331248
-0.06849999999999978,0.833162026331248
-0.0684499999999999,0.833162026331248
-0.06840000000000002,0.833162026331248
-0.06835000000000013,0.833162026331248
-0.06829999999999981,0.833162026331248
-0.06824999999999992,0.833162026331248
-0.06820000000000004,0.833162026331248
-0.06815000000000015,0.833162026331248
-0.06809999999999983,0.833162026331248
-0.06804999999999994,0.833162026331248
-0.06800000000000006,0.833162026331248
-0.06795000000000018,0.833162026331248
-0.06789999999999985,0.833162026331248
-0.06784999999999997,0.8334978450566448
-0.06780000000000008,0.833162026331248
-0.0677500000000002,0.833162026331248
-0.06769999999999987,0.833162026331248
-0.06764999999999999,0.833162026331248
-0.0676000000000001,0.833162026331248
-0.06755000000000022,0.833162026331248
-0.06749999999999989,0.8334978450566448
-0.06745000000000001,0.8334978450566448
-0.06740000000000013,0.8334978450566448
-0.0673499999999998,0.8334978450566424
-0.06729999999999992,0.833162026331248
-0.06725000000000003,0.833162026331248
-0.06720000000000015,0.833162026331248
-0.06714999999999982,0.833162026331248
-0.06709999999999994,0.833162026331248
-0.06705000000000005,0.833162026331248
-0.06700000000000017,0.833162026331248
-0.06694999999999984,0.833162026331248
-0.06689999999999996,0.8334978450566448
-0.06685000000000008,0.8334978450566448
-0.06680000000000019,0.8331620263312505
-0.06674999999999986,0.833162026331248
-0.06669999999999998,0.833162026331248
-0.0666500000000001,0.833162026331248
-0.06660000000000021,0.833162026331248
-0.06654999999999989,0.833162026331248
-0.0665,0.833162026331248
-0.06645000000000012,0.833162026331248
-0.06639999999999979,0.8331620263312456
-0.06634999999999991,0.8328262076058512
-0.06630000000000003,0.833162026331248
-0.06625000000000014,0.833162026331248
-0.06619999999999981,0.833162026331248
-0.06614999999999993,0.833162026331248
-0.06610000000000005,0.833162026331248
-0.06605000000000016,0.833162026331248
-0.06599999999999984,0.833162026331248
-0.06594999999999995,0.833162026331248
-0.06590000000000007,0.833162026331248
-0.06585000000000019,0.833162026331248
-0.06579999999999986,0.833162026331248
-0.06574999999999998,0.833162026331248
-0.06570000000000009,0.8328262076058512
-0.06565000000000021,0.8331620263312456
-0.06559999999999988,0.833162026331248
-0.06555,0.833162026331248
-0.06550000000000011,0.833162026331248
-0.06544999999999979,0.8328262076058512
-0.0653999999999999,0.8328262076058512
-0.06535000000000002,0.833162026331248
-0.06530000000000014,0.8328262076058512
-0.06524999999999981,0.8328262076058512
-0.06519999999999992,0.8328262076058512
-0.06515000000000004,0.8328262076058512
-0.06510000000000016,0.833162026331248
-0.06504999999999983,0.833162026331248
-0.06499999999999995,0.8328262076058512
-0.06495000000000006,0.833162026331248
-0.06490000000000018,0.833162026331248
-0.06484999999999985,0.833162026331248
-0.06479999999999997,0.8328262076058512
-0.06475000000000009,0.833162026331248
-0.0647000000000002,0.833162026331248
-0.06464999999999987,0.833162026331248
-0.06459999999999999,0.833162026331248
-0.06455000000000011,0.833162026331248
-0.06449999999999978,0.833162026331248
-0.0644499999999999,0.833162026331248
-0.06440000000000001,0.833162026331248
-0.06435000000000013,0.8328262076058512
-0.0642999999999998,0.8328262076058512
-0.06424999999999992,0.8328262076058512
-0.06420000000000003,0.833162026331248
-0.06415000000000015,0.833162026331248
-0.06409999999999982,0.8328262076058512
-0.06404999999999994,0.8328262076058512
-0.06400000000000006,0.833162026331248
-0.06395000000000017,0.8328262076058512
-0.06389999999999985,0.8328262076058512
-0.06384999999999996,0.8328262076058512
-0.06380000000000008,0.8328262076058512
-0.0637500000000002,0.8328262076058512
-0.06369999999999987,0.8328262076058512
-0.06364999999999998,0.8328262076058512
-0.0636000000000001,0.8328262076058512
-0.06355000000000022,0.8331620263312456
-0.06349999999999989,0.833162026331248
-0.06345000000000001,0.8328262076058512
-0.06340000000000012,0.833162026331248
-0.0633499999999998,0.8331620263312456
-0.06329999999999991,0.8328262076058512
-0.06325000000000003,0.8328262076058512
-0.06320000000000014,0.8328262076058512
-0.06314999999999982,0.8328262076058512
-0.06309999999999993,0.8328262076058512
-0.06305000000000005,0.8328262076058512
-0.06300000000000017,0.833162026331248
-0.06294999999999984,0.8328262076058512
-0.06289999999999996,0.833162026331248
-0.06285000000000007,0.8328262076058512
-0.06280000000000019,0.8328262076058512
-0.06274999999999986,0.8328262076058512
-0.06269999999999998,0.8328262076058512
-0.06265000000000009,0.8328262076058512
-0.06260000000000021,0.8328262076058512
-0.06254999999999988,0.8328262076058512
-0.0625,0.8328262076058512
-0.06245000000000012,0.833162026331248
-0.06239999999999979,0.8328262076058512
-0.06234999999999991,0.8328262076058512
-0.06230000000000002,0.833162026331248
-0.06225000000000014,0.833162026331248
-0.06219999999999981,0.8331620263312456
-0.06214999999999993,0.8328262076058512
-0.06210000000000004,0.8328262076058512
-0.06205000000000016,0.833162026331248
-0.06199999999999983,0.8328262076058512
-0.06194999999999995,0.833162026331248
-0.06190000000000007,0.8328262076058512
-0.06185000000000018,0.8328262076058512
-0.06179999999999986,0.8328262076058512
-0.06174999999999997,0.8328262076058512
-0.06170000000000009,0.8328262076058512
-0.0616500000000002,0.8328262076058512
-0.06159999999999988,0.8328262076058512
-0.06154999999999999,0.8328262076058512
-0.06150000000000011,0.833162026331248
-0.06144999999999978,0.8328262076058512
-0.0613999999999999,0.8328262076058512
-0.06135000000000002,0.8328262076058512
-0.06130000000000013,0.8328262076058512
-0.0612499999999998,0.8328262076058537
-0.06119999999999992,0.833162026331248
-0.06115000000000004,0.833162026331248
-0.06110000000000015,0.8328262076058512
-0.06104999999999983,0.8328262076058512
-0.06099999999999994,0.8328262076058512
-0.06095000000000006,0.8328262076058512
-0.06090000000000018,0.8328262076058512
-0.06084999999999985,0.8328262076058512
-0.06079999999999997,0.8328262076058512
-0.06075000000000008,0.8328262076058512
-0.0607000000000002,0.8328262076058512
-0.06064999999999987,0.8328262076058512
-0.06059999999999999,0.8328262076058512
-0.0605500000000001,0.8328262076058512
-0.06050000000000022,0.8328262076058512
-0.06044999999999989,0.8328262076058512
-0.06040000000000001,0.8328262076058512
-0.06035000000000013,0.8328262076058512
-0.0602999999999998,0.8328262076058512
-0.06024999999999991,0.8328262076058512
-0.06020000000000003,0.8328262076058512
-0.06015000000000015,0.833162026331248
-0.06009999999999982,0.8328262076058512
-0.06004999999999994,0.8328262076058512
-0.06000000000000005,0.8328262076058512
-0.05995000000000017,0.8328262076058512
-0.05989999999999984,0.8328262076058512
-0.05984999999999996,0.8328262076058512
-0.05980000000000008,0.8328262076058512
-0.05975000000000019,0.8328262076058512
-0.05969999999999986,0.8328262076058512
-0.05964999999999998,0.8328262076058512
-0.0596000000000001,0.8328262076058512
-0.05955000000000021,0.8328262076058512
-0.05949999999999989,0.8328262076058512
-0.05945,0.8328262076058512
-0.05940000000000012,0.8328262076058512
-0.05934999999999979,0.8328262076058537
-0.05929999999999991,0.833162026331248
-0.05925000000000002,0.8328262076058512
-0.05920000000000014,0.8328262076058512
-0.05914999999999981,0.8328262076058512
-0.05909999999999993,0.8328262076058512
-0.05905000000000005,0.8328262076058512
-0.05900000000000016,0.8328262076058512
-0.05894999999999984,0.8328262076058512
-0.05889999999999995,0.8328262076058512
-0.05885000000000007,0.8328262076058512
-0.05880000000000019,0.8331620263312456
-0.05874999999999986,0.833162026331248
-0.05869999999999997,0.833162026331248
-0.05865000000000009,0.833162026331248
-0.05860000000000021,0.8328262076058537
-0.05854999999999988,0.8328262076058512
-0.0585,0.8328262076058512
-0.05845000000000011,0.8328262076058512
-0.05839999999999979,0.8328262076058512
-0.0583499999999999,0.8328262076058512
-0.05830000000000002,0.8328262076058512
-0.05825000000000014,0.8328262076058512
-0.05819999999999981,0.8328262076058512
-0.05814999999999992,0.8328262076058512
-0.05810000000000004,0.8328262076058512
-0.05805000000000016,0.8328262076058512
-0.05799999999999983,0.8328262076058512
-0.05794999999999995,0.8328262076058512
-0.05790000000000006,0.8328262076058512
-0.05785000000000018,0.8328262076058512
-0.05779999999999985,0.8328262076058512
-0.05774999999999997,0.8324903888804545
-0.05770000000000008,0.8324903888804545
-0.0576500000000002,0.8324903888804545
-0.05759999999999987,0.8324903888804545
-0.05754999999999999,0.8324903888804545
-0.05750000000000011,0.8324903888804545
-0.05744999999999978,0.8324903888804545
-0.0573999999999999,0.8324903888804545
-0.05735000000000001,0.8324903888804545
-0.05730000000000013,0.8324903888804545
-0.0572499999999998,0.8324903888804545
-0.05719999999999992,0.8324903888804545
-0.05715000000000003,0.8324903888804545
-0.05710000000000015,0.8324903888804545
-0.05704999999999982,0.8324903888804545
-0.05699999999999994,0.8324903888804545
-0.05695000000000006,0.8324903888804545
-0.05690000000000017,0.8324903888804545
-0.05684999999999985,0.8324903888804545
-0.05679999999999996,0.8324903888804545
-0.05675000000000008,0.8324903888804545
-0.05670000000000019,0.8324903888804545
-0.05664999999999987,0.8324903888804545
-0.05659999999999998,0.8324903888804545
-0.0565500000000001,0.8328262076058512
-0.05650000000000022,0.8328262076058512
-0.05644999999999989,0.8328262076058512
-0.05640000000000001,0.8324903888804545
-0.05635000000000012,0.8324903888804545
-0.05629999999999979,0.8324903888804545
-0.05624999999999991,0.8324903888804545
-0.05620000000000003,0.8324903888804545
-0.05615000000000014,0.8324903888804545
-0.05609999999999982,0.8324903888804545
-0.05604999999999993,0.8324903888804545
-0.05600000000000005,0.8324903888804545
-0.05595000000000017,0.8324903888804545
-0.05589999999999984,0.8324903888804545
-0.05584999999999996,0.8324903888804545
-0.05580000000000007,0.8324903888804545
-0.05575000000000019,0.8324903888804545
-0.05569999999999986,0.8324903888804545
-0.05564999999999998,0.8324903888804545
-0.05560000000000009,0.8324903888804545
-0.05555000000000021,0.8324903888804545
-0.05549999999999988,0.8324903888804545
-0.05545,0.8324903888804545
-0.05540000000000012,0.8324903888804545
-0.05534999999999979,0.8328262076058512
-0.0552999999999999,0.8328262076058512
-0.05525000000000002,0.8324903888804545
-0.05520000000000014,0.8324903888804545
-0.05514999999999981,0.8324903888804545
-0.05509999999999993,0.8324903888804545
-0.05505000000000004,0.8324903888804545
-0.05500000000000016,0.8324903888804545
-0.05494999999999983,0.8324903888804545
-0.05489999999999995,0.8324903888804545
-0.05485000000000007,0.8324903888804545
-0.05480000000000018,0.8324903888804545
-0.05474999999999985,0.8328262076058512
-0.05469999999999997,0.8328262076058512
-0.05465000000000009,0.8324903888804545
-0.0546000000000002,0.8324903888804545
-0.05454999999999988,0.8324903888804545
-0.05449999999999999,0.8324903888804545
-0.05445000000000011,0.8324903888804545
-0.05439999999999978,0.8324903888804545
-0.0543499999999999,0.8324903888804545
-0.05430000000000001,0.8324903888804545
-0.05425000000000013,0.8324903888804545
-0.0541999999999998,0.8324903888804545
-0.05414999999999992,0.8324903888804545
-0.05410000000000004,0.8324903888804545
-0.05405000000000015,0.8324903888804545
-0.05399999999999983,0.8328262076058512
-0.05394999999999994,0.8328262076058512
-0.05390000000000006,0.8324903888804545
-0.05385000000000018,0.8328262076058512
-0.05379999999999985,0.8324903888804545
-0.05374999999999996,0.8328262076058512
-0.05370000000000008,0.8328262076058512
-0.0536500000000002,0.8328262076058512
-0.05359999999999987,0.8328262076058512
-0.05354999999999999,0.8328262076058512
-0.0535000000000001,0.8328262076058512
-0.05345000000000022,0.8328262076058512
-0.05339999999999989,0.8328262076058512
-0.05335000000000001,0.8328262076058512
-0.05330000000000013,0.8328262076058512
-0.0532499999999998,0.8324903888804569
-0.05319999999999991,0.8328262076058512
-0.05315000000000003,0.8324903888804545
-0.05310000000000015,0.8328262076058512
-0.05304999999999982,0.8324903888804545
-0.05299999999999994,0.8328262076058512
-0.05295000000000005,0.8328262076058512
-0.05290000000000017,0.8328262076058512
-0.05284999999999984,0.8328262076058512
-0.05279999999999996,0.8328262076058512
-0.05275000000000007,0.8328262076058512
-0.05270000000000019,0.8328262076058512
-0.05264999999999986,0.8328262076058512
-0.05259999999999998,0.8328262076058512
-0.0525500000000001,0.8328262076058512
-0.05250000000000021,0.8328262076058512
-0.05244999999999989,0.8328262076058512
-0.0524,0.8328262076058512
-0.05235000000000012,0.8328262076058512
-0.05229999999999979,0.8328262076058512
-0.05224999999999991,0.8328262076058512
-0.05220000000000002,0.833162026331248
-0.05215000000000014,0.8328262076058512
-0.05209999999999981,0.8328262076058512
-0.05204999999999993,0.8328262076058512
-0.05200000000000005,0.8328262076058512
-0.05195000000000016,0.8328262076058512
-0.05189999999999984,0.8328262076058512
-0.05184999999999995,0.8328262076058512
-0.05180000000000007,0.8328262076058512
-0.05175000000000018,0.8328262076058512
-0.05169999999999986,0.8328262076058512
-0.05164999999999997,0.8328262076058512
-0.05160000000000009,0.8328262076058512
-0.05155000000000021,0.8328262076058512
-0.05149999999999988,0.8328262076058512
-0.05145,0.8328262076058512
-0.05140000000000011,0.833162026331248
-0.05134999999999978,0.833162026331248
-0.0512999999999999,0.833162026331248
-0.05125000000000002,0.833162026331248
-0.05120000000000013,0.833162026331248
-0.05114999999999981,0.833162026331248
-0.05109999999999992,0.833162026331248
-0.05105000000000004,0.833162026331248
-0.05100000000000016,0.833162026331248
-0.05094999999999983,0.833162026331248
-0.05089999999999995,0.833162026331248
-0.05085000000000006,0.833162026331248
-0.05080000000000018,0.833162026331248
-0.05074999999999985,0.833162026331248
-0.05069999999999997,0.833162026331248
-0.05065000000000008,0.833162026331248
-0.0506000000000002,0.833162026331248
-0.05054999999999987,0.833162026331248
-0.05049999999999999,0.833162026331248
-0.05045000000000011,0.833162026331248
-0.05039999999999978,0.8334978450566448
-0.05034999999999989,0.8334978450566448
-0.05030000000000001,0.833162026331248
-0.05025000000000013,0.833162026331248
-0.0501999999999998,0.8331620263312505
-0.05014999999999992,0.8334978450566448
-0.05010000000000003,0.8334978450566448
-0.05005000000000015,0.8334978450566448
-0.04999999999999982,0.833162026331248
-0.04994999999999994,0.833162026331248
-0.04990000000000006,0.833162026331248
-0.04985000000000017,0.8334978450566448
-0.04979999999999984,0.833162026331248
-0.04974999999999996,0.833162026331248
-0.04970000000000008,0.833162026331248
-0.04965000000000019,0.833162026331248
-0.04959999999999987,0.833162026331248
-0.04954999999999998,0.833162026331248
-0.0495000000000001,0.833162026331248
-0.04945000000000022,0.8334978450566424
-0.04939999999999989,0.833162026331248
-0.04935,0.833162026331248
-0.04930000000000012,0.833162026331248
-0.04924999999999979,0.833162026331248
-0.04919999999999991,0.833162026331248
-0.04915000000000003,0.833162026331248
-0.04910000000000014,0.833162026331248
-0.04904999999999982,0.8334978450566424
-0.04899999999999993,0.833162026331248
-0.04895000000000005,0.833162026331248
-0.04890000000000017,0.833162026331248
-0.04884999999999984,0.833162026331248
-0.04879999999999995,0.833162026331248
-0.04875000000000007,0.833162026331248
-0.04870000000000019,0.833162026331248
-0.04864999999999986,0.833162026331248
-0.04859999999999998,0.833162026331248
-0.04855000000000009,0.833162026331248
-0.04850000000000021,0.833162026331248
-0.04844999999999988,0.833162026331248
-0.0484,0.833162026331248
-0.04835000000000012,0.833162026331248
-0.04829999999999979,0.833162026331248
-0.0482499999999999,0.833162026331248
-0.04820000000000002,0.833162026331248
-0.04815000000000014,0.833162026331248
-0.04809999999999981,0.833162026331248
-0.04804999999999993,0.833162026331248
-0.04800000000000004,0.833162026331248
-0.04795000000000016,0.833162026331248
-0.04789999999999983,0.833162026331248
-0.04784999999999995,0.833162026331248
-0.04780000000000006,0.833162026331248
-0.04775000000000018,0.833162026331248
-0.04769999999999985,0.833162026331248
-0.04764999999999997,0.833162026331248
-0.04760000000000009,0.833162026331248
-0.0475500000000002,0.8334978450566424
-0.04749999999999988,0.8334978450566448
-0.04744999999999999,0.8334978450566448
-0.04740000000000011,0.8334978450566448
-0.04734999999999978,0.8334978450566448
-0.0472999999999999,0.8334978450566448
-0.04725000000000001,0.8334978450566448
-0.04720000000000013,0.8334978450566448
-0.0471499999999998,0.833162026331248
-0.04709999999999992,0.833162026331248
-0.04705000000000004,0.8334978450566448
-0.04700000000000015,0.8334978450566448
-0.04694999999999983,0.833162026331248
-0.04689999999999994,0.833162026331248
-0.04685000000000006,0.833162026331248
-0.04680000000000017,0.8334978450566448
-0.04674999999999985,0.833162026331248
-0.04669999999999996,0.833162026331248
-0.04665000000000008,0.8328262076058512
-0.0466000000000002,0.8331620263312456
-0.04654999999999987,0.833162026331248
-0.04649999999999999,0.833162026331248
-0.0464500000000001,0.8328262076058512
-0.04640000000000022,0.8328262076058512
-0.04634999999999989,0.8328262076058512
-0.04630000000000001,0.8328262076058512
-0.04625000000000012,0.8328262076058512
-0.0461999999999998,0.8328262076058512
-0.04614999999999991,0.8328262076058512
-0.04610000000000003,0.833162026331248
-0.04605000000000015,0.8328262076058512
-0.04599999999999982,0.833162026331248
-0.04594999999999994,0.8328262076058512
-0.04590000000000005,0.833162026331248
-0.04585000000000017,0.8328262076058512
-0.04579999999999984,0.8328262076058512
-0.04574999999999996,0.8328262076058512
-0.04570000000000007,0.8328262076058512
-0.04565000000000019,0.8328262076058512
-0.04559999999999986,0.8328262076058512
-0.04554999999999998,0.833162026331248
-0.0455000000000001,0.8328262076058512
-0.04545000000000021,0.8328262076058512
-0.04539999999999988,0.8328262076058512
-0.04535,0.8328262076058512
-0.04530000000000012,0.8328262076058512
-0.04524999999999979,0.8328262076058512
-0.04519999999999991,0.8328262076058512
-0.04515000000000002,0.8328262076058512
-0.04510000000000014,0.8328262076058512
-0.04504999999999981,0.8328262076058512
-0.04499999999999993,0.8328262076058512
-0.04495000000000005,0.833162026331248
-0.04490000000000016,0.8328262076058512
-0.04484999999999983,0.8328262076058512
-0.04479999999999995,0.8328262076058512
-0.04475000000000007,0.8328262076058512
-0.04470000000000018,0.8328262076058512
-0.04464999999999986,0.8328262076058512
-0.04459999999999997,0.833162026331248
-0.04455000000000009,0.8328262076058512
-0.04450000000000021,0.8328262076058512
-0.04444999999999988,0.8328262076058512
-0.0444,0.833162026331248
-0.04435000000000011,0.8328262076058512
-0.04429999999999978,0.833162026331248
-0.0442499999999999,0.833162026331248
-0.04420000000000002,0.833162026331248
-0.04415000000000013,0.833162026331248
-0.04409999999999981,0.833162026331248
-0.04404999999999992,0.833162026331248
-0.04400000000000004,0.8328262076058512
-0.04395000000000016,0.833162026331248
-0.04389999999999983,0.833162026331248
-0.04384999999999994,0.833162026331248
-0.04380000000000006,0.8328262076058512
-0.04375000000000018,0.8328262076058512
-0.04369999999999985,0.8328262076058512
-0.04364999999999997,0.8328262076058512
-0.04360000000000008,0.8328262076058512
-0.0435500000000002,0.8328262076058512
-0.04349999999999987,0.8328262076058512
-0.04344999999999999,0.833162026331248
-0.04340000000000011,0.833162026331248
-0.04335000000000022,0.833162026331248
-0.04329999999999989,0.833162026331248
-0.04325000000000001,0.833162026331248
-0.04320000000000013,0.833162026331248
-0.0431499999999998,0.833162026331248
-0.04309999999999992,0.833162026331248
-0.04305000000000003,0.833162026331248
-0.04300000000000015,0.833162026331248
-0.04294999999999982,0.833162026331248
-0.04289999999999994,0.8328262076058512
-0.04285000000000005,0.833162026331248
-0.04280000000000017,0.833162026331248
-0.04274999999999984,0.833162026331248
-0.04269999999999996,0.833162026331248
-0.04265000000000008,0.833162026331248
-0.04260000000000019,0.833162026331248
-0.04254999999999987,0.833162026331248
-0.04249999999999998,0.833162026331248
-0.0424500000000001,0.833162026331248
-0.04240000000000022,0.833162026331248
-0.04234999999999989,0.833162026331248
-0.0423,0.833162026331248
-0.04225000000000012,0.833162026331248
-0.04219999999999979,0.833162026331248
-0.04214999999999991,0.833162026331248
-0.04210000000000003,0.8328262076058512
-0.04205000000000014,0.833162026331248
-0.04199999999999982,0.8328262076058512
-0.04194999999999993,0.8328262076058512
-0.04190000000000005,0.833162026331248
-0.04185000000000016,0.8328262076058512
-0.04179999999999984,0.833162026331248
-0.04174999999999995,0.833162026331248
-0.04170000000000007,0.833162026331248
-0.04165000000000019,0.8328262076058537
-0.04159999999999986,0.8328262076058512
-0.04154999999999998,0.833162026331248
-0.04150000000000009,0.8328262076058512
-0.04145000000000021,0.8331620263312456
-0.04139999999999988,0.833162026331248
-0.04135,0.833162026331248
-0.04130000000000011,0.833162026331248
-0.04124999999999979,0.8331620263312456
-0.0411999999999999,0.8328262076058512
-0.04115000000000002,0.8328262076058512
-0.04110000000000014,0.833162026331248
-0.04104999999999981,0.833162026331248
-0.04099999999999993,0.833162026331248
-0.04095000000000004,0.833162026331248
-0.04090000000000016,0.833162026331248
-0.04084999999999983,0.833162026331248
-0.04079999999999995,0.833162026331248
-0.04075000000000006,0.8328262076058512
-0.04070000000000018,0.833162026331248
-0.04064999999999985,0.8328262076058512
-0.04059999999999997,0.8328262076058512
-0.04055000000000009,0.8328262076058512
-0.0405000000000002,0.8331620263312456
-0.04044999999999987,0.833162026331248
-0.04039999999999999,0.833162026331248
-0.04035000000000011,0.833162026331248
-0.04029999999999978,0.8328262076058537
-0.0402499999999999,0.833162026331248
-0.04020000000000001,0.8328262076058512
-0.04015000000000013,0.833162026331248
-0.0400999999999998,0.833162026331248
-0.04004999999999992,0.833162026331248
-0.04000000000000004,0.833162026331248
-0.03995000000000015,0.833162026331248
-0.03989999999999982,0.833162026331248
-0.03984999999999994,0.833162026331248
-0.03980000000000006,0.833162026331248
-0.03975000000000017,0.833162026331248
-0.03969999999999985,0.833162026331248
-0.03964999999999996,0.833162026331248
-0.03960000000000008,0.8328262076058512
-0.0395500000000002,0.8331620263312456
-0.03949999999999987,0.8328262076058512
-0.03944999999999999,0.8328262076058512
-0.0394000000000001,0.833162026331248
-0.03935000000000022,0.8328262076058537
-0.03929999999999989,0.8328262076058512
-0.03925000000000001,0.8328262076058512
-0.03920000000000012,0.8328262076058512
-0.0391499999999998,0.8328262076058512
-0.03909999999999991,0.8328262076058512
-0.03905000000000003,0.8328262076058512
-0.03900000000000015,0.8328262076058512
-0.03894999999999982,0.833162026331248
-0.03889999999999993,0.833162026331248
-0.03885000000000005,0.8328262076058512
-0.03880000000000017,0.8328262076058512
-0.03874999999999984,0.8328262076058512
-0.03869999999999996,0.8328262076058512
-0.03865000000000007,0.8328262076058512
-0.03860000000000019,0.8328262076058512
-0.03854999999999986,0.8328262076058512
-0.03849999999999998,0.8328262076058512
-0.0384500000000001,0.8328262076058512
-0.03840000000000021,0.8328262076058512
-0.03834999999999988,0.833162026331248
-0.0383,0.8328262076058512
-0.03825000000000012,0.8328262076058512
-0.03819999999999979,0.8328262076058537
-0.03814999999999991,0.833162026331248
-0.03810000000000002,0.8328262076058512
-0.03805000000000014,0.8328262076058512
-0.03799999999999981,0.8328262076058512
-0.03794999999999993,0.8328262076058512
-0.03790000000000004,0.8328262076058512
-0.03785000000000016,0.8328262076058512
-0.03779999999999983,0.8328262076058512
-0.03774999999999995,0.8328262076058512
-0.03770000000000007,0.8324903888804545
-0.03765000000000018,0.8324903888804545
-0.03759999999999986,0.8328262076058512
-0.03754999999999997,0.8324903888804545
-0.03750000000000009,0.8324903888804545
-0.03745000000000021,0.8324903888804545
-0.03739999999999988,0.8328262076058512
-0.03734999999999999,0.8324903888804545
-0.03730000000000011,0.8324903888804545
-0.03724999999999978,0.8324903888804545
-0.0371999999999999,0.8324903888804545
-0.03715000000000002,0.8324903888804545
-0.03710000000000013,0.8324903888804545
-0.03704999999999981,0.8324903888804569
-0.03699999999999992,0.8328262076058512
-0.03695000000000004,0.8324903888804545
-0.03690000000000015,0.8324903888804545
-0.03684999999999983,0.8328262076058512
-0.03679999999999994,0.8324903888804545
-0.03675000000000006,0.8324903888804545
-0.03670000000000018,0.8324903888804545
-0.03664999999999985,0.8328262076058512
-0.03659999999999997,0.8324903888804545
-0.03655000000000008,0.8324903888804545
-0.0365000000000002,0.8328262076058488
-0.03644999999999987,0.8324903888804545
-0.03639999999999999,0.8324903888804545
-0.0363500000000001,0.8324903888804545
-0.03630000000000022,0.8328262076058488
-0.03624999999999989,0.8324903888804545
-0.03620000000000001,0.8324903888804545
-0.03615000000000013,0.8324903888804545
-0.0360999999999998,0.8324903888804545
-0.03604999999999992,0.8324903888804545
-0.03600000000000003,0.8324903888804545
-0.03595000000000015,0.8328262076058512
-0.03589999999999982,0.8328262076058512
-0.03584999999999994,0.8324903888804545
-0.03580000000000005,0.8324903888804545
-0.03575000000000017,0.8324903888804545
-0.03569999999999984,0.8324903888804545
-0.03564999999999996,0.8328262076058512
-0.03560000000000008,0.8324903888804545
-0.03555000000000019,0.8324903888804545
-0.03549999999999986,0.8324903888804545
-0.03544999999999998,0.8328262076058512
-0.0354000000000001,0.8324903888804545
-0.03535000000000021,0.8328262076058488
-0.03529999999999989,0.8328262076058512
-0.03525,0.8328262076058512
-0.03520000000000012,0.8328262076058512
-0.03514999999999979,0.8324903888804569
-0.03509999999999991,0.8328262076058512
-0.03505000000000003,0.8324903888804545
-0.03500000000000014,0.8324903888804545
-0.03494999999999981,0.8328262076058488
-0.03489999999999993,0.8324903888804545
-0.03485000000000005,0.8324903888804545
-0.03480000000000016,0.8324903888804545
-0.03474999999999984,0.8324903888804545
-0.03469999999999995,0.8324903888804545
-0.03465000000000007,0.8324903888804545
-0.03460000000000019,0.8324903888804545
-0.03454999999999986,0.8324903888804545
-0.03449999999999998,0.8324903888804545
-0.03445000000000009,0.8324903888804545
-0.03440000000000021,0.8328262076058488
-0.03434999999999988,0.8324903888804545
-0.0343,0.8324903888804545
-0.03425000000000011,0.8324903888804545
-0.03419999999999979,0.8324903888804545
-0.0341499999999999,0.8324903888804545
-0.03410000000000002,0.8324903888804545
-0.03405000000000014,0.8324903888804545
-0.03399999999999981,0.8324903888804569
-0.03394999999999992,0.8328262076058512
-0.03390000000000004,0.8324903888804545
-0.03385000000000016,0.8328262076058512
-0.03379999999999983,0.8328262076058512
-0.03374999999999995,0.8328262076058512
-0.03370000000000006,0.8328262076058512
-0.03365000000000018,0.8328262076058512
-0.03359999999999985,0.8328262076058512
-0.03354999999999997,0.8328262076058512
-0.03350000000000009,0.8328262076058512
-0.0334500000000002,0.8328262076058512
-0.03339999999999987,0.8328262076058512
-0.03334999999999999,0.8324903888804545
-0.03330000000000011,0.8324903888804545
-0.03324999999999978,0.8324903888804569
-0.0331999999999999,0.8328262076058512
-0.03315000000000001,0.8324903888804545
-0.03310000000000013,0.8324903888804545
-0.0330499999999998,0.8328262076058512
-0.03299999999999992,0.8328262076058512
-0.03295000000000003,0.8328262076058512
-0.03290000000000015,0.8328262076058512
-0.03284999999999982,0.8328262076058512
-0.03279999999999994,0.8328262076058512
-0.03275000000000006,0.8328262076058512
-0.03270000000000017,0.8328262076058512
-0.03264999999999985,0.8328262076058512
-0.03259999999999996,0.8328262076058512
-0.03255000000000008,0.8328262076058512
-0.0325000000000002,0.8328262076058512
-0.03244999999999987,0.8328262076058512
-0.03239999999999998,0.8328262076058512
-0.0323500000000001,0.8328262076058512
-0.03230000000000022,0.8328262076058512
-0.03224999999999989,0.8328262076058512
-0.03220000000000001,0.8328262076058512
-0.03215000000000012,0.8328262076058512
-0.0320999999999998,0.8328262076058512
-0.03204999999999991,0.8328262076058512
-0.03200000000000003,0.8328262076058512
-0.03195000000000014,0.8328262076058512
-0.03189999999999982,0.8328262076058512
-0.03184999999999993,0.8328262076058512
-0.03180000000000005,0.833162026331248
-0.03175000000000017,0.833162026331248
-0.03169999999999984,0.833162026331248
-0.03164999999999996,0.8328262076058512
-0.03160000000000007,0.8328262076058512
-0.03155000000000019,0.8328262076058512
-0.03149999999999986,0.8328262076058512
-0.03144999999999998,0.8328262076058512
-0.03140000000000009,0.8328262076058512
-0.03135000000000021,0.8328262076058512
-0.03129999999999988,0.833162026331248
-0.03125,0.833162026331248
-0.03120000000000012,0.833162026331248
-0.03114999999999979,0.833162026331248
-0.03109999999999991,0.833162026331248
-0.03105000000000002,0.833162026331248
-0.03100000000000014,0.833162026331248
-0.03094999999999981,0.833162026331248
-0.03089999999999993,0.833162026331248
-0.03085000000000004,0.833162026331248
-0.03080000000000016,0.8328262076058512
-0.03074999999999983,0.833162026331248
-0.03069999999999995,0.833162026331248
-0.03065000000000007,0.8334978450566448
-0.03060000000000018,0.8331620263312505
-0.03054999999999986,0.8334978450566448
-0.03049999999999997,0.8334978450566448
-0.03045000000000009,0.833162026331248
-0.0304000000000002,0.833162026331248
-0.03034999999999988,0.833162026331248
-0.03029999999999999,0.833162026331248
-0.03025000000000011,0.833162026331248
-0.03019999999999978,0.833162026331248
-0.0301499999999999,0.833162026331248
-0.03010000000000002,0.833162026331248
-0.03005000000000013,0.833162026331248
-0.0299999999999998,0.8331620263312456
-0.02994999999999992,0.8328262076058512
-0.02990000000000004,0.833162026331248
-0.02985000000000015,0.833162026331248
-0.02979999999999983,0.833162026331248
-0.02974999999999994,0.833162026331248
-0.02970000000000006,0.833162026331248
-0.02965000000000018,0.833162026331248
-0.02959999999999985,0.833162026331248
-0.02954999999999997,0.833162026331248
-0.02950000000000008,0.833162026331248
-0.0294500000000002,0.833162026331248
-0.02939999999999987,0.833162026331248
-0.02934999999999999,0.833162026331248
-0.0293000000000001,0.833162026331248
-0.02925000000000022,0.833162026331248
-0.02919999999999989,0.833162026331248
-0.02915000000000001,0.833162026331248
-0.02910000000000013,0.833162026331248
-0.0290499999999998,0.833162026331248
-0.02899999999999991,0.833162026331248
-0.02895000000000003,0.833162026331248
-0.02890000000000015,0.8328262076058512
-0.02884999999999982,0.833162026331248
-0.02879999999999994,0.833162026331248
-0.02875000000000005,0.833162026331248
-0.02870000000000017,0.833162026331248
-0.02864999999999984,0.833162026331248
-0.02859999999999996,0.833162026331248
-0.02855000000000008,0.833162026331248
-0.02850000000000019,0.833162026331248
-0.02844999999999986,0.833162026331248
-0.02839999999999998,0.833162026331248
-0.0283500000000001,0.833162026331248
-0.02830000000000021,0.833162026331248
-0.02824999999999989,0.833162026331248
-0.0282,0.833162026331248
-0.02815000000000012,0.833162026331248
-0.02809999999999979,0.833162026331248
-0.02804999999999991,0.833162026331248
-0.02800000000000002,0.833162026331248
-0.02795000000000014,0.833162026331248
-0.02789999999999981,0.833162026331248
-0.02784999999999993,0.833162026331248
-0.02780000000000005,0.833162026331248
-0.02775000000000016,0.833162026331248
-0.02769999999999984,0.833162026331248
-0.02764999999999995,0.833162026331248
-0.02760000000000007,0.8334978450566448
-0.02755000000000019,0.8334978450566448
-0.02749999999999986,0.8334978450566448
-0.02744999999999997,0.8334978450566448
-0.02740000000000009,0.833162026331248
-0.02735000000000021,0.8334978450566424
-0.02729999999999988,0.8334978450566448
-0.02725,0.8334978450566448
-0.02720000000000011,0.8334978450566448
-0.02714999999999979,0.8331620263312505
-0.0270999999999999,0.8334978450566448
-0.02705000000000002,0.833162026331248
-0.02700000000000014,0.833162026331248
-0.02694999999999981,0.833162026331248
-0.02689999999999992,0.833162026331248
-0.02685000000000004,0.833162026331248
-0.02680000000000016,0.833162026331248
-0.02674999999999983,0.833162026331248
-0.02669999999999995,0.8328262076058512
-0.02665000000000006,0.833162026331248
-0.02660000000000018,0.833162026331248
-0.02654999999999985,0.833162026331248
-0.02649999999999997,0.833162026331248
-0.02645000000000008,0.833162026331248
-0.0264000000000002,0.8328262076058537
-0.02634999999999987,0.833162026331248
-0.02629999999999999,0.8328262076058512
-0.02625000000000011,0.8328262076058512
-0.02619999999999978,0.8328262076058512
-0.0261499999999999,0.8328262076058512
-0.02610000000000001,0.8328262076058512
-0.02605000000000013,0.8328262076058512
-0.0259999999999998,0.8328262076058512
-0.02594999999999992,0.8328262076058512
-0.02590000000000003,0.833162026331248
-0.02585000000000015,0.8328262076058512
-0.02579999999999982,0.8328262076058512
-0.02574999999999994,0.8328262076058512
-0.02570000000000006,0.8328262076058512
-0.02565000000000017,0.833162026331248
-0.02559999999999985,0.8328262076058512
-0.02554999999999996,0.833162026331248
-0.02550000000000008,0.8328262076058512
-0.02545000000000019,0.8328262076058512
-0.02539999999999987,0.8328262076058512
-0.02534999999999998,0.8328262076058512
-0.0253000000000001,0.8328262076058512
-0.02525000000000022,0.8328262076058512
-0.02519999999999989,0.8328262076058512
-0.02515000000000001,0.8328262076058512
-0.02510000000000012,0.8328262076058512
-0.02504999999999979,0.8328262076058512
-0.02499999999999991,0.8328262076058512
-0.02495000000000003,0.8328262076058512
-0.02490000000000014,0.8328262076058512
-0.02484999999999982,0.8328262076058512
-0.02479999999999993,0.8328262076058512
-0.02475000000000005,0.8328262076058512
-0.02470000000000017,0.8328262076058512
-0.02464999999999984,0.8328262076058512
-0.02459999999999996,0.8328262076058512
-0.02455000000000007,0.8328262076058512
-0.02450000000000019,0.8331620263312456
-0.02444999999999986,0.8328262076058512
-0.02439999999999998,0.8328262076058512
-0.02435000000000009,0.8328262076058512
-0.02430000000000021,0.8328262076058512
-0.02424999999999988,0.8328262076058512
-0.0242,0.8328262076058512
-0.02415000000000012,0.8328262076058512
-0.02409999999999979,0.8328262076058537
-0.0240499999999999,0.833162026331248
-0.02400000000000002,0.833162026331248
-0.02395000000000014,0.833162026331248
-0.02389999999999981,0.8328262076058512
-0.02384999999999993,0.8328262076058512
-0.02380000000000004,0.8328262076058512
-0.02375000000000016,0.8328262076058512
-0.02369999999999983,0.8328262076058512
-0.02364999999999995,0.8328262076058512
-0.02360000000000007,0.8328262076058512
-0.02355000000000018,0.8328262076058512
-0.02349999999999985,0.8328262076058512
-0.02344999999999997,0.833162026331248
-0.02340000000000009,0.833162026331248
-0.0233500000000002,0.833162026331248
-0.02329999999999988,0.833162026331248
-0.02324999999999999,0.833162026331248
-0.02320000000000011,0.8328262076058512
-0.02314999999999978,0.8328262076058512
-0.0230999999999999,0.8328262076058512
-0.02305000000000001,0.8328262076058512
-0.02300000000000013,0.8328262076058512
-0.0229499999999998,0.8331620263312456
-0.02289999999999992,0.8328262076058512
-0.02285000000000004,0.8328262076058512
-0.02280000000000015,0.8328262076058512
-0.02274999999999983,0.833162026331248
-0.02269999999999994,0.8328262076058512
-0.02265000000000006,0.8328262076058512
-0.02260000000000018,0.8328262076058512
-0.02254999999999985,0.8328262076058512
-0.02249999999999996,0.8328262076058512
-0.02245000000000008,0.8328262076058512
-0.0224000000000002,0.8328262076058512
-0.02234999999999987,0.8328262076058512
-0.02229999999999999,0.8328262076058512
-0.0222500000000001,0.8328262076058512
-0.02220000000000022,0.8331620263312456
-0.02214999999999989,0.833162026331248
-0.02210000000000001,0.833162026331248
-0.02205000000000013,0.833162026331248
-0.0219999999999998,0.8328262076058512
-0.02194999999999991,0.8328262076058512
-0.02190000000000003,0.8328262076058512
-0.02185000000000015,0.8328262076058512
-0.02179999999999982,0.8328262076058512
-0.02174999999999994,0.8328262076058512
-0.02170000000000005,0.8328262076058512
-0.02165000000000017,0.8328262076058512
-0.02159999999999984,0.8328262076058512
-0.02154999999999996,0.8328262076058512
-0.02150000000000007,0.8328262076058512
-0.02145000000000019,0.8331620263312456
-0.02139999999999986,0.8328262076058512
-0.02134999999999998,0.8328262076058512
-0.0213000000000001,0.833162026331248
-0.02125000000000021,0.833162026331248
-0.02119999999999989,0.833162026331248
-0.02115,0.8328262076058512
-0.02110000000000012,0.833162026331248
-0.02104999999999979,0.8331620263312456
-0.02099999999999991,0.8328262076058512
-0.02095000000000002,0.8328262076058512
-0.02090000000000014,0.8328262076058512
-0.02084999999999981,0.8328262076058512
-0.02079999999999993,0.8328262076058512
-0.02075000000000005,0.8328262076058512
-0.02070000000000016,0.8328262076058512
-0.02064999999999984,0.8328262076058512
-0.02059999999999995,0.8328262076058512
-0.02055000000000007,0.8328262076058512
-0.02050000000000018,0.8328262076058512
-0.02044999999999986,0.8328262076058512
-0.02039999999999997,0.8328262076058512
-0.02035000000000009,0.8328262076058512
-0.02030000000000021,0.8328262076058512
-0.02024999999999988,0.8328262076058512
-0.0202,0.833162026331248
-0.02015000000000011,0.8328262076058512
-0.02009999999999978,0.8328262076058512
-0.0200499999999999,0.8328262076058512
-0.02000000000000002,0.8328262076058512
-0.01995000000000013,0.8328262076058512
-0.01989999999999981,0.8328262076058512
-0.01984999999999992,0.8328262076058512
-0.01980000000000004,0.8328262076058512
-0.01975000000000016,0.8328262076058512
-0.01969999999999983,0.8328262076058512
-0.01964999999999995,0.8328262076058512
-0.01960000000000006,0.8328262076058512
-0.01955000000000018,0.8328262076058512
-0.01949999999999985,0.8328262076058512
-0.01944999999999997,0.8328262076058512
-0.01940000000000008,0.833162026331248
-0.0193500000000002,0.833162026331248
-0.01929999999999987,0.8328262076058512
-0.01924999999999999,0.8328262076058512
-0.01920000000000011,0.8328262076058512
-0.01914999999999978,0.8328262076058512
-0.01909999999999989,0.8328262076058512
-0.01905000000000001,0.8328262076058512
-0.01900000000000013,0.8328262076058512
-0.0189499999999998,0.8328262076058512
-0.01889999999999992,0.8328262076058512
-0.01885000000000003,0.8328262076058512
-0.01880000000000015,0.8328262076058512
-0.01874999999999982,0.8328262076058512
-0.01869999999999994,0.8328262076058512
-0.01865000000000006,0.8328262076058512
-0.01860000000000017,0.8328262076058512
-0.01854999999999984,0.833162026331248
-0.01849999999999996,0.8328262076058512
-0.01845000000000008,0.8328262076058512
-0.01840000000000019,0.8328262076058512
-0.01834999999999987,0.8328262076058512
-0.01829999999999998,0.8328262076058512
-0.0182500000000001,0.8328262076058512
-0.01820000000000022,0.8331620263312456
-0.01814999999999989,0.8328262076058512
-0.0181,0.8328262076058512
-0.01805000000000012,0.8328262076058512
-0.01799999999999979,0.8328262076058512
-0.01794999999999991,0.8328262076058512
-0.01790000000000003,0.8328262076058512
-0.01785000000000014,0.8324903888804545
-0.01779999999999982,0.8324903888804545
-0.01774999999999993,0.8324903888804545
-0.01770000000000005,0.8324903888804545
-0.01765000000000017,0.8324903888804545
-0.01759999999999984,0.8324903888804545
-0.01754999999999995,0.8324903888804545
-0.01750000000000007,0.8324903888804545
-0.01745000000000019,0.8324903888804545
-0.01739999999999986,0.8324903888804545
-0.01734999999999998,0.8324903888804545
-0.01730000000000009,0.8324903888804545
-0.01725000000000021,0.8324903888804545
-0.01719999999999988,0.8324903888804545
-0.01715,0.8324903888804545
-0.01710000000000012,0.8324903888804545
-0.01704999999999979,0.8328262076058488
-0.0169999999999999,0.8324903888804545
-0.01695000000000002,0.8324903888804545
-0.01690000000000014,0.8324903888804545
-0.01684999999999981,0.8324903888804545
-0.01679999999999993,0.8324903888804545
-0.01675000000000004,0.8324903888804545
-0.01670000000000016,0.8324903888804545
-0.01664999999999983,0.8324903888804545
-0.01659999999999995,0.8324903888804545
-0.01655000000000006,0.8328262076058512
-0.01650000000000018,0.8324903888804545
-0.01644999999999985,0.8324903888804545
-0.01639999999999997,0.8324903888804545
-0.01635000000000009,0.8324903888804545
-0.0163000000000002,0.8324903888804545
-0.01624999999999988,0.8324903888804545
-0.01619999999999999,0.8324903888804545
-0.01615000000000011,0.8324903888804545
-0.01609999999999978,0.8324903888804545
-0.0160499999999999,0.8324903888804545
-0.01600000000000001,0.8324903888804545
-0.01595000000000013,0.8324903888804545
-0.0158999999999998,0.8324903888804545
-0.01584999999999992,0.8324903888804545
-0.01580000000000004,0.8324903888804545
-0.01575000000000015,0.8328262076058512
-0.01569999999999983,0.8324903888804545
-0.01564999999999994,0.8324903888804545
-0.01560000000000006,0.8324903888804545
-0.01555000000000017,0.8324903888804545
-0.01549999999999985,0.8324903888804545
-0.01544999999999996,0.8324903888804545
-0.01540000000000008,0.8324903888804545
-0.0153500000000002,0.8324903888804545
-0.01529999999999987,0.8324903888804545
-0.01524999999999999,0.8324903888804545
-0.0152000000000001,0.8324903888804545
-0.01515000000000022,0.8324903888804545
-0.01509999999999989,0.8324903888804545
-0.01505000000000001,0.8324903888804545
-0.01500000000000012,0.8324903888804545
-0.0149499999999998,0.8324903888804545
-0.01489999999999991,0.8324903888804545
-0.01485000000000003,0.8324903888804545
-0.01480000000000015,0.8324903888804545
-0.01474999999999982,0.8324903888804545
-0.01469999999999994,0.8324903888804545
-0.01465000000000005,0.8324903888804545
-0.01460000000000017,0.8324903888804545
-0.01454999999999984,0.8324903888804545
-0.01449999999999996,0.8324903888804545
-0.01445000000000007,0.8324903888804545
-0.01440000000000019,0.8324903888804545
-0.01434999999999986,0.8324903888804545
-0.01429999999999998,0.8324903888804545
-0.0142500000000001,0.8324903888804545
-0.01420000000000021,0.8324903888804545
-0.01414999999999988,0.8324903888804545
-0.0141,0.8328262076058512
-0.01405000000000012,0.8324903888804545
-0.01399999999999979,0.8324903888804545
-0.01394999999999991,0.8324903888804545
-0.01390000000000002,0.8324903888804545
-0.01385000000000014,0.8328262076058512
-0.01379999999999981,0.8328262076058512
-0.01374999999999993,0.8328262076058512
-0.01370000000000005,0.8324903888804545
-0.01365000000000016,0.8328262076058512
-0.01359999999999983,0.8324903888804545
-0.01354999999999995,0.8328262076058512
-0.01350000000000007,0.8328262076058512
-0.01345000000000018,0.8328262076058512
-0.01339999999999986,0.8328262076058512
-0.01334999999999997,0.8328262076058512
-0.01330000000000009,0.8328262076058512
-0.01325000000000021,0.8324903888804569
-0.01319999999999988,0.8324903888804545
-0.01315,0.8324903888804545
-0.01310000000000011,0.8328262076058512
-0.01304999999999978,0.8328262076058488
-0.0129999999999999,0.8324903888804545
-0.01295000000000002,0.8328262076058512
-0.01290000000000013,0.8328262076058512
-0.01284999999999981,0.8328262076058512
-0.01279999999999992,0.8328262076058512
-0.01275000000000004,0.8324903888804545
-0.01270000000000016,0.8328262076058512
-0.01264999999999983,0.8328262076058512
-0.01259999999999994,0.8328262076058512
-0.01255000000000006,0.8328262076058512
-0.01250000000000018,0.8328262076058512
-0.01244999999999985,0.8328262076058512
-0.01239999999999997,0.8328262076058512
-0.01235000000000008,0.8328262076058512
-0.0123000000000002,0.8331620263312456
-0.01224999999999987,0.8328262076058512
-0.01219999999999999,0.8328262076058512
-0.01215000000000011,0.8328262076058512
-0.01210000000000022,0.8328262076058512
-0.01204999999999989,0.8328262076058512
-0.01200000000000001,0.8328262076058512
-0.01195000000000013,0.8328262076058512
-0.0118999999999998,0.8328262076058512
-0.01184999999999992,0.8328262076058512
-0.01180000000000003,0.8328262076058512
-0.01175000000000015,0.8328262076058512
-0.01169999999999982,0.8328262076058512
-0.01164999999999994,0.8328262076058512
-0.01160000000000005,0.8328262076058512
-0.01155000000000017,0.8328262076058512
-0.01149999999999984,0.8328262076058512
-0.01144999999999996,0.8328262076058512
-0.01140000000000008,0.8328262076058512
-0.01135000000000019,0.8328262076058512
-0.01129999999999987,0.8328262076058512
-0.01124999999999998,0.8328262076058512
-0.0112000000000001,0.833162026331248
-0.01115000000000022,0.8328262076058537
-0.01109999999999989,0.833162026331248
-0.01105,0.833162026331248
-0.01100000000000012,0.833162026331248
-0.01094999999999979,0.8331620263312456
-0.01089999999999991,0.8328262076058512
-0.01085000000000003,0.8328262076058512
-0.01080000000000014,0.8328262076058512
-0.01074999999999982,0.8328262076058512
-0.01069999999999993,0.8328262076058512
-0.01065000000000005,0.8328262076058512
-0.01060000000000016,0.833162026331248
-0.01054999999999984,0.833162026331248
-0.01049999999999995,0.833162026331248
-0.01045000000000007,0.833162026331248
-0.01040000000000019,0.833162026331248
-0.01034999999999986,0.833162026331248
-0.01029999999999998,0.833162026331248
-0.01025000000000009,0.833162026331248
-0.01020000000000021,0.833162026331248
-0.01014999999999988,0.833162026331248
-0.0101,0.833162026331248
-0.01005000000000011,0.833162026331248
-0.009999999999999787,0.833162026331248
-0.009949999999999903,0.833162026331248
-0.00990000000000002,0.833162026331248
-0.009850000000000136,0.833162026331248
-0.009799999999999809,0.833162026331248
-0.009749999999999925,0.833162026331248
-0.009700000000000042,0.833162026331248
-0.009650000000000158,0.833162026331248
-0.009599999999999831,0.833162026331248
-0.009549999999999947,0.833162026331248
-0.009500000000000064,0.833162026331248
-0.00945000000000018,0.833162026331248
-0.009399999999999853,0.833162026331248
-0.009349999999999969,0.833162026331248
-0.009300000000000086,0.833162026331248
-0.009250000000000203,0.833162026331248
-0.009199999999999875,0.833162026331248
-0.009149999999999991,0.833162026331248
-0.009100000000000108,0.833162026331248
-0.00904999999999978,0.833162026331248
-0.008999999999999897,0.833162026331248
-0.008950000000000014,0.833162026331248
-0.00890000000000013,0.833162026331248
-0.008849999999999802,0.833162026331248
-0.008799999999999919,0.833162026331248
-0.008750000000000036,0.833162026331248
-0.008700000000000152,0.833162026331248
-0.008649999999999824,0.833162026331248
-0.008599999999999941,0.833162026331248
-0.008550000000000058,0.833162026331248
-0.008500000000000174,0.8328262076058512
-0.008449999999999847,0.8328262076058512
-0.008399999999999963,0.833162026331248
-0.00835000000000008,0.833162026331248
-0.008300000000000196,0.833162026331248
-0.008249999999999869,0.833162026331248
-0.008199999999999985,0.833162026331248
-0.008150000000000102,0.8334978450566448
-0.008100000000000218,0.8331620263312505
-0.008049999999999891,0.833162026331248
-0.008000000000000007,0.833162026331248
-0.007950000000000124,0.833162026331248
-0.007899999999999796,0.833162026331248
-0.007849999999999913,0.833162026331248
-0.007800000000000029,0.833162026331248
-0.007750000000000146,0.833162026331248
-0.007699999999999818,0.833162026331248
-0.007649999999999935,0.833162026331248
-0.007600000000000051,0.833162026331248
-0.007550000000000168,0.8334978450566448
-0.00749999999999984,0.8334978450566448
-0.007449999999999957,0.8334978450566448
-0.007400000000000073,0.8334978450566448
-0.00735000000000019,0.8334978450566448
-0.007299999999999862,0.833162026331248
-0.007249999999999979,0.833162026331248
-0.007200000000000095,0.833162026331248
-0.007150000000000212,0.833162026331248
-0.007099999999999884,0.8334978450566448
-0.007050000000000001,0.8334978450566448
-0.007000000000000117,0.8334978450566448
-0.00694999999999979,0.833162026331248
-0.006899999999999906,0.833162026331248
-0.006850000000000023,0.833162026331248
-0.006800000000000139,0.833162026331248
-0.006749999999999812,0.8328262076058512
-0.006699999999999928,0.8328262076058512
-0.006650000000000045,0.8328262076058512
-0.006600000000000161,0.8328262076058512
-0.006549999999999834,0.8328262076058512
-0.00649999999999995,0.8328262076058512
-0.006450000000000067,0.8328262076058512
-0.006400000000000183,0.8328262076058512
-0.006349999999999856,0.8328262076058512
-0.006299999999999972,0.8328262076058512
-0.006250000000000089,0.833162026331248
-0.006200000000000205,0.8328262076058537
-0.006149999999999878,0.8328262076058512
-0.006099999999999994,0.8328262076058512
-0.006050000000000111,0.8328262076058512
-0.005999999999999783,0.8328262076058512
-0.0059499999999999,0.8328262076058512
-0.005900000000000016,0.8328262076058512
-0.005850000000000133,0.8328262076058512
-0.005799999999999805,0.8328262076058512
-0.005749999999999922,0.8328262076058512
-0.005700000000000038,0.833162026331248
-0.005650000000000155,0.833162026331248
-0.005599999999999827,0.8328262076058512
-0.005549999999999944,0.8328262076058512
-0.00550000000000006,0.8328262076058512
-0.005450000000000177,0.8328262076058512
-0.005399999999999849,0.8328262076058512
-0.005349999999999966,0.8328262076058512
-0.005300000000000082,0.8328262076058512
-0.005250000000000199,0.8328262076058512
-0.005199999999999871,0.833162026331248
-0.005149999999999988,0.8328262076058512
-0.005100000000000104,0.833162026331248
-0.005050000000000221,0.8328262076058537
-0.004999999999999893,0.8328262076058512
-0.00495000000000001,0.8328262076058512
-0.004900000000000126,0.8328262076058512
-0.004849999999999799,0.8331620263312456
-0.004799999999999915,0.8328262076058512
-0.004750000000000032,0.8328262076058512
-0.004700000000000149,0.8328262076058512
-0.004649999999999821,0.8328262076058512
-0.004599999999999937,0.8328262076058512
-0.004550000000000054,0.8328262076058512
-0.004500000000000171,0.8328262076058512
-0.004449999999999843,0.833162026331248
-0.004399999999999959,0.833162026331248
-0.004350000000000076,0.8328262076058512
-0.004300000000000193,0.8328262076058512
-0.004249999999999865,0.8328262076058512
-0.004199999999999982,0.8328262076058512
-0.004150000000000098,0.8328262076058512
-0.004100000000000215,0.8328262076058512
-0.004049999999999887,0.8328262076058512
-0.004000000000000004,0.8328262076058512
-0.00395000000000012,0.833162026331248
-0.003899999999999793,0.8328262076058512
-0.003849999999999909,0.8328262076058512
-0.003800000000000026,0.8328262076058512
-0.003750000000000142,0.8328262076058512
-0.003699999999999815,0.8328262076058512
-0.003649999999999931,0.8328262076058512
-0.003600000000000048,0.8328262076058512
-0.003550000000000164,0.8328262076058512
-0.003499999999999837,0.8328262076058512
-0.003449999999999953,0.8328262076058512
-0.00340000000000007,0.8328262076058512
-0.003350000000000186,0.8328262076058512
-0.003299999999999859,0.833162026331248
-0.003249999999999975,0.8328262076058512
-0.003200000000000092,0.8328262076058512
-0.003150000000000208,0.8328262076058512
-0.003099999999999881,0.8328262076058512
-0.003049999999999997,0.8328262076058512
-0.003000000000000114,0.8328262076058512
-0.002949999999999786,0.8328262076058512
-0.002899999999999903,0.8328262076058512
-0.002850000000000019,0.8328262076058512
-0.002800000000000136,0.8328262076058512
-0.002749999999999808,0.8328262076058512
-0.002699999999999925,0.8328262076058512
-0.002650000000000041,0.8328262076058512
-0.002600000000000158,0.8328262076058512
-0.00254999999999983,0.833162026331248
-0.002499999999999947,0.8328262076058512
-0.002450000000000063,0.8328262076058512
-0.00240000000000018,0.833162026331248
-0.002349999999999852,0.833162026331248
-0.002299999999999969,0.8328262076058512
-0.002250000000000085,0.833162026331248
-0.002200000000000202,0.8328262076058537
-0.002149999999999874,0.8328262076058512
-0.002099999999999991,0.8328262076058512
-0.002050000000000107,0.833162026331248
-0.00199999999999978,0.833162026331248
-0.001949999999999896,0.833162026331248
-0.001900000000000013,0.833162026331248
-0.001850000000000129,0.833162026331248
-0.001799999999999802,0.8328262076058512
-0.001749999999999918,0.8328262076058512
-0.001700000000000035,0.8328262076058512
-0.001650000000000151,0.8328262076058512
-0.001599999999999824,0.8328262076058512
-0.00154999999999994,0.8328262076058512
-0.001500000000000057,0.8328262076058512
-0.001450000000000173,0.8328262076058512
-0.001399999999999846,0.8328262076058512
-0.001349999999999962,0.8328262076058512
-0.001300000000000079,0.8328262076058512
-0.001250000000000195,0.8331620263312456
-0.001199999999999868,0.833162026331248
-0.001149999999999984,0.833162026331248
-0.001100000000000101,0.8328262076058512
-0.001050000000000217,0.8328262076058512
-0.0009999999999998899,0.8328262076058512
-0.0009500000000000064,0.8328262076058512
-0.0009000000000001229,0.8328262076058512
-0.0008499999999997954,0.8328262076058512
-0.0007999999999999119,0.8328262076058512
-0.0007500000000000284,0.8328262076058512
-0.000700000000000145,0.8328262076058512
-0.0006499999999998174,0.8328262076058512
-0.0005999999999999339,0.8328262076058512
-0.0005500000000000504,0.8328262076058512
-0.000500000000000167,0.8328262076058512
-0.0004499999999998394,0.8324903888804545
-0.0003999999999999559,0.8328262076058512
-0.0003500000000000725,0.8328262076058512
-0.000300000000000189,0.8328262076058512
-0.0002499999999998614,0.8328262076058512
-0.000199999999999978,0.8328262076058512
-0.0001500000000000945,0.8328262076058512
-0.000100000000000211,0.8328262076058512
-4.999999999988347e-05,0.8328262076058512
0,0.8328262076058512
5.000000000010552e-05,0.8328262076058512
9.999999999998899e-05,0.8328262076058512
0.0001500000000000945,0.8328262076058512
0.000199999999999978,0.833162026331248
0.0002500000000000835,0.833162026331248
0.000299999999999967,0.8328262076058512
0.0003500000000000725,0.8328262076058512
0.0003999999999999559,0.8328262076058512
0.0004500000000000615,0.8328262076058512
0.0004999999999999449,0.8328262076058512
0.0005500000000000504,0.8328262076058512
0.0005999999999999339,0.833162026331248
0.0006500000000000394,0.8328262076058512
0.0006999999999999229,0.8328262076058512
0.0007500000000000284,0.8328262076058512
0.0007999999999999119,0.8328262076058512
0.0008500000000000174,0.8328262076058512
0.0008999999999999009,0.8328262076058512
0.0009500000000000064,0.8328262076058512
0.0009999999999998899,0.8328262076058512
0.001049999999999995,0.8328262076058512
0.001100000000000101,0.8328262076058512
0.001149999999999984,0.8328262076058512
0.00120000000000009,0.833162026331248
0.001249999999999973,0.833162026331248
0.001300000000000079,0.8328262076058512
0.001349999999999962,0.8328262076058512
0.001400000000000068,0.833162026331248
0.001449999999999951,0.8328262076058512
0.001500000000000057,0.8328262076058512
0.00154999999999994,0.8328262076058512
0.001600000000000046,0.8328262076058512
0.001649999999999929,0.8328262076058512
0.001700000000000035,0.8328262076058512
0.001749999999999918,0.8328262076058512
0.001800000000000024,0.8328262076058512
0.001849999999999907,0.8328262076058512
0.001900000000000013,0.8328262076058512
0.001949999999999896,0.8328262076058512
0.002000000000000002,0.8328262076058512
0.002050000000000107,0.8328262076058512
0.002099999999999991,0.8328262076058512
0.002150000000000096,0.8328262076058512
0.00219999999999998,0.8324903888804545
0.002250000000000085,0.8324903888804545
0.002299999999999969,0.8328262076058512
0.002350000000000074,0.8328262076058512
0.002399999999999958,0.8324903888804545
0.002450000000000063,0.8324903888804545
0.002499999999999947,0.8324903888804545
0.002550000000000052,0.8324903888804545
0.002599999999999936,0.8324903888804545
0.002650000000000041,0.8324903888804545
0.002699999999999925,0.8324903888804545
0.00275000000000003,0.8328262076058512
0.002799999999999914,0.8328262076058512
0.002850000000000019,0.8324903888804545
0.002899999999999903,0.8328262076058512
0.002950000000000008,0.8328262076058512
0.002999999999999892,0.8328262076058512
0.003049999999999997,0.8328262076058512
0.003100000000000103,0.8324903888804545
0.003149999999999986,0.8328262076058512
0.003200000000000092,0.8328262076058512
0.003249999999999975,0.8328262076058512
0.003300000000000081,0.8328262076058512
0.003349999999999964,0.8328262076058512
0.00340000000000007,0.8328262076058512
0.003449999999999953,0.8328262076058512
0.003500000000000059,0.8328262076058512
0.003549999999999942,0.8324903888804545
0.003600000000000048,0.8324903888804545
0.003649999999999931,0.8324903888804545
0.003700000000000037,0.8324903888804545
0.00374999999999992,0.8328262076058512
0.003800000000000026,0.8324903888804545
0.003849999999999909,0.8328262076058512
0.003900000000000015,0.8324903888804545
0.003949999999999898,0.8324903888804545
0.004000000000000004,0.8324903888804545
0.004050000000000109,0.8324903888804545
0.004099999999999993,0.8324903888804545
0.004150000000000098,0.8324903888804545
0.004199999999999982,0.8324903888804545
0.004250000000000087,0.8324903888804545
0.004299999999999971,0.8324903888804545
0.004350000000000076,0.8324903888804545
0.004399999999999959,0.8324903888804545
0.004450000000000065,0.8324903888804545
0.004499999999999948,0.8328262076058512
0.004550000000000054,0.8324903888804545
0.004599999999999937,0.8328262076058512
0.004650000000000043,0.8324903888804545
0.004699999999999926,0.8324903888804545
0.004750000000000032,0.8324903888804545
0.004799999999999915,0.8324903888804545
0.004850000000000021,0.8324903888804545
0.004899999999999904,0.8324903888804545
0.00495000000000001,0.8324903888804545
0.004999999999999893,0.8324903888804545
0.005049999999999999,0.8324903888804545
0.005100000000000104,0.8324903888804545
0.005149999999999988,0.8324903888804545
0.005200000000000093,0.8324903888804545
0.005249999999999977,0.8324903888804545
0.005300000000000082,0.8324903888804545
0.005349999999999966,0.8324903888804545
0.005400000000000071,0.8324903888804545
0.005449999999999955,0.8324903888804545
0.00550000000000006,0.8324903888804545
0.005549999999999944,0.8328262076058512
0.005600000000000049,0.8324903888804545
0.005649999999999933,0.8324903888804545
0.005700000000000038,0.8324903888804545
0.005749999999999922,0.8324903888804545
0.005800000000000027,0.8324903888804545
0.005849999999999911,0.8324903888804545
0.005900000000000016,0.8324903888804545
0.0059499999999999,0.8324903888804545
0.006000000000000005,0.8328262076058512
0.006050000000000111,0.8324903888804545
0.006099999999999994,0.8324903888804545
0.0061500000000001,0.8324903888804545
0.006199999999999983,0.8324903888804545
0.006250000000000089,0.8328262076058512
0.006299999999999972,0.8324903888804545
0.006350000000000078,0.8328262076058512
0.006399999999999961,0.8328262076058512
0.006450000000000067,0.8328262076058512
0.00649999999999995,0.8328262076058512
0.006550000000000056,0.8328262076058512
0.006599999999999939,0.8324903888804545
0.006650000000000045,0.8324903888804545
0.006699999999999928,0.8328262076058512
0.006750000000000034,0.8324903888804545
0.006799999999999917,0.8328262076058512
0.006850000000000023,0.8328262076058512
0.006899999999999906,0.8328262076058512
0.006950000000000012,0.8328262076058512
0.006999999999999895,0.8328262076058512
0.007050000000000001,0.8328262076058512
0.007100000000000106,0.8328262076058512
0.00714999999999999,0.8328262076058512
0.007200000000000095,0.8328262076058512
0.007249999999999979,0.8328262076058512
0.007300000000000084,0.8328262076058512
0.007349999999999968,0.8328262076058512
0.007400000000000073,0.8324903888804545
0.007449999999999957,0.8328262076058512
0.007500000000000062,0.8328262076058512
0.007549999999999946,0.8324903888804545
0.007600000000000051,0.8328262076058512
0.007649999999999935,0.8328262076058512
0.00770000000000004,0.8328262076058512
0.007749999999999924,0.8328262076058512
0.007800000000000029,0.8328262076058512
0.007849999999999913,0.8328262076058512
0.007900000000000018,0.8328262076058512
0.007949999999999902,0.8328262076058512
0.008000000000000007,0.8328262076058512
0.008049999999999891,0.8328262076058512
0.008099999999999996,0.8328262076058512
0.008150000000000102,0.8328262076058512
0.008199999999999985,0.8328262076058512
0.008250000000000091,0.8328262076058512
0.008299999999999974,0.8328262076058512
0.00835000000000008,0.8328262076058512
0.008399999999999963,0.8328262076058512
0.008450000000000069,0.8328262076058512
0.008499999999999952,0.8328262076058512
0.008550000000000058,0.8328262076058512
0.008599999999999941,0.8328262076058512
0.008650000000000047,0.8328262076058512
0.00869999999999993,0.833162026331248
0.008750000000000036,0.833162026331248
0.008799999999999919,0.833162026331248
0.008850000000000025,0.833162026331248
0.008899999999999908,0.833162026331248
0.008950000000000014,0.833162026331248
0.008999999999999897,0.833162026331248
0.009050000000000002,0.833162026331248
0.009100000000000108,0.833162026331248
0.009149999999999991,0.833162026331248
0.009200000000000097,0.833162026331248
0.00924999999999998,0.833162026331248
0.009300000000000086,0.833162026331248
0.009349999999999969,0.833162026331248
0.009400000000000075,0.833162026331248
0.009449999999999958,0.833162026331248
0.009500000000000064,0.833162026331248
0.009549999999999947,0.833162026331248
0.009600000000000053,0.833162026331248
0.009649999999999936,0.833162026331248
0.009700000000000042,0.8334978450566448
0.009749999999999925,0.8334978450566448
0.009800000000000031,0.8334978450566448
0.009849999999999914,0.833162026331248
0.00990000000000002,0.833162026331248
0.009949999999999903,0.833162026331248
0.01000000000000001,0.833162026331248
0.01004999999999989,0.833162026331248
0.0101,0.833162026331248
0.0101500000000001,0.833162026331248
0.01019999999999999,0.833162026331248
0.01025000000000009,0.8334978450566448
0.01029999999999998,0.833162026331248
0.01035000000000008,0.833162026331248
0.01039999999999996,0.8334978450566448
0.01045000000000007,0.833162026331248
0.01049999999999995,0.833162026331248
0.01055000000000006,0.833162026331248
0.01059999999999994,0.833162026331248
0.01065000000000005,0.833162026331248
0.01069999999999993,0.833162026331248
0.01075000000000004,0.833162026331248
0.01079999999999992,0.833162026331248
0.01085000000000003,0.833162026331248
0.01089999999999991,0.833162026331248
0.01095000000000002,0.833162026331248
0.0109999999999999,0.833162026331248
0.01105,0.833162026331248
0.01110000000000011,0.833162026331248
0.01114999999999999,0.833162026331248
0.0112000000000001,0.833162026331248
0.01124999999999998,0.833162026331248
0.01130000000000009,0.833162026331248
0.01134999999999997,0.833162026331248
0.01140000000000008,0.833162026331248
0.01144999999999996,0.833162026331248
0.01150000000000007,0.833162026331248
0.01154999999999995,0.833162026331248
0.01160000000000005,0.833162026331248
0.01164999999999994,0.833162026331248
0.01170000000000004,0.833162026331248
0.01174999999999993,0.833162026331248
0.01180000000000003,0.833162026331248
0.01184999999999992,0.833162026331248
0.01190000000000002,0.833162026331248
0.01194999999999991,0.833162026331248
0.01200000000000001,0.833162026331248
0.01204999999999989,0.833162026331248
0.0121,0.833162026331248
0.01215000000000011,0.833162026331248
0.01219999999999999,0.833162026331248
0.01225000000000009,0.833162026331248
0.01229999999999998,0.833162026331248
0.01235000000000008,0.833162026331248
0.01239999999999997,0.833162026331248
0.01245000000000007,0.833162026331248
0.01249999999999996,0.833162026331248
0.01255000000000006,0.8334978450566448
0.01259999999999994,0.8334978450566448
0.01265000000000005,0.8334978450566448
0.01269999999999993,0.8334978450566448
0.01275000000000004,0.8334978450566448
0.01279999999999992,0.8334978450566448
0.01285000000000003,0.833162026331248
0.01289999999999991,0.833162026331248
0.01295000000000002,0.8334978450566448
0.0129999999999999,0.8334978450566448
0.01305000000000001,0.8334978450566448
0.01309999999999989,0.8334978450566448
0.01315,0.8334978450566448
0.0132000000000001,0.833162026331248
0.01324999999999998,0.833162026331248
0.01330000000000009,0.833162026331248
0.01334999999999997,0.833162026331248
0.01340000000000008,0.833162026331248
0.01344999999999996,0.833162026331248
0.01350000000000007,0.833162026331248
0.01354999999999995,0.833162026331248
0.01360000000000006,0.833162026331248
0.01364999999999994,0.833162026331248
0.01370000000000005,0.833162026331248
0.01374999999999993,0.833162026331248
0.01380000000000003,0.833162026331248
0.01384999999999992,0.8328262076058512
0.01390000000000002,0.8328262076058512
0.01394999999999991,0.8328262076058512
0.01400000000000001,0.8328262076058512
0.0140499999999999,0.833162026331248
0.0141,0.833162026331248
0.01415000000000011,0.833162026331248
0.01419999999999999,0.8328262076058512
0.0142500000000001,0.8328262076058512
0.01429999999999998,0.8328262076058512
0.01435000000000008,0.8328262076058512
0.01439999999999997,0.8328262076058512
0.01445000000000007,0.833162026331248
0.01449999999999996,0.833162026331248
0.01455000000000006,0.8328262076058512
0.01459999999999995,0.833162026331248
0.01465000000000005,0.833162026331248
0.01469999999999994,0.8328262076058512
0.01475000000000004,0.8328262076058512
0.01479999999999992,0.833162026331248
0.01485000000000003,0.833162026331248
0.01489999999999991,0.8328262076058512
0.01495000000000002,0.833162026331248
0.0149999999999999,0.833162026331248
0.01505000000000001,0.833162026331248
0.01509999999999989,0.8328262076058512
0.01515,0.833162026331248
0.0152000000000001,0.833162026331248
0.01524999999999999,0.8328262076058512
0.01530000000000009,0.833162026331248
0.01534999999999997,0.8328262076058512
0.01540000000000008,0.8328262076058512
0.01544999999999996,0.8328262076058512
0.01550000000000007,0.8328262076058512
0.01554999999999995,0.8328262076058512
0.01560000000000006,0.8328262076058512
0.01564999999999994,0.8328262076058512
0.01570000000000005,0.8328262076058512
0.01574999999999993,0.8328262076058512
0.01580000000000004,0.8328262076058512
0.01584999999999992,0.8328262076058512
0.01590000000000003,0.8328262076058512
0.01594999999999991,0.8328262076058512
0.01600000000000001,0.8328262076058512
0.0160499999999999,0.8328262076058512
0.0161,0.8328262076058512
0.01615000000000011,0.8328262076058512
0.01619999999999999,0.8328262076058512
0.0162500000000001,0.8328262076058512
0.01629999999999998,0.8328262076058512
0.01635000000000009,0.8328262076058512
0.01639999999999997,0.8328262076058512
0.01645000000000008,0.8328262076058512
0.01649999999999996,0.8328262076058512
0.01655000000000006,0.8328262076058512
0.01659999999999995,0.833162026331248
0.01665000000000005,0.833162026331248
0.01669999999999994,0.833162026331248
0.01675000000000004,0.8328262076058512
0.01679999999999993,0.8328262076058512
0.01685000000000003,0.8328262076058512
0.01689999999999992,0.8328262076058512
0.01695000000000002,0.8328262076058512
0.0169999999999999,0.8328262076058512
0.01705000000000001,0.8328262076058512
0.01709999999999989,0.8328262076058512
0.01715,0.8328262076058512
0.0172000000000001,0.8328262076058512
0.01724999999999999,0.8328262076058512
0.01730000000000009,0.833162026331248
0.01734999999999998,0.8328262076058512
0.01740000000000008,0.833162026331248
0.01744999999999997,0.833162026331248
0.01750000000000007,0.8328262076058512
0.01754999999999995,0.833162026331248
0.01760000000000006,0.833162026331248
0.01764999999999994,0.833162026331248
0.01770000000000005,0.8328262076058512
0.01774999999999993,0.8328262076058512
0.01780000000000004,0.8328262076058512
0.01784999999999992,0.8328262076058512
0.01790000000000003,0.8328262076058512
0.01794999999999991,0.8328262076058512
0.01800000000000002,0.8328262076058512
0.0180499999999999,0.8328262076058512
0.0181,0.8328262076058512
0.01815000000000011,0.8328262076058512
0.01819999999999999,0.8328262076058512
0.0182500000000001,0.8328262076058512
0.01829999999999998,0.8328262076058512
0.01835000000000009,0.8328262076058512
0.01839999999999997,0.8328262076058512
0.01845000000000008,0.8328262076058512
0.01849999999999996,0.833162026331248
0.01855000000000007,0.8328262076058512
0.01859999999999995,0.8328262076058512
0.01865000000000006,0.8328262076058512
0.01869999999999994,0.8328262076058512
0.01875000000000004,0.8328262076058512
0.01879999999999993,0.8328262076058512
0.01885000000000003,0.8328262076058512
0.01889999999999992,0.8328262076058512
0.01895000000000002,0.8328262076058512
0.01899999999999991,0.8328262076058512
0.01905000000000001,0.8328262076058512
0.01909999999999989,0.8328262076058512
0.01915,0.8328262076058512
0.01920000000000011,0.8328262076058512
0.01924999999999999,0.8328262076058512
0.01930000000000009,0.8328262076058512
0.01934999999999998,0.8328262076058512
0.01940000000000008,0.8328262076058512
0.01944999999999997,0.8328262076058512
0.01950000000000007,0.8328262076058512
0.01954999999999996,0.8328262076058512
0.01960000000000006,0.8328262076058512
0.01964999999999995,0.8328262076058512
0.01970000000000005,0.8328262076058512
0.01974999999999993,0.8328262076058512
0.01980000000000004,0.8328262076058512
0.01984999999999992,0.8328262076058512
0.01990000000000003,0.8328262076058512
0.01994999999999991,0.8328262076058512
0.02000000000000002,0.8328262076058512
0.0200499999999999,0.833162026331248
0.02010000000000001,0.833162026331248
0.02014999999999989,0.833162026331248
0.0202,0.8328262076058512
0.0202500000000001,0.8328262076058512
0.02029999999999998,0.833162026331248
0.02035000000000009,0.8328262076058512
0.02039999999999997,0.833162026331248
0.02045000000000008,0.8328262076058512
0.02049999999999996,0.8328262076058512
0.02055000000000007,0.8328262076058512
0.02059999999999995,0.8328262076058512
0.02065000000000006,0.8328262076058512
0.02069999999999994,0.8328262076058512
0.02075000000000005,0.8328262076058512
0.02079999999999993,0.8328262076058512
0.02085000000000004,0.8328262076058512
0.02089999999999992,0.8328262076058512
0.02095000000000002,0.8328262076058512
0.02099999999999991,0.8328262076058512
0.02105000000000001,0.8328262076058512
0.0210999999999999,0.8328262076058512
0.02115,0.8328262076058512
0.02120000000000011,0.8328262076058512
0.02124999999999999,0.8328262076058512
0.0213000000000001,0.8328262076058512
0.02134999999999998,0.8328262076058512
0.02140000000000009,0.8328262076058512
0.02144999999999997,0.8328262076058512
0.02150000000000007,0.8328262076058512
0.02154999999999996,0.8328262076058512
0.02160000000000006,0.8328262076058512
0.02164999999999995,0.8328262076058512
0.02170000000000005,0.8328262076058512
0.02174999999999994,0.8328262076058512
0.02180000000000004,0.8328262076058512
0.02184999999999993,0.8328262076058512
0.02190000000000003,0.8328262076058512
0.02194999999999991,0.8328262076058512
0.02200000000000002,0.8328262076058512
0.0220499999999999,0.8328262076058512
0.02210000000000001,0.8328262076058512
0.02214999999999989,0.8328262076058512
0.0222,0.8324903888804545
0.0222500000000001,0.8324903888804545
0.02229999999999999,0.8324903888804545
0.02235000000000009,0.8324903888804545
0.02239999999999998,0.8324903888804545
0.02245000000000008,0.8324903888804545
0.02249999999999996,0.8324903888804545
0.02255000000000007,0.8324903888804545
0.02259999999999995,0.8328262076058512
0.02265000000000006,0.8324903888804545
0.02269999999999994,0.8324903888804545
0.02275000000000005,0.8324903888804545
0.02279999999999993,0.8324903888804545
0.02285000000000004,0.8328262076058512
0.02289999999999992,0.8324903888804545
0.02295000000000003,0.8324903888804545
0.02299999999999991,0.8328262076058512
0.02305000000000001,0.8328262076058512
0.0230999999999999,0.8324903888804545
0.02315,0.8328262076058512
0.02320000000000011,0.8328262076058512
0.02324999999999999,0.8328262076058512
0.0233000000000001,0.8324903888804545
0.02334999999999998,0.8324903888804545
0.02340000000000009,0.8328262076058512
0.02344999999999997,0.8328262076058512
0.02350000000000008,0.8328262076058512
0.02354999999999996,0.8324903888804545
0.02360000000000007,0.8324903888804545
0.02364999999999995,0.8324903888804545
0.02370000000000005,0.8324903888804545
0.02374999999999994,0.8324903888804545
0.02380000000000004,0.8328262076058512
0.02384999999999993,0.8324903888804545
0.02390000000000003,0.8324903888804545
0.02394999999999992,0.8324903888804545
0.02400000000000002,0.8324903888804545
0.0240499999999999,0.8324903888804545
0.02410000000000001,0.8324903888804545
0.02414999999999989,0.8324903888804545
0.0242,0.8324903888804545
0.0242500000000001,0.8324903888804545
0.02429999999999999,0.8324903888804545
0.02435000000000009,0.8324903888804545
0.02439999999999998,0.8324903888804545
0.02445000000000008,0.8324903888804545
0.02449999999999997,0.8324903888804545
0.02455000000000007,0.8324903888804545
0.02459999999999996,0.8328262076058512
0.02465000000000006,0.8328262076058512
0.02469999999999994,0.8324903888804545
0.02475000000000005,0.8324903888804545
0.02479999999999993,0.8328262076058512
0.02485000000000004,0.8324903888804545
0.02489999999999992,0.8324903888804545
0.02495000000000003,0.8324903888804545
0.02499999999999991,0.8324903888804545
0.02505000000000002,0.8324903888804545
0.0250999999999999,0.8324903888804545
0.02515000000000001,0.8324903888804545
0.02519999999999989,0.8324903888804545
0.02524999999999999,0.8328262076058512
0.0253000000000001,0.8328262076058512
0.02534999999999998,0.8324903888804545
0.02540000000000009,0.8328262076058512
0.02544999999999997,0.8324903888804545
0.02550000000000008,0.8324903888804545
0.02554999999999996,0.8324903888804545
0.02560000000000007,0.8324903888804545
0.02564999999999995,0.8324903888804545
0.02570000000000006,0.8324903888804545
0.02574999999999994,0.8324903888804545
0.02580000000000005,0.8324903888804545
0.02584999999999993,0.8324903888804545
0.02590000000000003,0.8324903888804545
0.02594999999999992,0.8324903888804545
0.02600000000000002,0.8324903888804545
0.02604999999999991,0.8328262076058512
0.02610000000000001,0.8328262076058512
0.0261499999999999,0.8324903888804545
0.0262,0.8328262076058512
0.02625000000000011,0.8328262076058512
0.02629999999999999,0.8324903888804545
0.0263500000000001,0.8328262076058512
0.02639999999999998,0.8328262076058512
0.02645000000000008,0.8328262076058512
0.02649999999999997,0.8328262076058512
0.02655000000000007,0.8324903888804545
0.02659999999999996,0.8324903888804545
0.02665000000000006,0.8328262076058512
0.02669999999999995,0.8328262076058512
0.02675000000000005,0.8328262076058512
0.02679999999999993,0.8328262076058512
0.02685000000000004,0.8328262076058512
0.02689999999999992,0.8324903888804545
0.02695000000000003,0.8324903888804545
0.02699999999999991,0.8328262076058512
0.02705000000000002,0.8328262076058512
0.0270999999999999,0.8328262076058512
0.02715000000000001,0.8328262076058512
0.02719999999999989,0.8328262076058512
0.02725,0.8328262076058512
0.0273000000000001,0.8328262076058512
0.02734999999999999,0.8328262076058512
0.02740000000000009,0.8328262076058512
0.02744999999999997,0.8328262076058512
0.02750000000000008,0.8328262076058512
0.02754999999999996,0.8328262076058512
0.02760000000000007,0.8328262076058512
0.02764999999999995,0.8328262076058512
0.02770000000000006,0.8328262076058512
0.02774999999999994,0.8328262076058512
0.02780000000000005,0.8328262076058512
0.02784999999999993,0.8328262076058512
0.02790000000000004,0.8324903888804545
0.02794999999999992,0.8328262076058512
0.02800000000000002,0.8328262076058512
0.02804999999999991,0.8328262076058512
0.02810000000000001,0.8328262076058512
0.0281499999999999,0.8328262076058512
0.0282,0.8328262076058512
0.02825000000000011,0.8328262076058512
0.02829999999999999,0.8328262076058512
0.0283500000000001,0.8328262076058512
0.02839999999999998,0.8328262076058512
0.02845000000000009,0.8328262076058512
0.02849999999999997,0.8328262076058512
0.02855000000000008,0.8328262076058512
0.02859999999999996,0.833162026331248
0.02865000000000006,0.833162026331248
0.02869999999999995,0.833162026331248
0.02875000000000005,0.833162026331248
0.02879999999999994,0.833162026331248
0.02885000000000004,0.833162026331248
0.02889999999999993,0.833162026331248
0.02895000000000003,0.833162026331248
0.02899999999999991,0.833162026331248
0.02905000000000002,0.833162026331248
0.0290999999999999,0.833162026331248
0.02915000000000001,0.833162026331248
0.02919999999999989,0.833162026331248
0.02925,0.833162026331248
0.0293000000000001,0.833162026331248
0.02934999999999999,0.833162026331248
0.02940000000000009,0.833162026331248
0.02944999999999998,0.833162026331248
0.02950000000000008,0.833162026331248
0.02954999999999997,0.833162026331248
0.02960000000000007,0.833162026331248
0.02964999999999995,0.833162026331248
0.02970000000000006,0.833162026331248
0.02974999999999994,0.833162026331248
0.02980000000000005,0.833162026331248
0.02984999999999993,0.833162026331248
0.02990000000000004,0.833162026331248
0.02994999999999992,0.833162026331248
0.03000000000000003,0.833162026331248
0.03004999999999991,0.833162026331248
0.03010000000000002,0.833162026331248
0.0301499999999999,0.833162026331248
0.0302,0.833162026331248
0.03025000000000011,0.833162026331248
0.03029999999999999,0.833162026331248
0.0303500000000001,0.833162026331248
0.03039999999999998,0.833162026331248
0.03045000000000009,0.833162026331248
0.03049999999999997,0.833162026331248
0.03055000000000008,0.833162026331248
0.03059999999999996,0.833162026331248
0.03065000000000007,0.833162026331248
0.03069999999999995,0.833162026331248
0.03075000000000006,0.833162026331248
0.03079999999999994,0.833162026331248
0.03085000000000004,0.833162026331248
0.03089999999999993,0.833162026331248
0.03095000000000003,0.833162026331248
0.03099999999999992,0.833162026331248
0.03105000000000002,0.833162026331248
0.03109999999999991,0.833162026331248
0.03115000000000001,0.833162026331248
0.03119999999999989,0.833162026331248
0.03125,0.833162026331248
0.03130000000000011,0.833162026331248
0.03134999999999999,0.833162026331248
0.03140000000000009,0.833162026331248
0.03144999999999998,0.833162026331248
0.03150000000000008,0.8334978450566448
0.03154999999999997,0.833162026331248
0.03160000000000007,0.833162026331248
0.03164999999999996,0.833162026331248
0.03170000000000006,0.833162026331248
0.03174999999999994,0.833162026331248
0.03180000000000005,0.833162026331248
0.03184999999999993,0.833162026331248
0.03190000000000004,0.833162026331248
0.03194999999999992,0.833162026331248
0.03200000000000003,0.833162026331248
0.03204999999999991,0.833162026331248
0.03210000000000002,0.833162026331248
0.0321499999999999,0.8334978450566448
0.03220000000000001,0.833162026331248
0.03224999999999989,0.833162026331248
0.0323,0.8334978450566448
0.0323500000000001,0.8334978450566448
0.03239999999999998,0.8334978450566448
0.03245000000000009,0.8334978450566448
0.03249999999999997,0.8334978450566448
0.03255000000000008,0.8334978450566448
0.03259999999999996,0.833162026331248
0.03265000000000007,0.8334978450566448
0.03269999999999995,0.8334978450566448
0.03275000000000006,0.8334978450566448
0.03279999999999994,0.8334978450566448
0.03285000000000005,0.833162026331248
0.03289999999999993,0.833162026331248
0.03295000000000003,0.833162026331248
0.03299999999999992,0.833162026331248
0.03305000000000002,0.8334978450566448
0.03309999999999991,0.833162026331248
0.03315000000000001,0.8334978450566448
0.0331999999999999,0.833162026331248
0.03325,0.833162026331248
0.03330000000000011,0.833162026331248
0.03334999999999999,0.833162026331248
0.0334000000000001,0.833162026331248
0.03344999999999998,0.8328262076058512
0.03350000000000009,0.8328262076058512
0.03354999999999997,0.8328262076058512
0.03360000000000007,0.8328262076058512
0.03364999999999996,0.833162026331248
0.03370000000000006,0.833162026331248
0.03374999999999995,0.833162026331248
0.03380000000000005,0.833162026331248
0.03384999999999994,0.833162026331248
0.03390000000000004,0.833162026331248
0.03394999999999992,0.833162026331248
0.03400000000000003,0.8328262076058512
0.03404999999999991,0.8328262076058512
0.03410000000000002,0.8328262076058512
0.0341499999999999,0.8328262076058512
0.03420000000000001,0.8328262076058512
0.03424999999999989,0.8328262076058512
0.0343,0.833162026331248
0.0343500000000001,0.8328262076058512
0.03439999999999999,0.8328262076058512
0.03445000000000009,0.8328262076058512
0.03449999999999998,0.8328262076058512
0.03455000000000008,0.8328262076058512
0.03459999999999996,0.8328262076058512
0.03465000000000007,0.8328262076058512
0.03469999999999995,0.8328262076058512
0.03475000000000006,0.8328262076058512
0.03479999999999994,0.8328262076058512
0.03485000000000005,0.8328262076058512
0.03489999999999993,0.8328262076058512
0.03495000000000004,0.8328262076058512
0.03499999999999992,0.833162026331248
0.03505000000000003,0.833162026331248
0.03509999999999991,0.833162026331248
0.03515000000000001,0.833162026331248
0.0351999999999999,0.833162026331248
0.03525,0.833162026331248
0.03530000000000011,0.833162026331248
0.03534999999999999,0.8328262076058512
0.0354000000000001,0.833162026331248
0.03544999999999998,0.8328262076058512
0.03550000000000009,0.8328262076058512
0.03554999999999997,0.8328262076058512
0.03560000000000008,0.833162026331248
0.03564999999999996,0.833162026331248
0.03570000000000007,0.833162026331248
0.03574999999999995,0.8328262076058512
0.03580000000000005,0.833162026331248
0.03584999999999994,0.833162026331248
0.03590000000000004,0.833162026331248
0.03594999999999993,0.833162026331248
0.03600000000000003,0.8328262076058512
0.03604999999999992,0.833162026331248
0.03610000000000002,0.833162026331248
0.0361499999999999,0.8328262076058512
0.03620000000000001,0.833162026331248
0.03624999999999989,0.8328262076058512
0.0363,0.833162026331248
0.0363500000000001,0.8328262076058512
0.03639999999999999,0.8328262076058512
0.03645000000000009,0.8328262076058512
0.03649999999999998,0.833162026331248
0.03655000000000008,0.8328262076058512
0.03659999999999997,0.8328262076058512
0.03665000000000007,0.8328262076058512
0.03669999999999995,0.8328262076058512
0.03675000000000006,0.8328262076058512
0.03679999999999994,0.8328262076058512
0.03685000000000005,0.8328262076058512
0.03689999999999993,0.8328262076058512
0.03695000000000004,0.8328262076058512
0.03699999999999992,0.8328262076058512
0.03705000000000003,0.8328262076058512
0.03709999999999991,0.8328262076058512
0.03715000000000002,0.8328262076058512
0.0371999999999999,0.8328262076058512
0.03725000000000001,0.8328262076058512
0.03730000000000011,0.8328262076058512
0.03734999999999999,0.833162026331248
0.0374000000000001,0.8328262076058512
0.03744999999999998,0.833162026331248
0.03750000000000009,0.8328262076058512
0.03754999999999997,0.8328262076058512
0.03760000000000008,0.833162026331248
0.03764999999999996,0.833162026331248
0.03770000000000007,0.833162026331248
0.03774999999999995,0.8328262076058512
0.03780000000000006,0.8328262076058512
0.03784999999999994,0.8328262076058512
0.03790000000000004,0.8328262076058512
0.03794999999999993,0.8328262076058512
0.03800000000000003,0.8328262076058512
0.03804999999999992,0.833162026331248
0.03810000000000002,0.833162026331248
0.03814999999999991,0.8328262076058512
0.03820000000000001,0.833162026331248
0.0382499999999999,0.833162026331248
0.0383,0.8328262076058512
0.03835000000000011,0.8328262076058512
0.03839999999999999,0.833162026331248
0.0384500000000001,0.8328262076058512
0.03849999999999998,0.8328262076058512
0.03855000000000008,0.8328262076058512
0.03859999999999997,0.8328262076058512
0.03865000000000007,0.8328262076058512
0.03869999999999996,0.8328262076058512
0.03875000000000006,0.8328262076058512
0.03879999999999995,0.8328262076058512
0.03885000000000005,0.8328262076058512
0.03889999999999993,0.8328262076058512
0.03895000000000004,0.8328262076058512
0.03899999999999992,0.8328262076058512
0.03905000000000003,0.8328262076058512
0.03909999999999991,0.8328262076058512
0.03915000000000002,0.8328262076058512
0.0391999999999999,0.8328262076058512
0.03925000000000001,0.8328262076058512
0.03929999999999989,0.8328262076058512
0.03935,0.8328262076058512
0.0394000000000001,0.8328262076058512
0.03944999999999999,0.8328262076058512
0.03950000000000009,0.8328262076058512
0.03954999999999997,0.8328262076058512
0.03960000000000008,0.8328262076058512
0.03964999999999996,0.8328262076058512
0.03970000000000007,0.8328262076058512
0.03974999999999995,0.8328262076058512
0.03980000000000006,0.8328262076058512
0.03984999999999994,0.8328262076058512
0.03990000000000005,0.8328262076058512
0.03994999999999993,0.8328262076058512
0.04000000000000004,0.8328262076058512
0.04004999999999992,0.833162026331248
0.04010000000000002,0.8328262076058512
0.04014999999999991,0.8328262076058512
0.04020000000000001,0.8328262076058512
0.0402499999999999,0.8328262076058512
0.0403,0.8328262076058512
0.04035000000000011,0.8328262076058512
0.04039999999999999,0.8328262076058512
0.0404500000000001,0.8328262076058512
0.04049999999999998,0.8328262076058512
0.04055000000000009,0.8328262076058512
0.04059999999999997,0.8328262076058512
0.04065000000000007,0.833162026331248
0.04069999999999996,0.833162026331248
0.04075000000000006,0.8328262076058512
0.04079999999999995,0.8328262076058512
0.04085000000000005,0.8328262076058512
0.04089999999999994,0.8328262076058512
0.04095000000000004,0.8328262076058512
0.04099999999999993,0.833162026331248
0.04105000000000003,0.8328262076058512
0.04109999999999991,0.8328262076058512
0.04115000000000002,0.8328262076058512
0.0411999999999999,0.833162026331248
0.04125000000000001,0.8328262076058512
0.04129999999999989,0.8328262076058512
0.04135,0.8328262076058512
0.0414000000000001,0.8328262076058512
0.04144999999999999,0.8328262076058512
0.04150000000000009,0.8328262076058512
0.04154999999999998,0.8328262076058512
0.04160000000000008,0.8328262076058512
0.04164999999999996,0.8328262076058512
0.04170000000000007,0.8328262076058512
0.04174999999999995,0.8328262076058512
0.04180000000000006,0.8328262076058512
0.04184999999999994,0.8328262076058512
0.04190000000000005,0.8328262076058512
0.04194999999999993,0.8324903888804545
0.04200000000000004,0.8328262076058512
0.04204999999999992,0.8328262076058512
0.04210000000000003,0.8324903888804545
0.04214999999999991,0.8324903888804545
0.04220000000000002,0.8324903888804545
0.0422499999999999,0.8324903888804545
0.0423,0.8328262076058512
0.04235000000000011,0.8328262076058512
0.04239999999999999,0.8328262076058512
0.0424500000000001,0.8328262076058512
0.04249999999999998,0.8324903888804545
0.04255000000000009,0.8324903888804545
0.04259999999999997,0.8324903888804545
0.04265000000000008,0.8324903888804545
0.04269999999999996,0.8324903888804545
0.04275000000000007,0.8324903888804545
0.04279999999999995,0.8324903888804545
0.04285000000000005,0.8324903888804545
0.04289999999999994,0.8324903888804545
0.04295000000000004,0.8324903888804545
0.04299999999999993,0.8324903888804545
0.04305000000000003,0.8324903888804545
0.04309999999999992,0.8324903888804545
0.04315000000000002,0.8324903888804545
0.04319999999999991,0.8324903888804545
0.04325000000000001,0.8324903888804545
0.04329999999999989,0.8324903888804545
0.04335,0.8324903888804545
0.04340000000000011,0.8324903888804545
0.04344999999999999,0.8324903888804545
0.04350000000000009,0.8324903888804545
0.04354999999999998,0.8324903888804545
0.04360000000000008,0.8324903888804545
0.04364999999999997,0.8324903888804545
0.04370000000000007,0.8324903888804545
0.04374999999999996,0.8324903888804545
0.04380000000000006,0.8324903888804545
0.04384999999999994,0.8324903888804545
0.04390000000000005,0.8324903888804545
0.04394999999999993,0.8324903888804545
0.04400000000000004,0.8324903888804545
0.04404999999999992,0.8324903888804545
0.04410000000000003,0.8324903888804545
0.04414999999999991,0.8324903888804545
0.04420000000000002,0.8324903888804545
0.0442499999999999,0.8328262076058512
0.04430000000000001,0.8324903888804545
0.04434999999999989,0.8324903888804545
0.0444,0.8324903888804545
0.0444500000000001,0.8324903888804545
0.04449999999999998,0.8324903888804545
0.04455000000000009,0.8324903888804545
0.04459999999999997,0.8324903888804545
0.04465000000000008,0.8324903888804545
0.04469999999999996,0.8324903888804545
0.04475000000000007,0.8324903888804545
0.04479999999999995,0.8324903888804545
0.04485000000000006,0.8324903888804545
0.04489999999999994,0.8324903888804545
0.04495000000000005,0.8324903888804545
0.04499999999999993,0.8321545701550577
0.04505000000000003,0.8324903888804545
0.04509999999999992,0.8324903888804545
0.04515000000000002,0.8324903888804545
0.04519999999999991,0.8324903888804545
0.04525000000000001,0.8324903888804545
0.0452999999999999,0.8324903888804545
0.04535,0.8324903888804545
0.04540000000000011,0.8324903888804545
0.04544999999999999,0.8324903888804545
0.0455000000000001,0.8324903888804545
0.04554999999999998,0.8324903888804545
0.04560000000000008,0.8324903888804545
0.04564999999999997,0.8324903888804545
0.04570000000000007,0.8324903888804545
0.04574999999999996,0.8324903888804545
0.04580000000000006,0.8324903888804545
0.04584999999999995,0.8324903888804545
0.04590000000000005,0.8324903888804545
0.04594999999999994,0.8324903888804545
0.04600000000000004,0.8328262076058512
0.04604999999999992,0.8328262076058512
0.04610000000000003,0.8328262076058512
0.04614999999999991,0.8328262076058512
0.04620000000000002,0.8328262076058512
0.0462499999999999,0.8324903888804545
0.04630000000000001,0.8324903888804545
0.04634999999999989,0.8328262076058512
0.0464,0.8328262076058512
0.0464500000000001,0.8328262076058512
0.04649999999999999,0.8328262076058512
0.04655000000000009,0.8324903888804545
0.04659999999999997,0.8328262076058512
0.04665000000000008,0.8328262076058512
0.04669999999999996,0.8328262076058512
0.04675000000000007,0.8324903888804545
0.04679999999999995,0.8328262076058512
0.04685000000000006,0.8328262076058512
0.04689999999999994,0.8328262076058512
0.04695000000000005,0.8328262076058512
0.04699999999999993,0.8328262076058512
0.04705000000000004,0.8328262076058512
0.04709999999999992,0.8328262076058512
0.04715000000000003,0.8328262076058512
0.04719999999999991,0.8328262076058512
0.04725000000000001,0.8328262076058512
0.0472999999999999,0.8328262076058512
0.04735,0.8328262076058512
0.04740000000000011,0.8328262076058512
0.04744999999999999,0.8328262076058512
0.0475000000000001,0.8328262076058512
0.04754999999999998,0.8328262076058512
0.04760000000000009,0.8328262076058512
0.04764999999999997,0.8328262076058512
0.04770000000000008,0.8328262076058512
0.04774999999999996,0.8328262076058512
0.04780000000000006,0.8328262076058512
0.04784999999999995,0.8328262076058512
0.04790000000000005,0.8328262076058512
0.04794999999999994,0.8328262076058512
0.04800000000000004,0.8328262076058512
0.04804999999999993,0.8328262076058512
0.04810000000000003,0.8328262076058512
0.04814999999999992,0.8328262076058512
0.04820000000000002,0.8328262076058512
0.0482499999999999,0.8328262076058512
0.04830000000000001,0.8328262076058512
0.04834999999999989,0.833162026331248
0.0484,0.8328262076058512
0.0484500000000001,0.8328262076058512
0.04849999999999999,0.8328262076058512
0.04855000000000009,0.8328262076058512
0.04859999999999998,0.8328262076058512
0.04865000000000008,0.833162026331248
0.04869999999999997,0.833162026331248
0.04875000000000007,0.833162026331248
0.04879999999999995,0.8328262076058512
0.04885000000000006,0.8328262076058512
0.04889999999999994,0.833162026331248
0.04895000000000005,0.833162026331248
0.04899999999999993,0.833162026331248
0.04905000000000004,0.833162026331248
0.04909999999999992,0.833162026331248
0.04915000000000003,0.833162026331248
0.04919999999999991,0.833162026331248
0.04925000000000002,0.833162026331248
0.0492999999999999,0.833162026331248
0.04935,0.8328262076058512
0.04940000000000011,0.833162026331248
0.04944999999999999,0.833162026331248
0.0495000000000001,0.833162026331248
0.04954999999999998,0.833162026331248
0.04960000000000009,0.833162026331248
0.04964999999999997,0.833162026331248
0.04970000000000008,0.833162026331248
0.04974999999999996,0.833162026331248
0.04980000000000007,0.833162026331248
0.04984999999999995,0.833162026331248
0.04990000000000006,0.833162026331248
0.04994999999999994,0.833162026331248
0.05000000000000004,0.833162026331248
0.05004999999999993,0.833162026331248
0.05010000000000003,0.833162026331248
0.05014999999999992,0.833162026331248
0.05020000000000002,0.833162026331248
0.05024999999999991,0.833162026331248
0.05030000000000001,0.833162026331248
0.05034999999999989,0.833162026331248
0.0504,0.833162026331248
0.05045000000000011,0.833162026331248
0.05049999999999999,0.833162026331248
0.05055000000000009,0.833162026331248
0.05059999999999998,0.833162026331248
0.05065000000000008,0.833162026331248
0.05069999999999997,0.833162026331248
0.05075000000000007,0.833162026331248
0.05079999999999996,0.833162026331248
0.05085000000000006,0.833162026331248
0.05089999999999995,0.833162026331248
0.05095000000000005,0.833162026331248
0.05099999999999993,0.833162026331248
0.05105000000000004,0.8328262076058512
0.05109999999999992,0.8328262076058512
0.05115000000000003,0.8328262076058512
0.05119999999999991,0.8328262076058512
0.05125000000000002,0.8328262076058512
0.0512999999999999,0.8328262076058512
0.05135000000000001,0.833162026331248
0.05139999999999989,0.833162026331248
0.05145,0.833162026331248
0.0515000000000001,0.8328262076058512
0.05154999999999998,0.8328262076058512
0.05160000000000009,0.833162026331248
0.05164999999999997,0.833162026331248
0.05170000000000008,0.833162026331248
0.05174999999999996,0.833162026331248
0.05180000000000007,0.833162026331248
0.05184999999999995,0.833162026331248
0.05190000000000006,0.833162026331248
0.05194999999999994,0.833162026331248
0.05200000000000005,0.8334978450566448
0.05204999999999993,0.833162026331248
0.05210000000000004,0.833162026331248
0.05214999999999992,0.833162026331248
0.05220000000000002,0.8334978450566448
0.05224999999999991,0.8334978450566448
0.05230000000000001,0.833162026331248
0.0523499999999999,0.8334978450566448
0.0524,0.833162026331248
0.05245000000000011,0.833162026331248
0.05249999999999999,0.833162026331248
0.0525500000000001,0.8334978450566448
0.05259999999999998,0.8334978450566448
0.05265000000000009,0.833162026331248
0.05269999999999997,0.833162026331248
0.05275000000000007,0.833162026331248
0.05279999999999996,0.833162026331248
0.05285000000000006,0.833162026331248
0.05289999999999995,0.833162026331248
0.05295000000000005,0.833162026331248
0.05299999999999994,0.833162026331248
0.05305000000000004,0.833162026331248
0.05309999999999993,0.833162026331248
0.05315000000000003,0.833162026331248
0.05319999999999991,0.833162026331248
0.05325000000000002,0.833162026331248
0.0532999999999999,0.833162026331248
0.05335000000000001,0.8328262076058512
0.05339999999999989,0.833162026331248
0.05345,0.833162026331248
0.0535000000000001,0.833162026331248
0.05354999999999999,0.833162026331248
0.05360000000000009,0.833162026331248
0.05364999999999998,0.833162026331248
0.05370000000000008,0.833162026331248
0.05374999999999996,0.833162026331248
0.05380000000000007,0.833162026331248
0.05384999999999995,0.833162026331248
0.05390000000000006,0.833162026331248
0.05394999999999994,0.833162026331248
0.05400000000000005,0.833162026331248
0.05404999999999993,0.833162026331248
0.05410000000000004,0.833162026331248
0.05414999999999992,0.8328262076058512
0.05420000000000003,0.8328262076058512
0.05424999999999991,0.8328262076058512
0.05430000000000001,0.833162026331248
0.0543499999999999,0.8328262076058512
0.0544,0.833162026331248
0.05445000000000011,0.833162026331248
0.05449999999999999,0.8328262076058512
0.0545500000000001,0.833162026331248
0.05459999999999998,0.8328262076058512
0.05465000000000009,0.8328262076058512
0.05469999999999997,0.8328262076058512
0.05475000000000008,0.8328262076058512
0.05479999999999996,0.8328262076058512
0.05485000000000007,0.833162026331248
0.05489999999999995,0.833162026331248
0.05495000000000005,0.833162026331248
0.05499999999999994,0.833162026331248
0.05505000000000004,0.8328262076058512
0.05509999999999993,0.833162026331248
0.05515000000000003,0.8328262076058512
0.05519999999999992,0.8328262076058512
0.05525000000000002,0.8328262076058512
0.0552999999999999,0.8328262076058512
0.05535000000000001,0.8328262076058512
0.05539999999999989,0.8328262076058512
0.05545,0.8328262076058512
0.0555000000000001,0.8328262076058512
0.05554999999999999,0.8328262076058512
0.05560000000000009,0.8328262076058512
0.05564999999999998,0.833162026331248
0.05570000000000008,0.8328262076058512
0.05574999999999997,0.833162026331248
0.05580000000000007,0.833162026331248
0.05584999999999996,0.833162026331248
0.05590000000000006,0.833162026331248
0.05594999999999994,0.833162026331248
0.05600000000000005,0.833162026331248
0.05604999999999993,0.833162026331248
0.05610000000000004,0.833162026331248
0.05614999999999992,0.833162026331248
0.05620000000000003,0.8328262076058512
0.05624999999999991,0.833162026331248
0.05630000000000002,0.8328262076058512
0.0563499999999999,0.8328262076058512
0.05640000000000001,0.8328262076058512
0.05644999999999989,0.8328262076058512
0.05649999999999999,0.833162026331248
0.0565500000000001,0.833162026331248
0.05659999999999998,0.833162026331248
0.05665000000000009,0.8328262076058512
0.05669999999999997,0.833162026331248
0.05675000000000008,0.833162026331248
0.05679999999999996,0.8328262076058512
0.05685000000000007,0.8328262076058512
0.05689999999999995,0.833162026331248
0.05695000000000006,0.8328262076058512
0.05699999999999994,0.833162026331248
0.05705000000000005,0.833162026331248
0.05709999999999993,0.833162026331248
0.05715000000000003,0.833162026331248
0.05719999999999992,0.833162026331248
0.05725000000000002,0.8328262076058512
0.05729999999999991,0.833162026331248
0.05735000000000001,0.8328262076058512
0.0573999999999999,0.8328262076058512
0.05745,0.833162026331248
0.05750000000000011,0.8328262076058512
0.05754999999999999,0.8328262076058512
0.0576000000000001,0.8328262076058512
0.05764999999999998,0.833162026331248
0.05770000000000008,0.833162026331248
0.05774999999999997,0.8328262076058512
0.05780000000000007,0.8328262076058512
0.05784999999999996,0.833162026331248
0.05790000000000006,0.8328262076058512
0.05794999999999995,0.8328262076058512
0.05800000000000005,0.8328262076058512
0.05804999999999993,0.833162026331248
0.05810000000000004,0.8328262076058512
0.05814999999999992,0.833162026331248
0.05820000000000003,0.8328262076058512
0.05824999999999991,0.833162026331248
0.05830000000000002,0.8328262076058512
0.0583499999999999,0.8328262076058512
0.05840000000000001,0.8328262076058512
0.05844999999999989,0.8328262076058512
0.0585,0.833162026331248
0.0585500000000001,0.8328262076058512
0.05859999999999999,0.8328262076058512
0.05865000000000009,0.8328262076058512
0.05869999999999997,0.8328262076058512
0.05875000000000008,0.8328262076058512
0.05879999999999996,0.833162026331248
0.05885000000000007,0.8328262076058512
0.05889999999999995,0.8328262076058512
0.05895000000000006,0.833162026331248
0.05899999999999994,0.833162026331248
0.05905000000000005,0.833162026331248
0.05909999999999993,0.833162026331248
0.05915000000000004,0.8328262076058512
0.05919999999999992,0.833162026331248
0.05925000000000002,0.833162026331248
0.05929999999999991,0.833162026331248
0.05935000000000001,0.833162026331248
0.0593999999999999,0.8328262076058512
0.05945,0.833162026331248
0.05950000000000011,0.8328262076058512
0.05954999999999999,0.8328262076058512
0.0596000000000001,0.8328262076058512
0.05964999999999998,0.8328262076058512
0.05970000000000009,0.8328262076058512
0.05974999999999997,0.833162026331248
0.05980000000000008,0.8328262076058512
0.05984999999999996,0.833162026331248
0.05990000000000006,0.8328262076058512
0.05994999999999995,0.8328262076058512
0.06000000000000005,0.833162026331248
0.06004999999999994,0.833162026331248
0.06010000000000004,0.833162026331248
0.06014999999999993,0.833162026331248
0.06020000000000003,0.8328262076058512
0.06024999999999991,0.8328262076058512
0.06030000000000002,0.8328262076058512
0.0603499999999999,0.8328262076058512
0.06040000000000001,0.8328262076058512
0.06044999999999989,0.8328262076058512
0.0605,0.833162026331248
0.0605500000000001,0.833162026331248
0.06059999999999999,0.833162026331248
0.06065000000000009,0.8328262076058512
0.06069999999999998,0.8328262076058512
0.06075000000000008,0.8328262076058512
0.06079999999999997,0.8328262076058512
0.06085000000000007,0.8328262076058512
0.06089999999999995,0.8328262076058512
0.06095000000000006,0.833162026331248
0.06099999999999994,0.833162026331248
0.06105000000000005,0.833162026331248
0.06109999999999993,0.833162026331248
0.06115000000000004,0.8328262076058512
0.06119999999999992,0.8328262076058512
0.06125000000000003,0.8328262076058512
0.06129999999999991,0.8328262076058512
0.06135000000000002,0.8328262076058512
0.0613999999999999,0.8328262076058512
0.06145,0.8328262076058512
0.06150000000000011,0.8328262076058512
0.06154999999999999,0.8328262076058512
0.0616000000000001,0.8328262076058512
0.06164999999999998,0.8328262076058512
0.06170000000000009,0.8328262076058512
0.06174999999999997,0.833162026331248
0.06180000000000008,0.8328262076058512
0.06184999999999996,0.8328262076058512
0.06190000000000007,0.8328262076058512
0.06194999999999995,0.8328262076058512
0.06200000000000006,0.8324903888804545
0.06204999999999994,0.8324903888804545
0.06210000000000004,0.8324903888804545
0.06214999999999993,0.8324903888804545
0.06220000000000003,0.8324903888804545
0.06224999999999992,0.8324903888804545
0.06230000000000002,0.8324903888804545
0.06234999999999991,0.8324903888804545
0.06240000000000001,0.8324903888804545
0.06244999999999989,0.8324903888804545
0.0625,0.8324903888804545
0.06255000000000011,0.8324903888804545
0.06259999999999999,0.8324903888804545
0.06265000000000009,0.8324903888804545
0.06269999999999998,0.8324903888804545
0.06275000000000008,0.8324903888804545
0.06279999999999997,0.8324903888804545
0.06285000000000007,0.8324903888804545
0.06289999999999996,0.8324903888804545
0.06295000000000006,0.8324903888804545
0.06299999999999994,0.8324903888804545
0.06305000000000005,0.8324903888804545
0.06309999999999993,0.8324903888804545
0.06315000000000004,0.8328262076058512
0.06319999999999992,0.8324903888804545
0.06325000000000003,0.8324903888804545
0.06329999999999991,0.8324903888804545
0.06335000000000002,0.8324903888804545
0.0633999999999999,0.8324903888804545
0.06345000000000001,0.8324903888804545
0.06349999999999989,0.8324903888804545
0.06355,0.8324903888804545
0.0636000000000001,0.8324903888804545
0.06364999999999998,0.8324903888804545
0.06370000000000009,0.8324903888804545
0.06374999999999997,0.8324903888804545
0.06380000000000008,0.8324903888804545
0.06384999999999996,0.8324903888804545
0.06390000000000007,0.8324903888804545
0.06394999999999995,0.8324903888804545
0.06400000000000006,0.8324903888804545
0.06404999999999994,0.8324903888804545
0.06410000000000005,0.8324903888804545
0.06414999999999993,0.8324903888804545
0.06420000000000003,0.8324903888804545
0.06424999999999992,0.8324903888804545
0.06430000000000002,0.8324903888804545
0.06434999999999991,0.8324903888804545
0.06440000000000001,0.8324903888804545
0.0644499999999999,0.8324903888804545
0.0645,0.8328262076058512
0.06455000000000011,0.8328262076058512
0.06459999999999999,0.8324903888804545
0.0646500000000001,0.8324903888804545
0.06469999999999998,0.8324903888804545
0.06475000000000009,0.8324903888804545
0.06479999999999997,0.8324903888804545
0.06485000000000007,0.8324903888804545
0.06489999999999996,0.8324903888804545
0.06495000000000006,0.8324903888804545
0.06499999999999995,0.8324903888804545
0.06505000000000005,0.8324903888804545
0.06509999999999994,0.8324903888804545
0.06515000000000004,0.8324903888804545
0.06519999999999992,0.8324903888804545
0.06525000000000003,0.8324903888804545
0.06529999999999991,0.8324903888804545
0.06535000000000002,0.8324903888804545
0.0653999999999999,0.8324903888804545
0.06545000000000001,0.8324903888804545
0.06549999999999989,0.8324903888804545
0.06555,0.8324903888804545
0.0656000000000001,0.8324903888804545
0.06564999999999999,0.8324903888804545
0.06570000000000009,0.8324903888804545
0.06574999999999998,0.8324903888804545
0.06580000000000008,0.8324903888804545
0.06584999999999996,0.8324903888804545
0.06590000000000007,0.8324903888804545
0.06594999999999995,0.8324903888804545
0.06600000000000006,0.8328262076058512
0.06604999999999994,0.8328262076058512
0.06610000000000005,0.8328262076058512
0.06614999999999993,0.8328262076058512
0.06620000000000004,0.8328262076058512
0.06624999999999992,0.8328262076058512
0.06630000000000003,0.8328262076058512
0.06634999999999991,0.8328262076058512
0.06640000000000001,0.8328262076058512
0.0664499999999999,0.8328262076058512
0.0665,0.8324903888804545
0.06655000000000011,0.8328262076058512
0.06659999999999999,0.8328262076058512
0.0666500000000001,0.8328262076058512
0.06669999999999998,0.8328262076058512
0.06675000000000009,0.8328262076058512
0.06679999999999997,0.8328262076058512
0.06685000000000008,0.8328262076058512
0.06689999999999996,0.8328262076058512
0.06695000000000007,0.8328262076058512
0.06699999999999995,0.8328262076058512
0.06705000000000005,0.8328262076058512
0.06709999999999994,0.8328262076058512
0.06715000000000004,0.8328262076058512
0.06719999999999993,0.8328262076058512
0.06725000000000003,0.8328262076058512
0.06729999999999992,0.8328262076058512
0.06735000000000002,0.8328262076058512
0.0673999999999999,0.8328262076058512
0.06745000000000001,0.8328262076058512
0.06749999999999989,0.8328262076058512
0.06755,0.8328262076058512
0.0676000000000001,0.8328262076058512
0.06764999999999999,0.8328262076058512
0.06770000000000009,0.8328262076058512
0.06774999999999998,0.8328262076058512
0.06780000000000008,0.8328262076058512
0.06784999999999997,0.8328262076058512
0.06790000000000007,0.8328262076058512
0.06794999999999995,0.8328262076058512
0.06800000000000006,0.8328262076058512
0.06804999999999994,0.8328262076058512
0.06810000000000005,0.8328262076058512
0.06814999999999993,0.8328262076058512
0.06820000000000004,0.8328262076058512
0.06824999999999992,0.8328262076058512
0.06830000000000003,0.8328262076058512
0.06834999999999991,0.8328262076058512
0.06840000000000002,0.8328262076058512
0.0684499999999999,0.8328262076058512
0.06850000000000001,0.8328262076058512
0.06855000000000011,0.8328262076058512
0.06859999999999999,0.8328262076058512
0.0686500000000001,0.8328262076058512
0.06869999999999998,0.833162026331248
0.06875000000000009,0.833162026331248
0.06879999999999997,0.833162026331248
0.06885000000000008,0.833162026331248
0.06889999999999996,0.833162026331248
0.06895000000000007,0.833162026331248
0.06899999999999995,0.833162026331248
0.06905000000000006,0.833162026331248
0.06909999999999994,0.833162026331248
0.06915000000000004,0.833162026331248
0.06919999999999993,0.833162026331248
0.06925000000000003,0.8328262076058512
0.06929999999999992,0.833162026331248
0.06935000000000002,0.833162026331248
0.06939999999999991,0.833162026331248
0.06945000000000001,0.833162026331248
0.0694999999999999,0.833162026331248
0.06955,0.833162026331248
0.06960000000000011,0.833162026331248
0.06964999999999999,0.833162026331248
0.0697000000000001,0.833162026331248
0.06974999999999998,0.833162026331248
0.06980000000000008,0.833162026331248
0.06984999999999997,0.833162026331248
0.06990000000000007,0.8334978450566448
0.06994999999999996,0.833162026331248
0.07000000000000006,0.833162026331248
0.07004999999999995,0.8334978450566448
0.07010000000000005,0.8334978450566448
0.07014999999999993,0.8334978450566448
0.07020000000000004,0.833162026331248
0.07024999999999992,0.833162026331248
0.07030000000000003,0.833162026331248
0.07034999999999991,0.833162026331248
0.07040000000000002,0.833162026331248
0.0704499999999999,0.833162026331248
0.07050000000000001,0.8334978450566448
0.07054999999999989,0.833162026331248
0.0706,0.833162026331248
0.0706500000000001,0.833162026331248
0.07069999999999999,0.833162026331248
0.07075000000000009,0.833162026331248
0.07079999999999997,0.833162026331248
0.07085000000000008,0.833162026331248
0.07089999999999996,0.833162026331248
0.07095000000000007,0.833162026331248
0.07099999999999995,0.833162026331248
0.07105000000000006,0.833162026331248
0.07109999999999994,0.833162026331248
0.07115000000000005,0.833162026331248
0.07119999999999993,0.833162026331248
0.07125000000000004,0.833162026331248
0.07129999999999992,0.833162026331248
0.07135000000000002,0.833162026331248
0.07139999999999991,0.833162026331248
0.07145000000000001,0.833162026331248
0.0714999999999999,0.833162026331248
0.07155,0.833162026331248
0.07160000000000011,0.833162026331248
0.07164999999999999,0.833162026331248
0.0717000000000001,0.833162026331248
0.07174999999999998,0.8334978450566448
0.07180000000000009,0.833162026331248
0.07184999999999997,0.833162026331248
0.07190000000000007,0.833162026331248
0.07194999999999996,0.833162026331248
0.07200000000000006,0.833162026331248
0.07204999999999995,0.8334978450566448
0.07210000000000005,0.8334978450566448
0.07214999999999994,0.8334978450566448
0.07220000000000004,0.833162026331248
0.07224999999999993,0.8334978450566448
0.07230000000000003,0.8334978450566448
0.07234999999999991,0.8334978450566448
0.07240000000000002,0.8334978450566448
0.0724499999999999,0.833162026331248
0.07250000000000001,0.8334978450566448
0.07254999999999989,0.8334978450566448
0.0726,0.8334978450566448
0.0726500000000001,0.8334978450566448
0.07269999999999999,0.8334978450566448
0.07275000000000009,0.8334978450566448
0.07279999999999998,0.8334978450566448
0.07285000000000008,0.833162026331248
0.07289999999999996,0.8334978450566448
0.07295000000000007,0.8334978450566448
0.07299999999999995,0.8334978450566448
0.07305000000000006,0.8334978450566448
0.07309999999999994,0.8334978450566448
0.07315000000000005,0.8334978450566448
0.07319999999999993,0.833162026331248
0.07325000000000004,0.833162026331248
0.07329999999999992,0.833162026331248
0.07335000000000003,0.8328262076058512
0.07339999999999991,0.833162026331248
0.07345000000000002,0.833162026331248
0.0734999999999999,0.833162026331248
0.07355,0.8328262076058512
0.07360000000000011,0.833162026331248
0.07364999999999999,0.833162026331248
0.0737000000000001,0.8328262076058512
0.07374999999999998,0.8328262076058512
0.07380000000000009,0.8328262076058512
0.07384999999999997,0.8328262076058512
0.07390000000000008,0.8328262076058512
0.07394999999999996,0.8328262076058512
0.07400000000000007,0.8328262076058512
0.07404999999999995,0.8328262076058512
0.07410000000000005,0.8328262076058512
0.07414999999999994,0.833162026331248
0.07420000000000004,0.8328262076058512
0.07424999999999993,0.833162026331248
0.07430000000000003,0.8328262076058512
0.07434999999999992,0.8328262076058512
0.07440000000000002,0.8328262076058512
0.07444999999999991,0.8328262076058512
0.07450000000000001,0.833162026331248
0.07454999999999989,0.833162026331248
0.0746,0.833162026331248
0.07465000000000011,0.833162026331248
0.07469999999999999,0.8328262076058512
0.07475000000000009,0.833162026331248
0.07479999999999998,0.833162026331248
0.07485000000000008,0.8328262076058512
0.07489999999999997,0.833162026331248
0.07495000000000007,0.833162026331248
0.07499999999999996,0.833162026331248
0.07505000000000006,0.8328262076058512
0.07509999999999994,0.8328262076058512
0.07515000000000005,0.833162026331248
0.07519999999999993,0.833162026331248
0.07525000000000004,0.833162026331248
0.07529999999999992,0.833162026331248
0.07535000000000003,0.833162026331248
0.07539999999999991,0.8328262076058512
0.07545000000000002,0.833162026331248
0.0754999999999999,0.833162026331248
0.07555000000000001,0.8328262076058512
0.07559999999999989,0.8328262076058512
0.07565,0.8328262076058512
0.0757000000000001,0.8328262076058512
0.07574999999999998,0.8328262076058512
0.07580000000000009,0.8328262076058512
0.07584999999999997,0.8328262076058512
0.07590000000000008,0.833162026331248
0.07594999999999996,0.833162026331248
0.07600000000000007,0.8328262076058512
0.07604999999999995,0.8328262076058512
0.07610000000000006,0.833162026331248
0.07614999999999994,0.833162026331248
0.07620000000000005,0.833162026331248
0.07624999999999993,0.8328262076058512
0.07630000000000003,0.833162026331248
0.07634999999999992,0.833162026331248
0.07640000000000002,0.833162026331248
0.07644999999999991,0.833162026331248
0.07650000000000001,0.8328262076058512
0.0765499999999999,0.833162026331248
0.0766,0.8328262076058512
0.07665000000000011,0.8328262076058512
0.07669999999999999,0.8328262076058512
0.0767500000000001,0.833162026331248
0.07679999999999998,0.8328262076058512
0.07685000000000008,0.8328262076058512
0.07689999999999997,0.8328262076058512
0.07695000000000007,0.8328262076058512
0.07699999999999996,0.8328262076058512
0.07705000000000006,0.8328262076058512
0.07709999999999995,0.833162026331248
0.07715000000000005,0.8328262076058512
0.07719999999999994,0.8328262076058512
0.07725000000000004,0.833162026331248
0.07729999999999992,0.833162026331248
0.07735000000000003,0.8328262076058512
0.07739999999999991,0.8328262076058512
0.07745000000000002,0.8328262076058512
0.0774999999999999,0.8328262076058512
0.07755000000000001,0.8328262076058512
0.07759999999999989,0.8328262076058512
0.07765,0.8328262076058512
0.0777000000000001,0.8328262076058512
0.07774999999999999,0.8328262076058512
0.07780000000000009,0.8328262076058512
0.07784999999999997,0.8328262076058512
0.07790000000000008,0.8328262076058512
0.07794999999999996,0.8328262076058512
0.07800000000000007,0.8328262076058512
0.07804999999999995,0.8328262076058512
0.07810000000000006,0.8328262076058512
0.07814999999999994,0.8328262076058512
0.07820000000000005,0.8328262076058512
0.07824999999999993,0.8328262076058512
0.07830000000000004,0.8328262076058512
0.07834999999999992,0.8328262076058512
0.07840000000000003,0.8328262076058512
0.07844999999999991,0.833162026331248
0.07850000000000001,0.833162026331248
0.0785499999999999,0.833162026331248
0.0786,0.833162026331248
0.07865000000000011,0.8328262076058512
0.07869999999999999,0.8328262076058512
0.0787500000000001,0.8328262076058512
0.07879999999999998,0.8328262076058512
0.07885000000000009,0.8328262076058512
0.07889999999999997,0.8328262076058512
0.07895000000000008,0.8328262076058512
0.07899999999999996,0.833162026331248
0.07905000000000006,0.8328262076058512
0.07909999999999995,0.833162026331248
0.07915000000000005,0.8328262076058512
0.07919999999999994,0.8328262076058512
0.07925000000000004,0.8328262076058512
0.07929999999999993,0.8328262076058512
0.07935000000000003,0.8328262076058512
0.07939999999999992,0.8328262076058512
0.07945000000000002,0.8328262076058512
0.0794999999999999,0.8328262076058512
0.07955000000000001,0.8328262076058512
0.07959999999999989,0.8328262076058512
0.07965,0.8328262076058512
0.0797000000000001,0.833162026331248
0.07974999999999999,0.8328262076058512
0.07980000000000009,0.8328262076058512
0.07984999999999998,0.8328262076058512
0.07990000000000008,0.8328262076058512
0.07994999999999997,0.8328262076058512
0.08000000000000007,0.8328262076058512
0.08004999999999995,0.8328262076058512
0.08010000000000006,0.833162026331248
0.08014999999999994,0.833162026331248
0.08020000000000005,0.8328262076058512
0.08024999999999993,0.8328262076058512
0.08030000000000004,0.8328262076058512
0.08034999999999992,0.8328262076058512
0.08040000000000003,0.833162026331248
0.08044999999999991,0.8328262076058512
0.08050000000000002,0.8328262076058512
0.0805499999999999,0.8328262076058512
0.0806,0.8328262076058512
0.08065000000000011,0.8328262076058512
0.08069999999999999,0.8328262076058512
0.0807500000000001,0.8328262076058512
0.08079999999999998,0.8328262076058512
0.08085000000000009,0.833162026331248
0.08089999999999997,0.8328262076058512
0.08095000000000008,0.8328262076058512
0.08099999999999996,0.8328262076058512
0.08105000000000007,0.8328262076058512
0.08109999999999995,0.8328262076058512
0.08115000000000006,0.8328262076058512
0.08119999999999994,0.8328262076058512
0.08125000000000004,0.8328262076058512
0.08129999999999993,0.8328262076058512
0.08135000000000003,0.8328262076058512
0.08139999999999992,0.8328262076058512
0.08145000000000002,0.8328262076058512
0.08149999999999991,0.833162026331248
0.08155000000000001,0.833162026331248
0.08159999999999989,0.8328262076058512
0.08165,0.833162026331248
0.08170000000000011,0.8328262076058512
0.08174999999999999,0.8328262076058512
0.08180000000000009,0.833162026331248
0.08184999999999998,0.8328262076058512
0.08190000000000008,0.8328262076058512
0.08194999999999997,0.8324903888804545
0.08200000000000007,0.8328262076058512
0.08204999999999996,0.8324903888804545
0.08210000000000006,0.8324903888804545
0.08214999999999995,0.8324903888804545
0.08220000000000005,0.8324903888804545
0.08224999999999993,0.8324903888804545
0.08230000000000004,0.8324903888804545
0.08234999999999992,0.8328262076058512
0.08240000000000003,0.8324903888804545
0.08244999999999991,0.8324903888804545
0.08250000000000002,0.8324903888804545
0.0825499999999999,0.8324903888804545
0.08260000000000001,0.8328262076058512
0.08264999999999989,0.8328262076058512
0.0827,0.8324903888804545
0.0827500000000001,0.8324903888804545
0.08279999999999998,0.8328262076058512
0.08285000000000009,0.8324903888804545
0.08289999999999997,0.8324903888804545
0.08295000000000008,0.8324903888804545
0.08299999999999996,0.8328262076058512
0.08305000000000007,0.8328262076058512
0.08309999999999995,0.8324903888804545
0.08315000000000006,0.8328262076058512
0.08319999999999994,0.8324903888804545
0.08325000000000005,0.8328262076058512
0.08329999999999993,0.8324903888804545
0.08335000000000004,0.8324903888804545
0.08339999999999992,0.8324903888804545
0.08345000000000002,0.8328262076058512
0.08349999999999991,0.8328262076058512
0.08355000000000001,0.8324903888804545
0.0835999999999999,0.8324903888804545
0.08365,0.8324903888804545
0.08370000000000011,0.8324903888804545
0.08374999999999999,0.8324903888804545
0.0838000000000001,0.8324903888804545
0.08384999999999998,0.8324903888804545
0.08390000000000009,0.8324903888804545
0.08394999999999997,0.8324903888804545
0.08400000000000007,0.8324903888804545
0.08404999999999996,0.8324903888804545
0.08410000000000006,0.8328262076058512
0.08414999999999995,0.8324903888804545
0.08420000000000005,0.8324903888804545
0.08424999999999994,0.8324903888804545
0.08430000000000004,0.8324903888804545
0.08434999999999993,0.8324903888804545
0.08440000000000003,0.8324903888804545
0.08444999999999991,0.8324903888804545
0.08450000000000002,0.8324903888804545
0.0845499999999999,0.8324903888804545
0.08460000000000001,0.8324903888804545
0.08464999999999989,0.8324903888804545
0.0847,0.8324903888804545
0.0847500000000001,0.8324903888804545
0.08479999999999999,0.8324903888804545
0.08485000000000009,0.8324903888804545
0.08489999999999998,0.8324903888804545
0.08495000000000008,0.8324903888804545
0.08499999999999996,0.8324903888804545
0.08505000000000007,0.8324903888804545
0.08509999999999995,0.8324903888804545
0.08515000000000006,0.8321545701550577
0.08519999999999994,0.8324903888804545
0.08525000000000005,0.8324903888804545
0.08529999999999993,0.8324903888804545
0.08535000000000004,0.8324903888804545
0.08539999999999992,0.8324903888804545
0.08545000000000003,0.8324903888804545
0.08549999999999991,0.8324903888804545
0.08555000000000001,0.8324903888804545
0.0855999999999999,0.8324903888804545
0.08565,0.8324903888804545
0.08570000000000011,0.8324903888804545
0.08574999999999999,0.8324903888804545
0.0858000000000001,0.8324903888804545
0.08584999999999998,0.8328262076058512
0.08590000000000009,0.8324903888804545
0.08594999999999997,0.8324903888804545
0.08600000000000008,0.8328262076058512
0.08604999999999996,0.8324903888804545
0.08610000000000007,0.8328262076058512
0.08614999999999995,0.8328262076058512
0.08620000000000005,0.8328262076058512
0.08624999999999994,0.8328262076058512
0.08630000000000004,0.8328262076058512
0.08634999999999993,0.8328262076058512
0.08640000000000003,0.8328262076058512
0.08644999999999992,0.8328262076058512
0.08650000000000002,0.8328262076058512
0.0865499999999999,0.8324903888804545
0.08660000000000001,0.8324903888804545
0.08664999999999989,0.8328262076058512
0.0867,0.8328262076058512
0.0867500000000001,0.8328262076058512
0.08679999999999999,0.8324903888804545
0.08685000000000009,0.8328262076058512
0.08689999999999998,0.8328262076058512
0.08695000000000008,0.8328262076058512
0.08699999999999997,0.8328262076058512
0.08705000000000007,0.8324903888804545
0.08709999999999996,0.8324903888804545
0.08715000000000006,0.8328262076058512
0.08719999999999994,0.8328262076058512
0.08725000000000005,0.8328262076058512
0.08729999999999993,0.8328262076058512
0.08735000000000004,0.8328262076058512
0.08739999999999992,0.8328262076058512
0.08745000000000003,0.8328262076058512
0.08749999999999991,0.8328262076058512
0.08755000000000002,0.8328262076058512
0.0875999999999999,0.8328262076058512
0.08765000000000001,0.8328262076058512
0.08769999999999989,0.8328262076058512
0.08774999999999999,0.8328262076058512
0.0878000000000001,0.8328262076058512
0.08784999999999998,0.833162026331248
0.08790000000000009,0.8328262076058512
0.08794999999999997,0.8328262076058512
0.08800000000000008,0.8328262076058512
0.08804999999999996,0.8328262076058512
0.08810000000000007,0.8328262076058512
0.08814999999999995,0.8328262076058512
0.08820000000000006,0.8328262076058512
0.08824999999999994,0.8328262076058512
0.08830000000000005,0.8328262076058512
0.08834999999999993,0.8328262076058512
0.08840000000000003,0.8328262076058512
0.08844999999999992,0.8328262076058512
0.08850000000000002,0.833162026331248
0.08854999999999991,0.833162026331248
0.08860000000000001,0.833162026331248
0.0886499999999999,0.833162026331248
0.0887,0.833162026331248
0.08875000000000011,0.833162026331248
0.08879999999999999,0.833162026331248
0.0888500000000001,0.833162026331248
0.08889999999999998,0.833162026331248
0.08895000000000008,0.833162026331248
0.08899999999999997,0.833162026331248
0.08905000000000007,0.833162026331248
0.08909999999999996,0.833162026331248
0.08915000000000006,0.833162026331248
0.08919999999999995,0.833162026331248
0.08925000000000005,0.833162026331248
0.08929999999999993,0.833162026331248
0.08935000000000004,0.833162026331248
0.08939999999999992,0.833162026331248
0.08945000000000003,0.8334978450566448
0.08949999999999991,0.833162026331248
0.08955000000000002,0.833162026331248
0.0895999999999999,0.833162026331248
0.08965000000000001,0.833162026331248
0.08969999999999989,0.833162026331248
0.08975,0.8334978450566448
0.0898000000000001,0.8334978450566448
0.08984999999999999,0.8334978450566448
0.08990000000000009,0.833162026331248
0.08994999999999997,0.833162026331248
0.09000000000000008,0.833162026331248
0.09004999999999996,0.833162026331248
0.09010000000000007,0.833162026331248
0.09014999999999995,0.833162026331248
0.09020000000000006,0.833162026331248
0.09024999999999994,0.833162026331248
0.09030000000000005,0.833162026331248
0.09034999999999993,0.833162026331248
0.09040000000000004,0.833162026331248
0.09044999999999992,0.833162026331248
0.09050000000000002,0.833162026331248
0.09054999999999991,0.833162026331248
0.09060000000000001,0.833162026331248
0.0906499999999999,0.833162026331248
0.0907,0.833162026331248
0.09075000000000011,0.8334978450566448
0.09079999999999999,0.8334978450566448
0.0908500000000001,0.8334978450566448
0.09089999999999998,0.8334978450566448
0.09095000000000009,0.833162026331248
0.09099999999999997,0.833162026331248
0.09105000000000008,0.833162026331248
0.09109999999999996,0.833162026331248
0.09115000000000006,0.833162026331248
0.09119999999999995,0.833162026331248
0.09125000000000005,0.833162026331248
0.09129999999999994,0.8328262076058512
0.09135000000000004,0.833162026331248
0.09139999999999993,0.833162026331248
0.09145000000000003,0.833162026331248
0.09149999999999991,0.833162026331248
0.09155000000000002,0.833162026331248
0.0915999999999999,0.8334978450566448
0.09165000000000001,0.8334978450566448
0.09169999999999989,0.833162026331248
0.09175,0.833162026331248
0.0918000000000001,0.8334978450566448
0.09184999999999999,0.8334978450566448
0.09190000000000009,0.833162026331248
0.09194999999999998,0.833162026331248
0.09200000000000008,0.833162026331248
0.09204999999999997,0.833162026331248
0.09210000000000007,0.833162026331248
0.09214999999999995,0.833162026331248
0.09220000000000006,0.833162026331248
0.09224999999999994,0.8334978450566448
0.09230000000000005,0.833162026331248
0.09234999999999993,0.833162026331248
0.09240000000000004,0.8334978450566448
0.09244999999999992,0.8334978450566448
0.09250000000000003,0.8334978450566448
0.09254999999999991,0.8334978450566448
0.09260000000000002,0.8334978450566448
0.0926499999999999,0.8334978450566448
0.0927,0.8334978450566448
0.09275000000000011,0.8334978450566448
0.09279999999999999,0.8334978450566448
0.0928500000000001,0.8334978450566448
0.09289999999999998,0.833162026331248
0.09295000000000009,0.8334978450566448
0.09299999999999997,0.833162026331248
0.09305000000000008,0.8334978450566448
0.09309999999999996,0.833162026331248
0.09315000000000007,0.833162026331248
0.09319999999999995,0.833162026331248
0.09325000000000006,0.833162026331248
0.09329999999999994,0.833162026331248
0.09335000000000004,0.833162026331248
0.09339999999999993,0.833162026331248
0.09345000000000003,0.833162026331248
0.09349999999999992,0.833162026331248
0.09355000000000002,0.833162026331248
0.09359999999999991,0.8328262076058512
0.09365000000000001,0.833162026331248
0.09369999999999989,0.8328262076058512
0.09375,0.833162026331248
0.09380000000000011,0.833162026331248
0.09384999999999999,0.833162026331248
0.09390000000000009,0.8328262076058512
0.09394999999999998,0.8328262076058512
0.09400000000000008,0.8328262076058512
0.09404999999999997,0.8328262076058512
0.09410000000000007,0.833162026331248
0.09414999999999996,0.8328262076058512
0.09420000000000006,0.833162026331248
0.09424999999999994,0.8328262076058512
0.09430000000000005,0.8328262076058512
0.09434999999999993,0.833162026331248
0.09440000000000004,0.8328262076058512
0.09444999999999992,0.8328262076058512
0.09450000000000003,0.8328262076058512
0.09454999999999991,0.8328262076058512
0.09460000000000002,0.8328262076058512
0.0946499999999999,0.8328262076058512
0.09470000000000001,0.833162026331248
0.09474999999999989,0.833162026331248
0.0948,0.833162026331248
0.0948500000000001,0.8328262076058512
0.09489999999999998,0.833162026331248
0.09495000000000009,0.833162026331248
0.09499999999999997,0.833162026331248
0.09505000000000008,0.833162026331248
0.09509999999999996,0.8328262076058512
0.09515000000000007,0.833162026331248
0.09519999999999995,0.8328262076058512
0.09525000000000006,0.833162026331248
0.09529999999999994,0.8328262076058512
0.09535000000000005,0.8328262076058512
0.09539999999999993,0.8328262076058512
0.09545000000000003,0.8328262076058512
0.09549999999999992,0.8328262076058512
0.09555000000000002,0.8328262076058512
0.09559999999999991,0.8328262076058512
0.09565000000000001,0.833162026331248
0.0956999999999999,0.8328262076058512
0.09575,0.8328262076058512
0.09580000000000011,0.8328262076058512
0.09584999999999999,0.8328262076058512
0.0959000000000001,0.8328262076058512
0.09594999999999998,0.8328262076058512
0.09600000000000009,0.8328262076058512
0.09604999999999997,0.833162026331248
0.09610000000000007,0.833162026331248
0.09614999999999996,0.833162026331248
0.09620000000000006,0.833162026331248
0.09624999999999995,0.833162026331248
0.09630000000000005,0.833162026331248
0.09634999999999994,0.833162026331248
0.09640000000000004,0.833162026331248
0.09644999999999992,0.8328262076058512
0.09650000000000003,0.8328262076058512
0.09654999999999991,0.8328262076058512
0.09660000000000002,0.8328262076058512
0.0966499999999999,0.8328262076058512
0.09670000000000001,0.8328262076058512
0.09674999999999989,0.8328262076058512
0.0968,0.8328262076058512
0.0968500000000001,0.8328262076058512
0.09689999999999999,0.833162026331248
0.09695000000000009,0.8328262076058512
0.09699999999999998,0.8328262076058512
0.09705000000000008,0.833162026331248
0.09709999999999996,0.8328262076058512
0.09715000000000007,0.8328262076058512
0.09719999999999995,0.8328262076058512
0.09725000000000006,0.8328262076058512
0.09729999999999994,0.8328262076058512
0.09735000000000005,0.8328262076058512
0.09739999999999993,0.8328262076058512
0.09745000000000004,0.8328262076058512
0.09749999999999992,0.8328262076058512
0.09755000000000003,0.8328262076058512
0.09759999999999991,0.8328262076058512
0.09765000000000001,0.8328262076058512
0.0976999999999999,0.8328262076058512
0.09775,0.8328262076058512
0.09780000000000011,0.8328262076058512
0.09784999999999999,0.8328262076058512
0.0979000000000001,0.8328262076058512
0.09794999999999998,0.8328262076058512
0.09800000000000009,0.8328262076058512
0.09804999999999997,0.8328262076058512
0.09810000000000008,0.8328262076058512
0.09814999999999996,0.8328262076058512
0.09820000000000007,0.8328262076058512
0.09824999999999995,0.8328262076058512
0.09830000000000005,0.8328262076058512
0.09834999999999994,0.833162026331248
0.09840000000000004,0.8328262076058512
0.09844999999999993,0.8328262076058512
0.09850000000000003,0.8328262076058512
0.09854999999999992,0.8328262076058512
0.09860000000000002,0.8328262076058512
0.0986499999999999,0.833162026331248
0.09870000000000001,0.8328262076058512
0.09874999999999989,0.8328262076058512
0.0988,0.8328262076058512
0.0988500000000001,0.8328262076058512
0.09889999999999999,0.833162026331248
0.09895000000000009,0.833162026331248
0.09899999999999998,0.833162026331248
0.09905000000000008,0.833162026331248
0.09909999999999997,0.8328262076058512
0.09915000000000007,0.8328262076058512
0.09919999999999995,0.8328262076058512
0.09925000000000006,0.8328262076058512
0.09929999999999994,0.8328262076058512
0.09935000000000005,0.8328262076058512
0.09939999999999993,0.8328262076058512
0.09945000000000004,0.8328262076058512
0.09949999999999992,0.8328262076058512
0.09955000000000003,0.8328262076058512
0.09959999999999991,0.833162026331248
0.09965000000000002,0.8328262076058512
0.0996999999999999,0.8328262076058512
0.09975000000000001,0.833162026331248
0.09980000000000011,0.8328262076058512
0.09984999999999999,0.8328262076058512
0.0999000000000001,0.8328262076058512
0.09994999999999998,0.8328262076058512
0.1000000000000001,0.8328262076058512
0.10005,0.8328262076058512
0.1001000000000001,0.8328262076058512
0.10015,0.8328262076058512
0.1002000000000001,0.8328262076058512
0.10025,0.833162026331248
0.1003000000000001,0.833162026331248
0.1003499999999999,0.833162026331248
0.1004,0.833162026331248
0.1004499999999999,0.8328262076058512
0.1005,0.8328262076058512
0.1005499999999999,0.8328262076058512
0.1006,0.8328262076058512
0.1006499999999999,0.8328262076058512
0.1007,0.833162026331248
0.1007499999999999,0.8328262076058512
0.1008,0.8328262076058512
0.1008500000000001,0.8328262076058512
0.1009,0.8328262076058512
0.1009500000000001,0.8328262076058512
0.101,0.8328262076058512
0.1010500000000001,0.8328262076058512
0.1011,0.8328262076058512
0.1011500000000001,0.8328262076058512
0.1012,0.8328262076058512
0.1012500000000001,0.8328262076058512
0.1012999999999999,0.8328262076058512
0.1013500000000001,0.8328262076058512
0.1013999999999999,0.833162026331248
0.10145,0.8328262076058512
0.1014999999999999,0.8328262076058512
0.10155,0.8328262076058512
0.1015999999999999,0.8328262076058512
0.10165,0.8328262076058512
0.1016999999999999,0.8328262076058512
0.10175,0.8328262076058512
0.1017999999999999,0.8328262076058512
0.10185,0.8328262076058512
0.1019000000000001,0.8328262076058512
0.10195,0.8328262076058512
0.1020000000000001,0.8328262076058512
0.10205,0.8328262076058512
0.1021000000000001,0.8324903888804545
0.10215,0.8324903888804545
0.1022000000000001,0.8324903888804545
0.10225,0.8324903888804545
0.1023000000000001,0.8328262076058512
0.1023499999999999,0.8324903888804545
0.1024,0.8324903888804545
0.1024499999999999,0.8324903888804545
0.1025,0.8324903888804545
0.1025499999999999,0.8324903888804545
0.1026,0.8324903888804545
0.1026499999999999,0.8324903888804545
0.1027,0.8324903888804545
0.1027499999999999,0.8324903888804545
0.1028,0.8324903888804545
0.1028500000000001,0.8328262076058512
0.1029,0.8324903888804545
0.1029500000000001,0.8328262076058512
0.103,0.8324903888804545
0.1030500000000001,0.8324903888804545
0.1031,0.8324903888804545
0.1031500000000001,0.8324903888804545
0.1032,0.8324903888804545
0.1032500000000001,0.8324903888804545
0.1032999999999999,0.8324903888804545
0.1033500000000001,0.8324903888804545
0.1033999999999999,0.8328262076058512
0.10345,0.8324903888804545
0.1034999999999999,0.8324903888804545
0.10355,0.8324903888804545
0.1035999999999999,0.8324903888804545
0.10365,0.8324903888804545
0.1036999999999999,0.8328262076058512
0.10375,0.8328262076058512
0.1037999999999999,0.8324903888804545
0.10385,0.8324903888804545
0.1039000000000001,0.8324903888804545
0.10395,0.8324903888804545
0.1040000000000001,0.8324903888804545
0.10405,0.8324903888804545
0.1041000000000001,0.8324903888804545
0.10415,0.8324903888804545
0.1042000000000001,0.8324903888804545
0.10425,0.8324903888804545
0.1043000000000001,0.8324903888804545
0.1043499999999999,0.8324903888804545
0.1044,0.8324903888804545
0.1044499999999999,0.8324903888804545
0.1045,0.8324903888804545
0.1045499999999999,0.8324903888804545
0.1046,0.8324903888804545
0.1046499999999999,0.8324903888804545
0.1047,0.8328262076058512
0.1047499999999999,0.8324903888804545
0.1048,0.8324903888804545
0.1048500000000001,0.8324903888804545
0.1049,0.8324903888804545
0.1049500000000001,0.8324903888804545
0.105,0.8324903888804545
0.1050500000000001,0.8324903888804545
0.1051,0.8324903888804545
0.1051500000000001,0.8324903888804545
0.1052,0.8324903888804545
0.1052500000000001,0.8324903888804545
0.1052999999999999,0.8324903888804545
0.1053500000000001,0.8328262076058512
0.1053999999999999,0.8328262076058512
0.10545,0.8324903888804545
0.1054999999999999,0.8324903888804545
0.10555,0.8324903888804545
0.1055999999999999,0.8324903888804545
0.10565,0.8324903888804545
0.1056999999999999,0.8324903888804545
0.10575,0.8324903888804545
0.1057999999999999,0.8324903888804545
0.10585,0.8324903888804545
0.1059000000000001,0.8324903888804545
0.10595,0.8324903888804545
0.1060000000000001,0.8324903888804545
0.10605,0.8328262076058512
0.1061000000000001,0.8328262076058512
0.10615,0.8328262076058512
0.1062000000000001,0.8324903888804545
0.10625,0.8324903888804545
0.1063000000000001,0.8328262076058512
0.1063499999999999,0.8328262076058512
0.1064000000000001,0.8328262076058512
0.1064499999999999,0.8328262076058512
0.1065,0.8328262076058512
0.1065499999999999,0.8328262076058512
0.1066,0.8328262076058512
0.1066499999999999,0.8324903888804545
0.1067,0.8328262076058512
0.1067499999999999,0.8328262076058512
0.1068,0.8328262076058512
0.1068499999999999,0.8328262076058512
0.1069,0.8328262076058512
0.1069500000000001,0.8328262076058512
0.107,0.8328262076058512
0.1070500000000001,0.8324903888804545
0.1071,0.8324903888804545
0.1071500000000001,0.8328262076058512
0.1072,0.8328262076058512
0.1072500000000001,0.8328262076058512
0.1073,0.8328262076058512
0.1073500000000001,0.8328262076058512
0.1073999999999999,0.8328262076058512
0.10745,0.8328262076058512
0.1074999999999999,0.8328262076058512
0.10755,0.8328262076058512
0.1075999999999999,0.8328262076058512
0.10765,0.8328262076058512
0.1076999999999999,0.8328262076058512
0.10775,0.8328262076058512
0.1077999999999999,0.8328262076058512
0.10785,0.8328262076058512
0.1079000000000001,0.8328262076058512
0.10795,0.833162026331248
0.1080000000000001,0.8328262076058512
0.10805,0.8328262076058512
0.1081000000000001,0.8328262076058512
0.10815,0.8328262076058512
0.1082000000000001,0.8328262076058512
0.10825,0.8328262076058512
0.1083000000000001,0.8328262076058512
0.1083499999999999,0.8328262076058512
0.1084000000000001,0.8328262076058512
0.1084499999999999,0.8328262076058512
0.1085,0.8328262076058512
0.1085499999999999,0.833162026331248
0.1086,0.833162026331248
0.1086499999999999,0.833162026331248
0.1087,0.833162026331248
0.1087499999999999,0.833162026331248
0.1088,0.833162026331248
0.1088499999999999,0.833162026331248
0.1089,0.833162026331248
0.1089500000000001,0.833162026331248
0.109,0.833162026331248
0.1090500000000001,0.833162026331248
0.1091,0.833162026331248
0.1091500000000001,0.833162026331248
0.1092,0.833162026331248
0.1092500000000001,0.833162026331248
0.1093,0.833162026331248
0.1093500000000001,0.833162026331248
0.1093999999999999,0.833162026331248
0.10945,0.833162026331248
0.1094999999999999,0.833162026331248
0.10955,0.8334978450566448
0.1095999999999999,0.8334978450566448
0.10965,0.8334978450566448
0.1096999999999999,0.833162026331248
0.10975,0.833162026331248
0.1097999999999999,0.833162026331248
0.10985,0.833162026331248
0.1099000000000001,0.833162026331248
0.10995,0.833162026331248
0.1100000000000001,0.833162026331248
0.11005,0.833162026331248
0.1101000000000001,0.833162026331248
0.11015,0.833162026331248
0.1102000000000001,0.833162026331248
0.11025,0.833162026331248
0.1103000000000001,0.833162026331248
0.1103499999999999,0.833162026331248
0.1104000000000001,0.833162026331248
0.1104499999999999,0.833162026331248
0.1105,0.833162026331248
0.1105499999999999,0.833162026331248
0.1106,0.833162026331248
0.1106499999999999,0.833162026331248
0.1107,0.833162026331248
0.1107499999999999,0.833162026331248
0.1108,0.833162026331248
0.1108499999999999,0.833162026331248
0.1109,0.833162026331248
0.1109500000000001,0.833162026331248
0.111,0.833162026331248
0.1110500000000001,0.833162026331248
0.1111,0.833162026331248
0.1111500000000001,0.833162026331248
0.1112,0.833162026331248
0.1112500000000001,0.833162026331248
0.1113,0.8328262076058512
0.1113500000000001,0.8328262076058512
0.1113999999999999,0.8328262076058512
0.11145,0.8328262076058512
0.1114999999999999,0.8328262076058512
0.11155,0.833162026331248
0.1115999999999999,0.833162026331248
0.11165,0.833162026331248
0.1116999999999999,0.833162026331248
0.11175,0.833162026331248
0.1117999999999999,0.833162026331248
0.11185,0.833162026331248
0.1119000000000001,0.833162026331248
0.11195,0.833162026331248
0.1120000000000001,0.8334978450566448
0.11205,0.8334978450566448
0.1121000000000001,0.833162026331248
0.11215,0.833162026331248
0.1122000000000001,0.833162026331248
0.11225,0.833162026331248
0.1123000000000001,0.833162026331248
0.1123499999999999,0.8334978450566448
0.1124000000000001,0.8334978450566448
0.1124499999999999,0.8334978450566448
0.1125,0.8334978450566448
0.1125499999999999,0.833162026331248
0.1126,0.833162026331248
0.1126499999999999,0.833162026331248
0.1127,0.833162026331248
0.1127499999999999,0.833162026331248
0.1128,0.833162026331248
0.1128499999999999,0.8334978450566448
0.1129,0.833162026331248
0.1129500000000001,0.833162026331248
0.113,0.833162026331248
0.1130500000000001,0.833162026331248
0.1131,0.833162026331248
0.1131500000000001,0.833162026331248
0.1132,0.833162026331248
0.1132500000000001,0.833162026331248
0.1133,0.8328262076058512
0.1133500000000001,0.833162026331248
0.1133999999999999,0.833162026331248
0.1134500000000001,0.833162026331248
0.1134999999999999,0.8328262076058512
0.11355,0.8328262076058512
0.1135999999999999,0.8328262076058512
0.11365,0.8328262076058512
0.1136999999999999,0.8328262076058512
0.11375,0.8328262076058512
0.1137999999999999,0.8328262076058512
0.11385,0.8328262076058512
0.1138999999999999,0.833162026331248
0.11395,0.833162026331248
0.1140000000000001,0.8328262076058512
0.11405,0.833162026331248
0.1141000000000001,0.833162026331248
0.11415,0.8328262076058512
0.1142000000000001,0.833162026331248
0.11425,0.833162026331248
0.1143000000000001,0.833162026331248
0.11435,0.833162026331248
0.1144000000000001,0.8328262076058512
0.1144499999999999,0.833162026331248
0.1145,0.8328262076058512
0.1145499999999999,0.8328262076058512
0.1146,0.8328262076058512
0.1146499999999999,0.8328262076058512
0.1147,0.8328262076058512
0.1147499999999999,0.8328262076058512
0.1148,0.8328262076058512
0.1148499999999999,0.8328262076058512
0.1149,0.8328262076058512
0.1149500000000001,0.8328262076058512
0.115,0.8328262076058512
0.1150500000000001,0.833162026331248
0.1151,0.833162026331248
0.1151500000000001,0.833162026331248
0.1152,0.8328262076058512
0.1152500000000001,0.8328262076058512
0.1153,0.8328262076058512
0.1153500000000001,0.8328262076058512
0.1153999999999999,0.8328262076058512
0.1154500000000001,0.8328262076058512
0.1154999999999999,0.8328262076058512
0.11555,0.8328262076058512
0.1155999999999999,0.8328262076058512
0.11565,0.8328262076058512
0.1156999999999999,0.8328262076058512
0.11575,0.8328262076058512
0.1157999999999999,0.8328262076058512
0.11585,0.8328262076058512
0.1158999999999999,0.8328262076058512
0.11595,0.8328262076058512
0.1160000000000001,0.8328262076058512
0.11605,0.8328262076058512
0.1161000000000001,0.8328262076058512
0.11615,0.8328262076058512
0.1162000000000001,0.8328262076058512
0.11625,0.8328262076058512
0.1163000000000001,0.8328262076058512
0.11635,0.8328262076058512
0.1164000000000001,0.8328262076058512
0.1164499999999999,0.8328262076058512
0.1165,0.8328262076058512
0.1165499999999999,0.8328262076058512
0.1166,0.8328262076058512
0.1166499999999999,0.8328262076058512
0.1167,0.833162026331248
0.1167499999999999,0.8328262076058512
0.1168,0.8328262076058512
0.1168499999999999,0.833162026331248
0.1169,0.8328262076058512
0.1169500000000001,0.8328262076058512
0.117,0.8328262076058512
0.1170500000000001,0.8328262076058512
0.1171,0.8328262076058512
0.1171500000000001,0.8328262076058512
0.1172,0.8328262076058512
0.1172500000000001,0.8328262076058512
0.1173,0.8328262076058512
0.1173500000000001,0.8328262076058512
0.1173999999999999,0.8328262076058512
0.1174500000000001,0.8328262076058512
0.1174999999999999,0.8328262076058512
0.11755,0.833162026331248
0.1175999999999999,0.8328262076058512
0.11765,0.8328262076058512
0.1176999999999999,0.8328262076058512
0.11775,0.8328262076058512
0.1177999999999999,0.8328262076058512
0.11785,0.8328262076058512
0.1178999999999999,0.8328262076058512
0.11795,0.8328262076058512
0.1180000000000001,0.8328262076058512
0.11805,0.8328262076058512
0.1181000000000001,0.8328262076058512
0.11815,0.8328262076058512
0.1182000000000001,0.833162026331248
0.11825,0.8328262076058512
0.1183000000000001,0.8328262076058512
0.11835,0.8328262076058512
0.1184000000000001,0.8328262076058512
0.1184499999999999,0.8328262076058512
0.1185,0.8328262076058512
0.1185499999999999,0.8328262076058512
0.1186,0.8328262076058512
0.1186499999999999,0.8328262076058512
0.1187,0.8328262076058512
0.1187499999999999,0.8328262076058512
0.1188,0.8328262076058512
0.1188499999999999,0.8328262076058512
0.1189,0.833162026331248
0.1189499999999999,0.833162026331248
0.119,0.8328262076058512
0.1190500000000001,0.8328262076058512
0.1191,0.8328262076058512
0.1191500000000001,0.8328262076058512
0.1192,0.833162026331248
0.1192500000000001,0.8328262076058512
0.1193,0.8328262076058512
0.1193500000000001,0.833162026331248
0.1194,0.8328262076058512
0.1194500000000001,0.833162026331248
0.1194999999999999,0.8328262076058512
0.11955,0.8328262076058512
0.1195999999999999,0.8328262076058512
0.11965,0.8328262076058512
0.1196999999999999,0.8328262076058512
0.11975,0.833162026331248
0.1197999999999999,0.8328262076058512
0.11985,0.8328262076058512
0.1198999999999999,0.8328262076058512
0.11995,0.8328262076058512
0.1200000000000001,0.8328262076058512
0.12005,0.8328262076058512
0.1201000000000001,0.8328262076058512
0.12015,0.8328262076058512
0.1202000000000001,0.8328262076058512
0.12025,0.8328262076058512
0.1203000000000001,0.8328262076058512
0.12035,0.8328262076058512
0.1204000000000001,0.8328262076058512
0.1204499999999999,0.8328262076058512
0.1205000000000001,0.8328262076058512
0.1205499999999999,0.8328262076058512
0.1206,0.8328262076058512
0.1206499999999999,0.8328262076058512
0.1207,0.8328262076058512
0.1207499999999999,0.8328262076058512
0.1208,0.8328262076058512
0.1208499999999999,0.833162026331248
0.1209,0.8328262076058512
0.1209499999999999,0.8328262076058512
0.121,0.8328262076058512
0.1210500000000001,0.8328262076058512
0.1211,0.8328262076058512
0.1211500000000001,0.8328262076058512
0.1212,0.8328262076058512
0.1212500000000001,0.833162026331248
0.1213,0.833162026331248
0.1213500000000001,0.8328262076058512
0.1214,0.8328262076058512
0.1214500000000001,0.8328262076058512
0.1214999999999999,0.8328262076058512
0.12155,0.8328262076058512
0.1215999999999999,0.8328262076058512
0.12165,0.8328262076058512
0.1216999999999999,0.8328262076058512
0.12175,0.8328262076058512
0.1217999999999999,0.8328262076058512
0.12185,0.8328262076058512
0.1218999999999999,0.8328262076058512
0.12195,0.8328262076058512
0.1220000000000001,0.8328262076058512
0.12205,0.8328262076058512
0.1221000000000001,0.8328262076058512
0.12215,0.8328262076058512
0.1222000000000001,0.8328262076058512
0.12225,0.8328262076058512
0.1223000000000001,0.8328262076058512
0.12235,0.8328262076058512
0.1224000000000001,0.8324903888804545
0.1224499999999999,0.8328262076058512
0.1225000000000001,0.8328262076058512
0.1225499999999999,0.8324903888804545
0.1226,0.8324903888804545
0.1226499999999999,0.8324903888804545
0.1227,0.8324903888804545
0.1227499999999999,0.8324903888804545
0.1228,0.8324903888804545
0.1228499999999999,0.8324903888804545
0.1229,0.8324903888804545
0.1229499999999999,0.8324903888804545
0.123,0.8324903888804545
0.1230500000000001,0.8328262076058512
0.1231,0.8324903888804545
0.1231500000000001,0.8324903888804545
0.1232,0.8324903888804545
0.1232500000000001,0.8324903888804545
0.1233,0.8328262076058512
0.1233500000000001,0.8324903888804545
0.1234,0.8328262076058512
0.1234500000000001,0.8328262076058512
0.1234999999999999,0.8324903888804545
0.12355,0.8324903888804545
0.1235999999999999,0.8324903888804545
0.12365,0.8324903888804545
0.1236999999999999,0.8324903888804545
0.12375,0.8324903888804545
0.1237999999999999,0.8324903888804545
0.12385,0.8324903888804545
0.1238999999999999,0.8324903888804545
0.12395,0.8324903888804545
0.1240000000000001,0.8324903888804545
0.12405,0.8328262076058512
0.1241000000000001,0.8324903888804545
0.12415,0.8324903888804545
0.1242000000000001,0.8324903888804545
0.12425,0.8324903888804545
0.1243000000000001,0.8324903888804545
0.12435,0.8324903888804545
0.1244000000000001,0.8324903888804545
0.1244499999999999,0.8324903888804545
0.1245000000000001,0.8324903888804545
0.1245499999999999,0.8324903888804545
0.1246,0.8328262076058512
0.1246499999999999,0.8328262076058512
0.1247,0.8324903888804545
0.1247499999999999,0.8324903888804545
0.1248,0.8324903888804545
0.1248499999999999,0.8324903888804545
0.1249,0.8324903888804545
0.1249499999999999,0.8324903888804545
0.125,0.8324903888804545
0.1250500000000001,0.8324903888804545
0.1251,0.8324903888804545
0.1251500000000001,0.8324903888804545
0.1252,0.8324903888804545
0.1252500000000001,0.8324903888804545
0.1253,0.8324903888804545
0.1253500000000001,0.8324903888804545
0.1254,0.8324903888804545
0.1254500000000001,0.8324903888804545
0.1254999999999999,0.8328262076058512
0.1255500000000001,0.8324903888804545
0.1255999999999999,0.8324903888804545
0.12565,0.8324903888804545
0.1256999999999999,0.8324903888804545
0.12575,0.8324903888804545
0.1257999999999999,0.8324903888804545
0.12585,0.8324903888804545
0.1258999999999999,0.8328262076058512
0.12595,0.8328262076058512
0.1259999999999999,0.8328262076058512
0.12605,0.8328262076058512
0.1261000000000001,0.8328262076058512
0.12615,0.8328262076058512
0.1262000000000001,0.8328262076058512
0.12625,0.8328262076058512
0.1263000000000001,0.8328262076058512
0.12635,0.8328262076058512
0.1264000000000001,0.8328262076058512
0.12645,0.8328262076058512
0.1265000000000001,0.8328262076058512
0.1265499999999999,0.8328262076058512
0.1266,0.8328262076058512
0.1266499999999999,0.8328262076058512
0.1267,0.8328262076058512
0.1267499999999999,0.8324903888804545
0.1268,0.8328262076058512
0.1268499999999999,0.8328262076058512
0.1269,0.8328262076058512
0.1269499999999999,0.8328262076058512
0.127,0.8328262076058512
0.1270500000000001,0.8328262076058512
0.1271,0.8328262076058512
0.1271500000000001,0.8328262076058512
0.1272,0.8328262076058512
0.1272500000000001,0.8328262076058512
0.1273,0.8328262076058512
0.1273500000000001,0.8328262076058512
0.1274,0.8328262076058512
0.1274500000000001,0.8328262076058512
0.1274999999999999,0.8328262076058512
0.1275500000000001,0.8328262076058512
0.1275999999999999,0.8328262076058512
0.12765,0.8328262076058512
0.1276999999999999,0.8328262076058512
0.12775,0.8328262076058512
0.1277999999999999,0.8328262076058512
0.12785,0.8328262076058512
0.1278999999999999,0.8328262076058512
0.12795,0.8328262076058512
0.1279999999999999,0.8328262076058512
0.12805,0.8328262076058512
0.1281000000000001,0.8328262076058512
0.12815,0.8328262076058512
0.1282000000000001,0.8328262076058512
0.12825,0.8328262076058512
0.1283000000000001,0.8328262076058512
0.12835,0.8328262076058512
0.1284000000000001,0.8328262076058512
0.12845,0.833162026331248
0.1285000000000001,0.8328262076058512
0.1285499999999999,0.8328262076058512
0.1286,0.8328262076058512
0.1286499999999999,0.8328262076058512
0.1287,0.833162026331248
0.1287499999999999,0.833162026331248
0.1288,0.833162026331248
0.1288499999999999,0.833162026331248
0.1289,0.8334978450566448
0.1289499999999999,0.833162026331248
0.129,0.833162026331248
0.1290500000000001,0.8334978450566448
0.1291,0.833162026331248
0.1291500000000001,0.833162026331248
0.1292,0.833162026331248
0.1292500000000001,0.833162026331248
0.1293,0.833162026331248
0.1293500000000001,0.833162026331248
0.1294,0.833162026331248
0.1294500000000001,0.833162026331248
0.1294999999999999,0.833162026331248
0.1295500000000001,0.833162026331248
0.1295999999999999,0.833162026331248
0.12965,0.833162026331248
0.1296999999999999,0.8328262076058512
0.12975,0.833162026331248
0.1297999999999999,0.833162026331248
0.12985,0.833162026331248
0.1298999999999999,0.8334978450566448
0.12995,0.833162026331248
0.1299999999999999,0.8334978450566448
0.13005,0.833162026331248
0.1301000000000001,0.833162026331248
0.13015,0.833162026331248
0.1302000000000001,0.833162026331248
0.13025,0.833162026331248
0.1303000000000001,0.833162026331248
0.13035,0.833162026331248
0.1304000000000001,0.833162026331248
0.13045,0.833162026331248
0.1305000000000001,0.833162026331248
0.1305499999999999,0.833162026331248
0.1306,0.833162026331248
0.1306499999999999,0.8334978450566448
0.1307,0.833162026331248
0.1307499999999999,0.833162026331248
0.1308,0.833162026331248
0.1308499999999999,0.833162026331248
0.1309,0.833162026331248
0.1309499999999999,0.833162026331248
0.131,0.8328262076058512
0.1310500000000001,0.833162026331248
0.1311,0.833162026331248
0.1311500000000001,0.833162026331248
0.1312,0.833162026331248
0.1312500000000001,0.833162026331248
0.1313,0.833162026331248
0.1313500000000001,0.833162026331248
0.1314,0.833162026331248
0.1314500000000001,0.833162026331248
0.1315,0.8328262076058512
0.1315500000000001,0.833162026331248
0.1315999999999999,0.833162026331248
0.13165,0.833162026331248
0.1316999999999999,0.833162026331248
0.13175,0.833162026331248
0.1317999999999999,0.833162026331248
0.13185,0.833162026331248
0.1318999999999999,0.833162026331248
0.13195,0.833162026331248
0.1319999999999999,0.833162026331248
0.13205,0.833162026331248
0.1321000000000001,0.833162026331248
0.13215,0.8334978450566448
0.1322000000000001,0.833162026331248
0.13225,0.833162026331248
0.1323000000000001,0.833162026331248
0.13235,0.8334978450566448
0.1324000000000001,0.833162026331248
0.13245,0.8334978450566448
0.1325000000000001,0.833162026331248
0.1325499999999999,0.833162026331248
0.1326000000000001,0.8328262076058512
0.1326499999999999,0.8334978450566448
0.1327,0.833162026331248
0.1327499999999999,0.8334978450566448
0.1328,0.8334978450566448
0.1328499999999999,0.833162026331248
0.1329,0.8334978450566448
0.1329499999999999,0.8334978450566448
0.133,0.8334978450566448
0.1330499999999999,0.833162026331248
0.1331,0.8334978450566448
0.1331500000000001,0.833162026331248
0.1332,0.833162026331248
0.1332500000000001,0.833162026331248
0.1333,0.833162026331248
0.1333500000000001,0.8328262076058512
0.1334,0.8328262076058512
0.1334500000000001,0.833162026331248
0.1335,0.833162026331248
0.1335500000000001,0.8328262076058512
0.1335999999999999,0.833162026331248
0.13365,0.833162026331248
0.1336999999999999,0.833162026331248
0.13375,0.8328262076058512
0.1337999999999999,0.833162026331248
0.13385,0.8328262076058512
0.1338999999999999,0.833162026331248
0.13395,0.8328262076058512
0.1339999999999999,0.8328262076058512
0.13405,0.8328262076058512
0.1341000000000001,0.833162026331248
0.13415,0.8328262076058512
0.1342000000000001,0.8328262076058512
0.13425,0.8328262076058512
0.1343000000000001,0.833162026331248
0.13435,0.833162026331248
0.1344000000000001,0.833162026331248
0.13445,0.833162026331248
0.1345000000000001,0.833162026331248
0.1345499999999999,0.833162026331248
0.1346000000000001,0.833162026331248
0.1346499999999999,0.833162026331248
0.1347,0.8328262076058512
0.1347499999999999,0.8328262076058512
0.1348,0.833162026331248
0.1348499999999999,0.8328262076058512
0.1349,0.8328262076058512
0.1349499999999999,0.8328262076058512
0.135,0.8328262076058512
0.1350499999999999,0.833162026331248
0.1351,0.833162026331248
0.1351500000000001,0.833162026331248
0.1352,0.8328262076058512
0.1352500000000001,0.8328262076058512
0.1353,0.833162026331248
0.1353500000000001,0.833162026331248
0.1354,0.8328262076058512
0.1354500000000001,0.8328262076058512
0.1355,0.833162026331248
0.1355500000000001,0.833162026331248
0.1355999999999999,0.833162026331248
0.13565,0.8328262076058512
0.1356999999999999,0.833162026331248
0.13575,0.833162026331248
0.1357999999999999,0.833162026331248
0.13585,0.8328262076058512
0.1358999999999999,0.833162026331248
0.13595,0.833162026331248
0.1359999999999999,0.833162026331248
0.13605,0.833162026331248
0.1361000000000001,0.833162026331248
0.13615,0.833162026331248
0.1362000000000001,0.833162026331248
0.13625,0.8328262076058512
0.1363000000000001,0.833162026331248
0.13635,0.833162026331248
0.1364000000000001,0.833162026331248
0.13645,0.833162026331248
0.1365000000000001,0.833162026331248
0.1365499999999999,0.833162026331248
0.1366000000000001,0.8328262076058512
0.1366499999999999,0.833162026331248
0.1367,0.833162026331248
0.1367499999999999,0.833162026331248
0.1368,0.833162026331248
0.1368499999999999,0.833162026331248
0.1369,0.833162026331248
0.1369499999999999,0.8328262076058512
0.137,0.833162026331248
0.1370499999999999,0.833162026331248
0.1371,0.833162026331248
0.1371500000000001,0.833162026331248
0.1372,0.8328262076058512
0.1372500000000001,0.8328262076058512
0.1373,0.8328262076058512
0.1373500000000001,0.8328262076058512
0.1374,0.833162026331248
0.1374500000000001,0.8328262076058512
0.1375,0.8328262076058512
0.1375500000000001,0.8328262076058512
0.1375999999999999,0.8328262076058512
0.1376500000000001,0.8328262076058512
0.1376999999999999,0.833162026331248
0.13775,0.8328262076058512
0.1377999999999999,0.8328262076058512
0.13785,0.8328262076058512
0.1378999999999999,0.8328262076058512
0.13795,0.8328262076058512
0.1379999999999999,0.8328262076058512
0.13805,0.8328262076058512
0.1380999999999999,0.833162026331248
0.13815,0.8328262076058512
0.1382000000000001,0.833162026331248
0.13825,0.8328262076058512
0.1383000000000001,0.8328262076058512
0.13835,0.833162026331248
0.1384000000000001,0.8328262076058512
0.13845,0.833162026331248
0.1385000000000001,0.833162026331248
0.13855,0.833162026331248
0.1386000000000001,0.8328262076058512
0.1386499999999999,0.833162026331248
0.1387,0.8328262076058512
0.1387499999999999,0.833162026331248
0.1388,0.833162026331248
0.1388499999999999,0.833162026331248
0.1389,0.833162026331248
0.1389499999999999,0.833162026331248
0.139,0.833162026331248
0.1390499999999999,0.833162026331248
0.1391,0.8328262076058512
0.1391500000000001,0.833162026331248
0.1392,0.8328262076058512
0.1392500000000001,0.833162026331248
0.1393,0.833162026331248
0.1393500000000001,0.833162026331248
0.1394,0.833162026331248
0.1394500000000001,0.833162026331248
0.1395,0.8328262076058512
0.1395500000000001,0.8328262076058512
0.1395999999999999,0.8328262076058512
0.1396500000000001,0.8328262076058512
0.1396999999999999,0.833162026331248
0.13975,0.8328262076058512
0.1397999999999999,0.8328262076058512
0.13985,0.8328262076058512
0.1398999999999999,0.8328262076058512
0.13995,0.8328262076058512
0.1399999999999999,0.833162026331248
0.14005,0.8328262076058512
0.1400999999999999,0.833162026331248
0.14015,0.8328262076058512
0.1402000000000001,0.8328262076058512
0.14025,0.8328262076058512
0.1403000000000001,0.833162026331248
0.14035,0.8328262076058512
0.1404000000000001,0.8328262076058512
0.14045,0.8328262076058512
0.1405000000000001,0.833162026331248
0.14055,0.8328262076058512
0.1406000000000001,0.833162026331248
0.1406499999999999,0.833162026331248
0.1407,0.833162026331248
0.1407499999999999,0.833162026331248
0.1408,0.833162026331248
0.1408499999999999,0.833162026331248
0.1409,0.833162026331248
0.1409499999999999,0.8328262076058512
0.141,0.8328262076058512
0.1410499999999999,0.833162026331248
0.1411,0.833162026331248
0.1411500000000001,0.8328262076058512
0.1412,0.833162026331248
0.1412500000000001,0.833162026331248
0.1413,0.8328262076058512
0.1413500000000001,0.833162026331248
0.1414,0.833162026331248
0.1414500000000001,0.8328262076058512
0.1415,0.833162026331248
0.1415500000000001,0.833162026331248
0.1415999999999999,0.8328262076058512
0.1416500000000001,0.8328262076058512
0.1416999999999999,0.8328262076058512
0.14175,0.8328262076058512
0.1417999999999999,0.8324903888804545
0.14185,0.8328262076058512
0.1418999999999999,0.8328262076058512
0.14195,0.8328262076058512
0.1419999999999999,0.8324903888804545
0.14205,0.8324903888804545
0.1420999999999999,0.8324903888804545
0.14215,0.8324903888804545
0.1422000000000001,0.8328262076058512
0.14225,0.8324903888804545
0.1423000000000001,0.8324903888804545
0.14235,0.8324903888804545
0.1424000000000001,0.8324903888804545
0.14245,0.8324903888804545
0.1425000000000001,0.8324903888804545
0.14255,0.8328262076058512
0.1426000000000001,0.8324903888804545
0.1426499999999999,0.8324903888804545
0.1427,0.8324903888804545
0.1427499999999999,0.8324903888804545
0.1428,0.8324903888804545
0.1428499999999999,0.8324903888804545
0.1429,0.8324903888804545
0.1429499999999999,0.8324903888804545
0.143,0.8328262076058512
0.1430499999999999,0.8328262076058512
0.1431,0.8324903888804545
0.1431500000000001,0.8328262076058512
0.1432,0.8324903888804545
0.1432500000000001,0.8324903888804545
0.1433,0.8324903888804545
0.1433500000000001,0.8328262076058512
0.1434,0.8328262076058512
0.1434500000000001,0.8328262076058512
0.1435,0.8324903888804545
0.1435500000000001,0.8324903888804545
0.1435999999999999,0.8324903888804545
0.1436500000000001,0.8324903888804545
0.1436999999999999,0.8324903888804545
0.14375,0.8324903888804545
0.1437999999999999,0.8324903888804545
0.14385,0.8324903888804545
0.1438999999999999,0.8324903888804545
0.14395,0.8324903888804545
0.1439999999999999,0.8328262076058512
0.14405,0.8328262076058512
0.1440999999999999,0.8328262076058512
0.14415,0.8324903888804545
0.1442000000000001,0.8324903888804545
0.14425,0.8324903888804545
0.1443000000000001,0.8324903888804545
0.14435,0.8324903888804545
0.1444000000000001,0.8324903888804545
0.14445,0.8324903888804545
0.1445000000000001,0.8328262076058512
0.14455,0.8328262076058512
0.1446000000000001,0.8328262076058512
0.1446499999999999,0.8324903888804545
0.1447000000000001,0.8328262076058512
0.1447499999999999,0.8324903888804545
0.1448,0.8324903888804545
0.1448499999999999,0.8324903888804545
0.1449,0.8324903888804545
0.1449499999999999,0.8324903888804545
0.145,0.8324903888804545
0.1450499999999999,0.8324903888804545
0.1451,0.8324903888804545
0.1451499999999999,0.8324903888804545
0.1452,0.8324903888804545
0.1452500000000001,0.8324903888804545
0.1453,0.8324903888804545
0.1453500000000001,0.8328262076058512
0.1454,0.8328262076058512
0.1454500000000001,0.8324903888804545
0.1455,0.8324903888804545
0.1455500000000001,0.8324903888804545
0.1456,0.8324903888804545
0.1456500000000001,0.8324903888804545
0.1456999999999999,0.8324903888804545
0.14575,0.8324903888804545
0.1457999999999999,0.8328262076058512
0.14585,0.8328262076058512
0.1458999999999999,0.8328262076058512
0.14595,0.8328262076058512
0.1459999999999999,0.8328262076058512
0.14605,0.8328262076058512
0.1460999999999999,0.8328262076058512
0.14615,0.8328262076058512
0.1462000000000001,0.8328262076058512
0.14625,0.8328262076058512
0.1463000000000001,0.8328262076058512
0.14635,0.8328262076058512
0.1464000000000001,0.8328262076058512
0.14645,0.8328262076058512
0.1465000000000001,0.8328262076058512
0.14655,0.8328262076058512
0.1466000000000001,0.8328262076058512
0.1466499999999999,0.8328262076058512
0.1467000000000001,0.8328262076058512
0.1467499999999999,0.8328262076058512
0.1468,0.8328262076058512
0.1468499999999999,0.8328262076058512
0.1469,0.8328262076058512
0.1469499999999999,0.8328262076058512
0.147,0.8328262076058512
0.1470499999999999,0.8328262076058512
0.1471,0.8328262076058512
0.1471499999999999,0.833162026331248
0.1472,0.8328262076058512
0.1472500000000001,0.8328262076058512
0.1473,0.8328262076058512
0.1473500000000001,0.8328262076058512
0.1474,0.8328262076058512
0.1474500000000001,0.8328262076058512
0.1475,0.8328262076058512
0.1475500000000001,0.8328262076058512
0.1476,0.8328262076058512
0.1476500000000001,0.8328262076058512
0.1476999999999999,0.8328262076058512
0.14775,0.8328262076058512
0.1477999999999999,0.8328262076058512
0.14785,0.8328262076058512
0.1478999999999999,0.8328262076058512
0.14795,0.8328262076058512
0.1479999999999999,0.8328262076058512
0.14805,0.8328262076058512
0.1480999999999999,0.8328262076058512
0.14815,0.8328262076058512
0.1482000000000001,0.8328262076058512
0.14825,0.833162026331248
0.1483000000000001,0.8328262076058512
0.14835,0.8328262076058512
0.1484000000000001,0.833162026331248
0.14845,0.8328262076058512
0.1485000000000001,0.8328262076058512
0.14855,0.833162026331248
0.1486000000000001,0.833162026331248
0.1486499999999999,0.833162026331248
0.1487000000000001,0.833162026331248
0.1487499999999999,0.833162026331248
0.1488,0.833162026331248
0.1488499999999999,0.833162026331248
0.1489,0.8334978450566448
0.1489499999999999,0.833162026331248
0.149,0.833162026331248
0.1490499999999999,0.833162026331248
0.1491,0.833162026331248
0.1491499999999999,0.833162026331248
0.1492,0.833162026331248
0.1492500000000001,0.833162026331248
0.1493,0.833162026331248
0.1493500000000001,0.833162026331248
0.1494,0.833162026331248
0.1494500000000001,0.833162026331248
0.1495,0.833162026331248
0.1495500000000001,0.833162026331248
0.1496,0.833162026331248
0.1496500000000001,0.8334978450566448
0.1496999999999999,0.8334978450566448
0.14975,0.833162026331248
0.1497999999999999,0.833162026331248
0.14985,0.8334978450566448
0.1498999999999999,0.833162026331248
0.14995,0.833162026331248
0.1499999999999999,0.8334978450566448
0.15005,0.8334978450566448
0.1500999999999999,0.8334978450566448
0.15015,0.833162026331248
0.1501999999999999,0.833162026331248
0.15025,0.8334978450566448
0.1503000000000001,0.833162026331248
0.15035,0.833162026331248
0.1504000000000001,0.8334978450566448
0.15045,0.8334978450566448
0.1505000000000001,0.833162026331248
0.15055,0.833162026331248
0.1506000000000001,0.833162026331248
0.15065,0.8334978450566448
0.1507000000000001,0.833162026331248
0.1507499999999999,0.833162026331248
0.1508,0.833162026331248
0.1508499999999999,0.833162026331248
0.1509,0.833162026331248
0.1509499999999999,0.833162026331248
0.151,0.833162026331248
0.1510499999999999,0.833162026331248
0.1511,0.833162026331248
0.1511499999999999,0.833162026331248
0.1512,0.833162026331248
0.1512500000000001,0.833162026331248
0.1513,0.833162026331248
0.1513500000000001,0.8334978450566448
0.1514,0.8334978450566448
0.1514500000000001,0.833162026331248
0.1515,0.833162026331248
0.1515500000000001,0.8334978450566448
0.1516,0.833162026331248
0.1516500000000001,0.833162026331248
0.1516999999999999,0.8334978450566448
0.1517500000000001,0.8334978450566448
0.1517999999999999,0.833162026331248
0.15185,0.8334978450566448
0.1518999999999999,0.833162026331248
0.15195,0.8334978450566448
0.1519999999999999,0.833162026331248
0.15205,0.833162026331248
0.1520999999999999,0.833162026331248
0.15215,0.8334978450566448
0.1521999999999999,0.8334978450566448
0.15225,0.8334978450566448
0.1523000000000001,0.8334978450566448
0.15235,0.8334978450566448
0.1524000000000001,0.8334978450566448
0.15245,0.8334978450566448
0.1525000000000001,0.8334978450566448
0.15255,0.8334978450566448
0.1526000000000001,0.8334978450566448
0.15265,0.8334978450566448
0.1527000000000001,0.8334978450566448
0.1527499999999999,0.8334978450566448
0.1528,0.8334978450566448
0.1528499999999999,0.8334978450566448
0.1529,0.8334978450566448
0.1529499999999999,0.833162026331248
0.153,0.8334978450566448
0.1530499999999999,0.833162026331248
0.1531,0.833162026331248
0.1531499999999999,0.833162026331248
0.1532,0.833162026331248
0.1532500000000001,0.833162026331248
0.1533,0.833162026331248
0.1533500000000001,0.833162026331248
0.1534,0.833162026331248
0.1534500000000001,0.833162026331248
0.1535,0.833162026331248
0.1535500000000001,0.833162026331248
0.1536,0.833162026331248
0.1536500000000001,0.8328262076058512
0.1536999999999999,0.833162026331248
0.1537500000000001,0.833162026331248
0.1537999999999999,0.833162026331248
0.15385,0.833162026331248
0.1538999999999999,0.833162026331248
0.15395,0.833162026331248
0.1539999999999999,0.833162026331248
0.15405,0.833162026331248
0.1540999999999999,0.833162026331248
0.15415,0.833162026331248
0.1541999999999999,0.833162026331248
0.15425,0.833162026331248
0.1543000000000001,0.8328262076058512
0.15435,0.833162026331248
0.1544000000000001,0.833162026331248
0.15445,0.833162026331248
0.1545000000000001,0.8328262076058512
0.15455,0.8328262076058512
0.1546000000000001,0.8328262076058512
0.15465,0.833162026331248
0.1547000000000001,0.833162026331248
0.1547499999999999,0.8328262076058512
0.1548,0.8328262076058512
0.1548499999999999,0.833162026331248
0.1549,0.833162026331248
0.1549499999999999,0.833162026331248
0.155,0.8328262076058512
0.1550499999999999,0.8328262076058512
0.1551,0.833162026331248
0.1551499999999999,0.833162026331248
0.1552,0.833162026331248
0.1552500000000001,0.8328262076058512
0.1553,0.833162026331248
0.1553500000000001,0.833162026331248
0.1554,0.833162026331248
0.1554500000000001,0.833162026331248
0.1555,0.833162026331248
0.1555500000000001,0.833162026331248
0.1556,0.8328262076058512
0.1556500000000001,0.833162026331248
0.1556999999999999,0.833162026331248
0.1557500000000001,0.833162026331248
0.1557999999999999,0.8328262076058512
0.15585,0.8328262076058512
0.1558999999999999,0.833162026331248
0.15595,0.8328262076058512
0.1559999999999999,0.833162026331248
0.15605,0.8328262076058512
0.1560999999999999,0.833162026331248
0.15615,0.833162026331248
0.1561999999999999,0.833162026331248
0.15625,0.8328262076058512
0.1563000000000001,0.8328262076058512
0.15635,0.833162026331248
0.1564000000000001,0.833162026331248
0.15645,0.833162026331248
0.1565000000000001,0.8328262076058512
0.15655,0.8328262076058512
0.1566000000000001,0.8328262076058512
0.15665,0.8328262076058512
0.1567000000000001,0.833162026331248
0.1567499999999999,0.8328262076058512
0.1568000000000001,0.833162026331248
0.1568499999999999,0.833162026331248
0.1569,0.833162026331248
0.1569499999999999,0.8328262076058512
0.157,0.833162026331248
0.1570499999999999,0.833162026331248
0.1571,0.833162026331248
0.1571499999999999,0.833162026331248
0.1572,0.833162026331248
0.1572499999999999,0.833162026331248
0.1573,0.833162026331248
0.1573500000000001,0.833162026331248
0.1574,0.833162026331248
0.1574500000000001,0.833162026331248
0.1575,0.833162026331248
0.1575500000000001,0.833162026331248
0.1576,0.833162026331248
0.1576500000000001,0.833162026331248
0.1577,0.8328262076058512
0.1577500000000001,0.8328262076058512
0.1577999999999999,0.833162026331248
0.15785,0.833162026331248
0.1578999999999999,0.833162026331248
0.15795,0.8328262076058512
0.1579999999999999,0.833162026331248
0.15805,0.833162026331248
0.1580999999999999,0.8334978450566448
0.15815,0.833162026331248
0.1581999999999999,0.833162026331248
0.15825,0.833162026331248
0.1583000000000001,0.833162026331248
0.15835,0.833162026331248
0.1584000000000001,0.833162026331248
0.15845,0.833162026331248
0.1585000000000001,0.833162026331248
0.15855,0.833162026331248
0.1586000000000001,0.833162026331248
0.15865,0.833162026331248
0.1587000000000001,0.833162026331248
0.1587499999999999,0.8328262076058512
0.1588000000000001,0.833162026331248
0.1588499999999999,0.8328262076058512
0.1589,0.8328262076058512
0.1589499999999999,0.8328262076058512
0.159,0.833162026331248
0.1590499999999999,0.833162026331248
0.1591,0.8328262076058512
0.1591499999999999,0.8328262076058512
0.1592,0.833162026331248
0.1592499999999999,0.8328262076058512
0.1593,0.8328262076058512
0.1593500000000001,0.8328262076058512
0.1594,0.833162026331248
0.1594500000000001,0.8328262076058512
0.1595,0.8328262076058512
0.1595500000000001,0.8328262076058512
0.1596,0.8328262076058512
0.1596500000000001,0.8328262076058512
0.1597,0.8328262076058512
0.1597500000000001,0.8328262076058512
0.1597999999999999,0.8328262076058512
0.15985,0.8328262076058512
0.1598999999999999,0.8328262076058512
0.15995,0.833162026331248
0.1599999999999999,0.833162026331248
0.16005,0.8328262076058512
0.1600999999999999,0.8328262076058512
0.16015,0.833162026331248
0.1601999999999999,0.833162026331248
0.16025,0.8328262076058512
0.1603000000000001,0.833162026331248
0.16035,0.8328262076058512
0.1604000000000001,0.8328262076058512
0.16045,0.8328262076058512
0.1605000000000001,0.833162026331248
0.16055,0.8328262076058512
0.1606000000000001,0.8328262076058512
0.16065,0.8328262076058512
0.1607000000000001,0.8328262076058512
0.1607499999999999,0.8328262076058512
0.1608000000000001,0.833162026331248
0.1608499999999999,0.833162026331248
0.1609,0.833162026331248
0.1609499999999999,0.833162026331248
0.161,0.833162026331248
0.1610499999999999,0.833162026331248
0.1611,0.8328262076058512
0.1611499999999999,0.833162026331248
0.1612,0.833162026331248
0.1612499999999999,0.8328262076058512
0.1613,0.8328262076058512
0.1613500000000001,0.833162026331248
0.1614,0.833162026331248
0.1614500000000001,0.833162026331248
0.1615,0.833162026331248
0.1615500000000001,0.833162026331248
0.1616,0.833162026331248
0.1616500000000001,0.833162026331248
0.1617,0.8328262076058512
0.1617500000000001,0.833162026331248
0.1617999999999999,0.8328262076058512
0.16185,0.8328262076058512
0.1618999999999999,0.8328262076058512
0.16195,0.8328262076058512
0.1619999999999999,0.8328262076058512
0.16205,0.8324903888804545
0.1620999999999999,0.8324903888804545
0.16215,0.8324903888804545
0.1621999999999999,0.8324903888804545
0.16225,0.8324903888804545
0.1623000000000001,0.8324903888804545
0.16235,0.8328262076058512
0.1624000000000001,0.8324903888804545
0.16245,0.8328262076058512
0.1625000000000001,0.8328262076058512
0.16255,0.8324903888804545
0.1626000000000001,0.8328262076058512
0.16265,0.8328262076058512
0.1627000000000001,0.8324903888804545
0.16275,0.8324903888804545
0.1628000000000001,0.8328262076058512
0.1628499999999999,0.8324903888804545
0.1629,0.8328262076058512
0.1629499999999999,0.8328262076058512
0.163,0.8328262076058512
0.1630499999999999,0.8328262076058512
0.1631,0.8328262076058512
0.1631499999999999,0.8328262076058512
0.1632,0.8328262076058512
0.1632499999999999,0.8328262076058512
0.1633,0.8328262076058512
0.1633500000000001,0.8328262076058512
0.1634,0.8324903888804545
0.1634500000000001,0.8324903888804545
0.1635,0.8324903888804545
0.1635500000000001,0.8324903888804545
0.1636,0.8324903888804545
0.1636500000000001,0.8324903888804545
0.1637,0.8324903888804545
0.1637500000000001,0.8328262076058512
0.1637999999999999,0.8328262076058512
0.1638500000000001,0.8324903888804545
0.1638999999999999,0.8324903888804545
0.16395,0.8328262076058512
0.1639999999999999,0.8324903888804545
0.16405,0.8328262076058512
0.1640999999999999,0.8324903888804545
0.16415,0.8324903888804545
0.1641999999999999,0.8324903888804545
0.16425,0.8324903888804545
0.1642999999999999,0.8328262076058512
0.16435,0.8324903888804545
0.1644000000000001,0.8328262076058512
0.16445,0.8324903888804545
0.1645000000000001,0.8328262076058512
0.16455,0.8324903888804545
0.1646000000000001,0.8324903888804545
0.16465,0.8324903888804545
0.1647000000000001,0.8324903888804545
0.16475,0.8324903888804545
0.1648000000000001,0.8324903888804545
0.1648499999999999,0.8324903888804545
0.1649,0.8324903888804545
0.1649499999999999,0.8324903888804545
0.165,0.8324903888804545
0.1650499999999999,0.8324903888804545
0.1651,0.8324903888804545
0.1651499999999999,0.8328262076058512
0.1652,0.8324903888804545
0.1652499999999999,0.8328262076058512
0.1653,0.8328262076058512
0.1653500000000001,0.8324903888804545
0.1654,0.8328262076058512
0.1654500000000001,0.8324903888804545
0.1655,0.8324903888804545
0.1655500000000001,0.8324903888804545
0.1656,0.8324903888804545
0.1656500000000001,0.8324903888804545
0.1657,0.8324903888804545
0.1657500000000001,0.8324903888804545
0.1657999999999999,0.8328262076058512
0.1658500000000001,0.8328262076058512
0.1658999999999999,0.8324903888804545
0.16595,0.8324903888804545
0.1659999999999999,0.8328262076058512
0.16605,0.8324903888804545
0.1660999999999999,0.8328262076058512
0.16615,0.8328262076058512
0.1661999999999999,0.8328262076058512
0.16625,0.8328262076058512
0.1662999999999999,0.8328262076058512
0.16635,0.8328262076058512
0.1664000000000001,0.8328262076058512
0.16645,0.8328262076058512
0.1665000000000001,0.8328262076058512
0.16655,0.8328262076058512
0.1666000000000001,0.8328262076058512
0.16665,0.8328262076058512
0.1667000000000001,0.8328262076058512
0.16675,0.8328262076058512
0.1668000000000001,0.833162026331248
0.1668499999999999,0.833162026331248
0.1669,0.8328262076058512
0.1669499999999999,0.8328262076058512
0.167,0.8328262076058512
0.1670499999999999,0.8328262076058512
0.1671,0.8328262076058512
0.1671499999999999,0.8328262076058512
0.1672,0.8328262076058512
0.1672499999999999,0.8328262076058512
0.1673,0.8328262076058512
0.1673500000000001,0.8328262076058512
0.1674,0.8328262076058512
0.1674500000000001,0.8328262076058512
0.1675,0.8328262076058512
0.1675500000000001,0.8328262076058512
0.1676,0.8328262076058512
0.1676500000000001,0.8328262076058512
0.1677,0.833162026331248
0.1677500000000001,0.833162026331248
0.1677999999999999,0.833162026331248
0.1678500000000001,0.8328262076058512
0.1678999999999999,0.833162026331248
0.16795,0.8328262076058512
0.1679999999999999,0.8328262076058512
0.16805,0.8328262076058512
0.1680999999999999,0.8328262076058512
0.16815,0.8328262076058512
0.1681999999999999,0.833162026331248
0.16825,0.833162026331248
0.1682999999999999,0.8328262076058512
0.16835,0.833162026331248
0.1684000000000001,0.833162026331248
0.16845,0.833162026331248
0.1685000000000001,0.833162026331248
0.16855,0.8334978450566448
0.1686000000000001,0.833162026331248
0.16865,0.8334978450566448
0.1687000000000001,0.8334978450566448
0.16875,0.8334978450566448
0.1688000000000001,0.8334978450566448
0.1688499999999999,0.833162026331248
0.1689000000000001,0.8334978450566448
0.1689499999999999,0.833162026331248
0.169,0.833162026331248
0.1690499999999999,0.833162026331248
0.1691,0.833162026331248
0.1691499999999999,0.833162026331248
0.1692,0.8334978450566448
0.1692499999999999,0.8334978450566448
0.1693,0.8334978450566448
0.1693499999999999,0.833162026331248
0.1694,0.8334978450566448
0.1694500000000001,0.8334978450566448
0.1695,0.8334978450566448
0.1695500000000001,0.8334978450566448
0.1696,0.8334978450566448
0.1696500000000001,0.8334978450566448
0.1697,0.8334978450566448
0.1697500000000001,0.833162026331248
0.1698,0.833162026331248
0.1698500000000001,0.8334978450566448
0.1698999999999999,0.8334978450566448
0.16995,0.833162026331248
0.1699999999999999,0.8334978450566448
0.17005,0.8334978450566448
0.1700999999999999,0.8334978450566448
0.17015,0.833162026331248
0.1701999999999999,0.833162026331248
0.17025,0.833162026331248
0.1702999999999999,0.8334978450566448
0.17035,0.8334978450566448
0.1704000000000001,0.833162026331248
0.17045,0.8334978450566448
0.1705000000000001,0.8334978450566448
0.17055,0.8334978450566448
0.1706000000000001,0.833162026331248
0.17065,0.8334978450566448
0.1707000000000001,0.8334978450566448
0.17075,0.8334978450566448
0.1708000000000001,0.833162026331248
0.1708499999999999,0.8334978450566448
0.1709000000000001,0.8334978450566448
0.1709499999999999,0.8334978450566448
0.171,0.833162026331248
0.1710499999999999,0.8334978450566448
0.1711,0.833162026331248
0.1711499999999999,0.833162026331248
0.1712,0.8334978450566448
0.1712499999999999,0.833162026331248
0.1713,0.833162026331248
0.1713499999999999,0.833162026331248
0.1714,0.833162026331248
0.1714500000000001,0.833162026331248
0.1715,0.833162026331248
0.1715500000000001,0.833162026331248
0.1716,0.8334978450566448
0.1716500000000001,0.8334978450566448
0.1717,0.8334978450566448
0.1717500000000001,0.833162026331248
0.1718,0.833162026331248
0.1718500000000001,0.8334978450566448
0.1718999999999999,0.8334978450566448
0.17195,0.833162026331248
0.1719999999999999,0.8334978450566448
0.17205,0.8334978450566448
0.1720999999999999,0.8334978450566448
0.17215,0.8334978450566448
0.1721999999999999,0.8334978450566448
0.17225,0.8334978450566448
0.1722999999999999,0.8334978450566448
0.17235,0.8334978450566448
0.1724000000000001,0.8334978450566448
0.17245,0.8334978450566448
0.1725000000000001,0.8334978450566448
0.17255,0.8334978450566448
0.1726000000000001,0.8334978450566448
0.17265,0.833162026331248
0.1727000000000001,0.8334978450566448
0.17275,0.833162026331248
0.1728000000000001,0.833162026331248
0.1728499999999999,0.833162026331248
0.1729000000000001,0.8334978450566448
0.1729499999999999,0.8334978450566448
0.173,0.8334978450566448
0.1730499999999999,0.8334978450566448
0.1731,0.833162026331248
0.1731499999999999,0.833162026331248
0.1732,0.8328262076058512
0.1732499999999999,0.833162026331248
0.1733,0.833162026331248
0.1733499999999999,0.833162026331248
0.1734,0.833162026331248
0.1734500000000001,0.833162026331248
0.1735,0.833162026331248
0.1735500000000001,0.833162026331248
0.1736,0.8328262076058512
0.1736500000000001,0.8328262076058512
0.1737,0.833162026331248
0.1737500000000001,0.833162026331248
0.1738,0.833162026331248
0.1738500000000001,0.833162026331248
0.1738999999999999,0.833162026331248
0.17395,0.833162026331248
0.1739999999999999,0.8328262076058512
0.17405,0.8328262076058512
0.1740999999999999,0.833162026331248
0.17415,0.8328262076058512
0.1741999999999999,0.833162026331248
0.17425,0.833162026331248
0.1742999999999999,0.833162026331248
0.17435,0.833162026331248
0.1744000000000001,0.8328262076058512
0.17445,0.833162026331248
0.1745000000000001,0.833162026331248
0.17455,0.833162026331248
0.1746000000000001,0.833162026331248
0.17465,0.833162026331248
0.1747000000000001,0.833162026331248
0.17475,0.833162026331248
0.1748000000000001,0.833162026331248
0.1748499999999999,0.833162026331248
0.1749000000000001,0.833162026331248
0.1749499999999999,0.833162026331248
0.175,0.833162026331248
0.1750499999999999,0.833162026331248
0.1751,0.833162026331248
0.1751499999999999,0.833162026331248
0.1752,0.833162026331248
0.1752499999999999,0.8328262076058512
0.1753,0.8328262076058512
0.1753499999999999,0.833162026331248
0.1754,0.833162026331248
0.1754500000000001,0.8328262076058512
0.1755,0.833162026331248
0.1755500000000001,0.833162026331248
0.1756,0.833162026331248
0.1756500000000001,0.833162026331248
0.1757,0.833162026331248
0.1757500000000001,0.833162026331248
0.1758,0.8328262076058512
0.1758500000000001,0.833162026331248
0.1758999999999999,0.833162026331248
0.1759500000000001,0.8328262076058512
0.1759999999999999,0.833162026331248
0.17605,0.8328262076058512
0.1760999999999999,0.833162026331248
0.17615,0.833162026331248
0.1761999999999999,0.833162026331248
0.17625,0.833162026331248
0.1762999999999999,0.833162026331248
0.17635,0.833162026331248
0.1763999999999999,0.833162026331248
0.17645,0.8328262076058512
0.1765000000000001,0.8328262076058512
0.17655,0.833162026331248
0.1766000000000001,0.833162026331248
0.17665,0.833162026331248
0.1767000000000001,0.833162026331248
0.17675,0.833162026331248
0.1768000000000001,0.833162026331248
0.17685,0.833162026331248
0.1769000000000001,0.833162026331248
0.1769499999999999,0.8328262076058512
0.177,0.8328262076058512
0.1770499999999999,0.833162026331248
0.1771,0.833162026331248
0.1771499999999999,0.833162026331248
0.1772,0.8328262076058512
0.1772499999999999,0.8328262076058512
0.1773,0.833162026331248
0.1773499999999999,0.833162026331248
0.1774,0.833162026331248
0.1774500000000001,0.833162026331248
0.1775,0.833162026331248
0.1775500000000001,0.833162026331248
0.1776,0.8328262076058512
0.1776500000000001,0.833162026331248
0.1777,0.833162026331248
0.1777500000000001,0.833162026331248
0.1778,0.8328262076058512
0.1778500000000001,0.833162026331248
0.1778999999999999,0.833162026331248
0.1779500000000001,0.833162026331248
0.1779999999999999,0.833162026331248
0.17805,0.833162026331248
0.1780999999999999,0.833162026331248
0.17815,0.833162026331248
0.1781999999999999,0.8328262076058512
0.17825,0.8328262076058512
0.1782999999999999,0.8328262076058512
0.17835,0.8328262076058512
0.1783999999999999,0.8328262076058512
0.17845,0.833162026331248
0.1785000000000001,0.833162026331248
0.17855,0.833162026331248
0.1786000000000001,0.833162026331248
0.17865,0.833162026331248
0.1787000000000001,0.833162026331248
0.17875,0.833162026331248
0.1788000000000001,0.833162026331248
0.17885,0.8328262076058512
0.1789000000000001,0.8328262076058512
0.1789499999999999,0.8328262076058512
0.179,0.8328262076058512
0.1790499999999999,0.833162026331248
0.1791,0.833162026331248
0.1791499999999999,0.8328262076058512
0.1792,0.833162026331248
0.1792499999999999,0.833162026331248
0.1793,0.833162026331248
0.1793499999999999,0.833162026331248
0.1794,0.833162026331248
0.1794500000000001,0.833162026331248
0.1795,0.833162026331248
0.1795500000000001,0.833162026331248
0.1796,0.833162026331248
0.1796500000000001,0.8328262076058512
0.1797,0.833162026331248
0.1797500000000001,0.8328262076058512
0.1798,0.8328262076058512
0.1798500000000001,0.833162026331248
0.1798999999999999,0.8328262076058512
0.1799500000000001,0.833162026331248
0.1799999999999999,0.833162026331248
0.18005,0.8328262076058512
0.1800999999999999,0.833162026331248
0.18015,0.833162026331248
0.1801999999999999,0.833162026331248
0.18025,0.833162026331248
0.1802999999999999,0.833162026331248
0.18035,0.833162026331248
0.1803999999999999,0.833162026331248
0.18045,0.833162026331248
0.1805000000000001,0.833162026331248
0.18055,0.833162026331248
0.1806000000000001,0.833162026331248
0.18065,0.833162026331248
0.1807000000000001,0.833162026331248
0.18075,0.833162026331248
0.1808000000000001,0.833162026331248
0.18085,0.833162026331248
0.1809000000000001,0.833162026331248
0.1809499999999999,0.833162026331248
0.181,0.833162026331248
0.1810499999999999,0.833162026331248
0.1811,0.833162026331248
0.1811499999999999,0.833162026331248
0.1812,0.833162026331248
0.1812499999999999,0.833162026331248
0.1813,0.833162026331248
0.1813499999999999,0.833162026331248
0.1814,0.8328262076058512
0.1814499999999999,0.833162026331248
0.1815,0.833162026331248
0.1815500000000001,0.833162026331248
0.1816,0.833162026331248
0.1816500000000001,0.833162026331248
0.1817,0.8328262076058512
0.1817500000000001,0.8328262076058512
0.1818,0.8328262076058512
0.1818500000000001,0.8328262076058512
0.1819,0.8328262076058512
0.1819500000000001,0.8328262076058512
0.1819999999999999,0.8328262076058512
0.18205,0.8328262076058512
0.1820999999999999,0.8328262076058512
0.18215,0.8328262076058512
0.1821999999999999,0.8328262076058512
0.18225,0.8328262076058512
0.1822999999999999,0.8324903888804545
0.18235,0.8324903888804545
0.1823999999999999,0.8328262076058512
0.18245,0.8324903888804545
0.1825000000000001,0.8328262076058512
0.18255,0.8328262076058512
0.1826000000000001,0.8324903888804545
0.18265,0.8324903888804545
0.1827000000000001,0.8324903888804545
0.18275,0.8324903888804545
0.1828000000000001,0.8328262076058512
0.18285,0.8328262076058512
0.1829000000000001,0.8328262076058512
0.1829499999999999,0.8328262076058512
0.1830000000000001,0.8328262076058512
0.1830499999999999,0.8328262076058512
0.1831,0.8328262076058512
0.1831499999999999,0.8328262076058512
0.1832,0.8328262076058512
0.1832499999999999,0.8328262076058512
0.1833,0.8324903888804545
0.1833499999999999,0.8328262076058512
0.1834,0.8328262076058512
0.1834499999999999,0.8328262076058512
0.1835,0.8324903888804545
0.1835500000000001,0.8328262076058512
0.1836,0.8324903888804545
0.1836500000000001,0.8324903888804545
0.1837,0.8324903888804545
0.1837500000000001,0.8324903888804545
0.1838,0.8324903888804545
0.1838500000000001,0.8324903888804545
0.1839,0.8324903888804545
0.1839500000000001,0.8328262076058512
0.1839999999999999,0.8328262076058512
0.18405,0.8324903888804545
0.1840999999999999,0.8328262076058512
0.18415,0.8328262076058512
0.1841999999999999,0.8328262076058512
0.18425,0.8324903888804545
0.1842999999999999,0.8324903888804545
0.18435,0.8324903888804545
0.1843999999999999,0.8324903888804545
0.18445,0.8324903888804545
0.1845000000000001,0.8324903888804545
0.18455,0.8324903888804545
0.1846000000000001,0.8324903888804545
0.18465,0.8324903888804545
0.1847000000000001,0.8328262076058512
0.18475,0.8328262076058512
0.1848000000000001,0.8328262076058512
0.18485,0.8324903888804545
0.1849000000000001,0.8324903888804545
0.1849499999999999,0.8324903888804545
0.1850000000000001,0.8324903888804545
0.1850499999999999,0.8324903888804545
0.1851,0.8324903888804545
0.1851499999999999,0.8324903888804545
0.1852,0.8324903888804545
0.1852499999999999,0.8324903888804545
0.1853,0.8324903888804545
0.1853499999999999,0.8324903888804545
0.1854,0.8324903888804545
0.1854499999999999,0.8324903888804545
0.1855,0.8324903888804545
0.1855500000000001,0.8324903888804545
0.1856,0.8324903888804545
0.1856500000000001,0.8324903888804545
0.1857,0.8324903888804545
0.1857500000000001,0.8324903888804545
0.1858,0.8324903888804545
0.1858500000000001,0.8324903888804545
0.1859,0.8324903888804545
0.1859500000000001,0.8324903888804545
0.1859999999999999,0.8324903888804545
0.18605,0.8328262076058512
0.1860999999999999,0.8328262076058512
0.18615,0.8328262076058512
0.1861999999999999,0.8328262076058512
0.18625,0.8328262076058512
0.1862999999999999,0.8328262076058512
0.18635,0.8328262076058512
0.1863999999999999,0.8328262076058512
0.18645,0.8328262076058512
0.1865000000000001,0.8328262076058512
0.18655,0.8324903888804545
0.1866000000000001,0.8328262076058512
0.18665,0.8328262076058512
0.1867000000000001,0.8328262076058512
0.18675,0.8328262076058512
0.1868000000000001,0.8328262076058512
0.18685,0.8328262076058512
0.1869000000000001,0.8328262076058512
0.1869499999999999,0.8328262076058512
0.1870000000000001,0.8328262076058512
0.1870499999999999,0.8328262076058512
0.1871,0.8328262076058512
0.1871499999999999,0.8328262076058512
0.1872,0.8328262076058512
0.1872499999999999,0.8328262076058512
0.1873,0.8328262076058512
0.1873499999999999,0.8328262076058512
0.1874,0.833162026331248
0.1874499999999999,0.8328262076058512
0.1875,0.8328262076058512
0.1875500000000001,0.8328262076058512
0.1876,0.8328262076058512
0.1876500000000001,0.833162026331248
0.1877,0.8328262076058512
0.1877500000000001,0.8328262076058512
0.1878,0.8328262076058512
0.1878500000000001,0.8328262076058512
0.1879,0.8328262076058512
0.1879500000000001,0.8328262076058512
0.1879999999999999,0.8328262076058512
0.1880500000000001,0.8328262076058512
0.1880999999999999,0.8328262076058512
0.18815,0.8328262076058512
0.1881999999999999,0.8328262076058512
0.18825,0.8328262076058512
0.1882999999999999,0.833162026331248
0.18835,0.8328262076058512
0.1883999999999999,0.8328262076058512
0.18845,0.8328262076058512
0.1884999999999999,0.8328262076058512
0.18855,0.8328262076058512
0.1886000000000001,0.833162026331248
0.18865,0.833162026331248
0.1887000000000001,0.833162026331248
0.18875,0.833162026331248
0.1888000000000001,0.833162026331248
0.18885,0.833162026331248
0.1889000000000001,0.833162026331248
0.18895,0.833162026331248
0.1890000000000001,0.833162026331248
0.1890499999999999,0.833162026331248
0.1891,0.833162026331248
0.1891499999999999,0.833162026331248
0.1892,0.833162026331248
0.1892499999999999,0.833162026331248
0.1893,0.833162026331248
0.1893499999999999,0.833162026331248
0.1894,0.833162026331248
0.1894499999999999,0.833162026331248
0.1895,0.8334978450566448
0.1895500000000001,0.833162026331248
0.1896,0.8334978450566448
0.1896500000000001,0.8334978450566448
0.1897,0.8334978450566448
0.1897500000000001,0.8334978450566448
0.1898,0.8334978450566448
0.1898500000000001,0.8334978450566448
0.1899,0.8334978450566448
0.1899500000000001,0.8334978450566448
0.1899999999999999,0.833162026331248
0.1900500000000001,0.833162026331248
0.1900999999999999,0.833162026331248
0.19015,0.8334978450566448
0.1901999999999999,0.8334978450566448
0.19025,0.833162026331248
0.1902999999999999,0.833162026331248
0.19035,0.833162026331248
0.1903999999999999,0.8334978450566448
0.19045,0.8334978450566448
0.1904999999999999,0.833162026331248
0.19055,0.8334978450566448
0.1906000000000001,0.8334978450566448
0.19065,0.8334978450566448
0.1907000000000001,0.8334978450566448
0.19075,0.8334978450566448
0.1908000000000001,0.833162026331248
0.19085,0.833162026331248
0.1909000000000001,0.833162026331248
0.19095,0.833162026331248
0.1910000000000001,0.833162026331248
0.1910499999999999,0.833162026331248
0.1911,0.833162026331248
0.1911499999999999,0.833162026331248
0.1912,0.833162026331248
0.1912499999999999,0.833162026331248
0.1913,0.8334978450566448
0.1913499999999999,0.833162026331248
0.1914,0.833162026331248
0.1914499999999999,0.833162026331248
0.1915,0.833162026331248
0.1915500000000001,0.833162026331248
0.1916,0.8334978450566448
0.1916500000000001,0.833162026331248
0.1917,0.8334978450566448
0.1917500000000001,0.833162026331248
0.1918,0.833162026331248
0.1918500000000001,0.833162026331248
0.1919,0.8334978450566448
0.1919500000000001,0.8334978450566448
0.1919999999999999,0.8334978450566448
0.1920500000000001,0.8334978450566448
0.1920999999999999,0.8334978450566448
0.19215,0.8334978450566448
0.1921999999999999,0.8334978450566448
0.19225,0.8334978450566448
0.1922999999999999,0.8334978450566448
0.19235,0.8334978450566448
0.1923999999999999,0.8334978450566448
0.19245,0.8334978450566448
0.1924999999999999,0.8334978450566448
0.19255,0.8334978450566448
0.1926000000000001,0.8334978450566448
0.19265,0.8334978450566448
0.1927000000000001,0.8334978450566448
0.19275,0.8334978450566448
0.1928000000000001,0.8334978450566448
0.19285,0.833162026331248
0.1929000000000001,0.8334978450566448
0.19295,0.8334978450566448
0.1930000000000001,0.833162026331248
0.1930499999999999,0.8334978450566448
0.1931,0.833162026331248
0.1931499999999999,0.833162026331248
0.1932,0.833162026331248
0.1932499999999999,0.833162026331248
0.1933,0.833162026331248
0.1933499999999999,0.833162026331248
0.1934,0.833162026331248
0.1934499999999999,0.833162026331248
0.1935,0.833162026331248
0.1935500000000001,0.833162026331248
0.1936,0.833162026331248
0.1936500000000001,0.833162026331248
0.1937,0.833162026331248
0.1937500000000001,0.833162026331248
0.1938,0.833162026331248
0.1938500000000001,0.833162026331248
0.1939,0.833162026331248
0.1939500000000001,0.833162026331248
0.194,0.833162026331248
0.1940500000000001,0.833162026331248
0.1940999999999999,0.833162026331248
0.19415,0.8328262076058512
0.1941999999999999,0.833162026331248
0.19425,0.833162026331248
0.1942999999999999,0.833162026331248
0.19435,0.833162026331248
0.1943999999999999,0.833162026331248
0.19445,0.833162026331248
0.1944999999999999,0.833162026331248
0.19455,0.833162026331248
0.1946000000000001,0.8328262076058512
0.19465,0.8328262076058512
0.1947000000000001,0.8328262076058512
0.19475,0.833162026331248
0.1948000000000001,0.833162026331248
0.19485,0.833162026331248
0.1949000000000001,0.833162026331248
0.19495,0.833162026331248
0.1950000000000001,0.833162026331248
0.1950499999999999,0.833162026331248
0.1951000000000001,0.833162026331248
0.1951499999999999,0.833162026331248
0.1952,0.833162026331248
0.1952499999999999,0.833162026331248
0.1953,0.8328262076058512
0.1953499999999999,0.8328262076058512
0.1954,0.833162026331248
0.1954499999999999,0.8328262076058512
0.1955,0.8328262076058512
0.1955499999999999,0.8328262076058512
0.1956,0.833162026331248
0.1956500000000001,0.833162026331248
0.1957,0.833162026331248
0.1957500000000001,0.833162026331248
0.1958,0.8328262076058512
0.1958500000000001,0.8328262076058512
0.1959,0.833162026331248
0.1959500000000001,0.833162026331248
0.196,0.8328262076058512
0.1960500000000001,0.8328262076058512
0.1960999999999999,0.8328262076058512
0.19615,0.833162026331248
0.1961999999999999,0.8328262076058512
0.19625,0.833162026331248
0.1962999999999999,0.8328262076058512
0.19635,0.833162026331248
0.1963999999999999,0.8328262076058512
0.19645,0.8328262076058512
0.1964999999999999,0.8328262076058512
0.19655,0.833162026331248
0.1966000000000001,0.8328262076058512
0.19665,0.8328262076058512
0.1967000000000001,0.833162026331248
0.19675,0.833162026331248
0.1968000000000001,0.833162026331248
0.19685,0.833162026331248
0.1969000000000001,0.833162026331248
0.19695,0.833162026331248
0.1970000000000001,0.833162026331248
0.1970499999999999,0.833162026331248
0.1971000000000001,0.8328262076058512
0.1971499999999999,0.833162026331248
0.1972,0.833162026331248
0.1972499999999999,0.833162026331248
0.1973,0.8328262076058512
0.1973499999999999,0.833162026331248
0.1974,0.833162026331248
0.1974499999999999,0.833162026331248
0.1975,0.8328262076058512
0.1975499999999999,0.8328262076058512
0.1976,0.833162026331248
0.1976500000000001,0.8328262076058512
0.1977,0.833162026331248
0.1977500000000001,0.8328262076058512
0.1978,0.833162026331248
0.1978500000000001,0.833162026331248
0.1979,0.833162026331248
0.1979500000000001,0.833162026331248
0.198,0.8328262076058512
0.1980500000000001,0.8328262076058512
0.1980999999999999,0.8328262076058512
0.19815,0.833162026331248
0.1981999999999999,0.8328262076058512
0.19825,0.8328262076058512
0.1982999999999999,0.833162026331248
0.19835,0.8328262076058512
0.1983999999999999,0.8328262076058512
0.19845,0.8328262076058512
0.1984999999999999,0.833162026331248
0.19855,0.8328262076058512
0.1986000000000001,0.8328262076058512
0.19865,0.8328262076058512
0.1987000000000001,0.8328262076058512
0.19875,0.8328262076058512
0.1988000000000001,0.8328262076058512
0.19885,0.8328262076058512
0.1989000000000001,0.8328262076058512
0.19895,0.8328262076058512
0.1990000000000001,0.8328262076058512
0.1990499999999999,0.8328262076058512
0.1991000000000001,0.8328262076058512
0.1991499999999999,0.8328262076058512
0.1992,0.8328262076058512
0.1992499999999999,0.8328262076058512
0.1993,0.8328262076058512
0.1993499999999999,0.8328262076058512
0.1994,0.8328262076058512
0.1994499999999999,0.8328262076058512
0.1995,0.8328262076058512
0.1995499999999999,0.8328262076058512
0.1996,0.833162026331248
0.1996500000000001,0.8328262076058512
0.1997,0.833162026331248
0.1997500000000001,0.833162026331248
0.1998,0.8328262076058512
0.1998500000000001,0.833162026331248
0.1999,0.8328262076058512
0.1999500000000001,0.833162026331248
0.2,0.833162026331248
0.2000500000000001,0.8328262076058512
0.2000999999999999,0.8328262076058512
0.2001500000000001,0.8328262076058512
0.2001999999999999,0.8328262076058512
0.20025,0.833162026331248
0.2002999999999999,0.833162026331248
0.20035,0.833162026331248
0.2003999999999999,0.833162026331248
0.20045,0.8328262076058512
0.2004999999999999,0.8328262076058512
0.20055,0.8328262076058512
0.2005999999999999,0.833162026331248
0.20065,0.8328262076058512
0.2007000000000001,0.8328262076058512
0.20075,0.8328262076058512
0.2008000000000001,0.8328262076058512
0.20085,0.8328262076058512
0.2009000000000001,0.8328262076058512
0.20095,0.8328262076058512
0.2010000000000001,0.8328262076058512
0.20105,0.8328262076058512
0.2011000000000001,0.833162026331248
0.2011499999999999,0.8328262076058512
0.2012,0.8328262076058512
0.2012499999999999,0.8328262076058512
0.2013,0.833162026331248
0.2013499999999999,0.833162026331248
0.2014,0.833162026331248
0.2014499999999999,0.8328262076058512
0.2015,0.8328262076058512
0.2015499999999999,0.8328262076058512
0.2016,0.8328262076058512
0.2016500000000001,0.8328262076058512
0.2017,0.8328262076058512
0.2017500000000001,0.8328262076058512
0.2018,0.8328262076058512
0.2018500000000001,0.8328262076058512
0.2019,0.8328262076058512
0.2019500000000001,0.8328262076058512
0.202,0.8328262076058512
0.2020500000000001,0.8328262076058512
0.2020999999999999,0.8328262076058512
0.2021500000000001,0.8328262076058512
0.2021999999999999,0.8328262076058512
0.20225,0.8328262076058512
0.2022999999999999,0.8324903888804545
0.20235,0.8328262076058512
0.2023999999999999,0.8324903888804545
0.20245,0.8324903888804545
0.2024999999999999,0.8324903888804545
0.20255,0.8324903888804545
0.2025999999999999,0.8324903888804545
0.20265,0.8324903888804545
0.2027000000000001,0.8328262076058512
0.20275,0.8324903888804545
0.2028000000000001,0.8328262076058512
0.20285,0.8324903888804545
0.2029000000000001,0.8324903888804545
0.20295,0.8328262076058512
0.2030000000000001,0.8328262076058512
0.20305,0.8324903888804545
0.2031000000000001,0.8328262076058512
0.2031499999999999,0.8328262076058512
0.2032,0.8324903888804545
0.2032499999999999,0.8328262076058512
0.2033,0.8328262076058512
0.2033499999999999,0.8328262076058512
0.2034,0.8324903888804545
0.2034499999999999,0.8324903888804545
0.2035,0.8324903888804545
0.2035499999999999,0.8324903888804545
0.2036,0.8324903888804545
0.2036500000000001,0.8324903888804545
0.2037,0.8324903888804545
0.2037500000000001,0.8324903888804545
0.2038,0.8324903888804545
0.2038500000000001,0.8324903888804545
0.2039,0.8324903888804545
0.2039500000000001,0.8324903888804545
0.204,0.8324903888804545
0.2040500000000001,0.8328262076058512
0.2040999999999999,0.8324903888804545
0.2041500000000001,0.8324903888804545
0.2041999999999999,0.8324903888804545
0.20425,0.8328262076058512
0.2042999999999999,0.8324903888804545
0.20435,0.8324903888804545
0.2043999999999999,0.8324903888804545
0.20445,0.8324903888804545
0.2044999999999999,0.8324903888804545
0.20455,0.8324903888804545
0.2045999999999999,0.8324903888804545
0.20465,0.8324903888804545
0.2047000000000001,0.8324903888804545
0.20475,0.8324903888804545
0.2048000000000001,0.8324903888804545
0.20485,0.8328262076058512
0.2049000000000001,0.8324903888804545
0.20495,0.8324903888804545
0.2050000000000001,0.8324903888804545
0.20505,0.8328262076058512
0.2051000000000001,0.8328262076058512
0.2051499999999999,0.8324903888804545
0.2052,0.8324903888804545
0.2052499999999999,0.8324903888804545
0.2053,0.8324903888804545
0.2053499999999999,0.8324903888804545
0.2054,0.8324903888804545
0.2054499999999999,0.8324903888804545
0.2055,0.8324903888804545
0.2055499999999999,0.8324903888804545
0.2056,0.8324903888804545
0.2056500000000001,0.8324903888804545
0.2057,0.8328262076058512
0.2057500000000001,0.8328262076058512
0.2058,0.8328262076058512
0.2058500000000001,0.8328262076058512
0.2059,0.8328262076058512
0.2059500000000001,0.8328262076058512
0.206,0.8328262076058512
0.2060500000000001,0.8328262076058512
0.2060999999999999,0.8328262076058512
0.2061500000000001,0.8328262076058512
0.2061999999999999,0.8328262076058512
0.20625,0.8328262076058512
0.2062999999999999,0.8328262076058512
0.20635,0.8328262076058512
0.2063999999999999,0.8328262076058512
0.20645,0.8328262076058512
0.2064999999999999,0.8328262076058512
0.20655,0.8328262076058512
0.2065999999999999,0.8328262076058512
0.20665,0.8328262076058512
0.2067000000000001,0.8328262076058512
0.20675,0.8328262076058512
0.2068000000000001,0.8328262076058512
0.20685,0.8328262076058512
0.2069000000000001,0.8328262076058512
0.20695,0.8328262076058512
0.2070000000000001,0.8328262076058512
0.20705,0.8328262076058512
0.2071000000000001,0.8328262076058512
0.2071499999999999,0.8328262076058512
0.2072000000000001,0.8328262076058512
0.2072499999999999,0.8328262076058512
0.2073,0.8328262076058512
0.2073499999999999,0.8328262076058512
0.2074,0.8328262076058512
0.2074499999999999,0.8328262076058512
0.2075,0.8328262076058512
0.2075499999999999,0.8328262076058512
0.2076,0.8328262076058512
0.2076499999999999,0.8328262076058512
0.2077,0.8328262076058512
0.2077500000000001,0.833162026331248
0.2078,0.833162026331248
0.2078500000000001,0.833162026331248
0.2079,0.833162026331248
0.2079500000000001,0.833162026331248
0.208,0.8328262076058512
0.2080500000000001,0.833162026331248
0.2081,0.833162026331248
0.2081500000000001,0.8328262076058512
0.2081999999999999,0.8328262076058512
0.20825,0.8328262076058512
0.2082999999999999,0.8328262076058512
0.20835,0.833162026331248
0.2083999999999999,0.833162026331248
0.20845,0.833162026331248
0.2084999999999999,0.833162026331248
0.20855,0.833162026331248
0.2085999999999999,0.8334978450566448
0.20865,0.833162026331248
0.2087000000000001,0.833162026331248
0.20875,0.833162026331248
0.2088000000000001,0.8334978450566448
0.20885,0.833162026331248
0.2089000000000001,0.833162026331248
0.20895,0.8334978450566448
0.2090000000000001,0.8334978450566448
0.20905,0.8334978450566448
0.2091000000000001,0.833162026331248
0.2091499999999999,0.833162026331248
0.2092000000000001,0.8334978450566448
0.2092499999999999,0.833162026331248
0.2093,0.8334978450566448
0.2093499999999999,0.8334978450566448
0.2094,0.8334978450566448
0.2094499999999999,0.8334978450566448
0.2095,0.8334978450566448
0.2095499999999999,0.833162026331248
0.2096,0.8334978450566448
0.2096499999999999,0.8334978450566448
0.2097,0.8334978450566448
0.2097500000000001,0.8334978450566448
0.2098,0.8334978450566448
0.2098500000000001,0.833162026331248
0.2099,0.8334978450566448
0.2099500000000001,0.833162026331248
0.21,0.8334978450566448
0.2100500000000001,0.8334978450566448
0.2101,0.8334978450566448
0.2101500000000001,0.8334978450566448
0.2101999999999999,0.8334978450566448
0.21025,0.833162026331248
0.2102999999999999,0.8334978450566448
0.21035,0.833162026331248
0.2103999999999999,0.8334978450566448
0.21045,0.8334978450566448
0.2104999999999999,0.8334978450566448
0.21055,0.8334978450566448
0.2105999999999999,0.8334978450566448
0.21065,0.8334978450566448
0.2107000000000001,0.8334978450566448
0.21075,0.8334978450566448
0.2108000000000001,0.833162026331248
0.21085,0.833162026331248
0.2109000000000001,0.833162026331248
0.21095,0.833162026331248
0.2110000000000001,0.833162026331248
0.21105,0.833162026331248
0.2111000000000001,0.833162026331248
0.2111499999999999,0.833162026331248
0.2112000000000001,0.833162026331248
0.2112499999999999,0.833162026331248
0.2113,0.833162026331248
0.2113499999999999,0.833162026331248
0.2114,0.833162026331248
0.2114499999999999,0.833162026331248
0.2115,0.8334978450566448
0.2115499999999999,0.8334978450566448
0.2116,0.8334978450566448
0.2116499999999999,0.8334978450566448
0.2117,0.8334978450566448
0.2117500000000001,0.8334978450566448
0.2118,0.8334978450566448
0.2118500000000001,0.8334978450566448
0.2119,0.8334978450566448
0.2119500000000001,0.8334978450566448
0.212,0.8334978450566448
0.2120500000000001,0.8334978450566448
0.2121,0.8334978450566448
0.2121500000000001,0.833162026331248
0.2121999999999999,0.8334978450566448
0.21225,0.8334978450566448
0.2122999999999999,0.8334978450566448
0.21235,0.8334978450566448
0.2123999999999999,0.8334978450566448
0.21245,0.8334978450566448
0.2124999999999999,0.8334978450566448
0.21255,0.8334978450566448
0.2125999999999999,0.8334978450566448
0.21265,0.8334978450566448
0.2126999999999999,0.8334978450566448
0.21275,0.833162026331248
0.2128000000000001,0.8334978450566448
0.21285,0.8334978450566448
0.2129000000000001,0.833162026331248
0.21295,0.833162026331248
0.2130000000000001,0.833162026331248
0.21305,0.833162026331248
0.2131000000000001,0.833162026331248
0.21315,0.833162026331248
0.2132000000000001,0.833162026331248
0.2132499999999999,0.833162026331248
0.2133,0.833162026331248
0.2133499999999999,0.833162026331248
0.2134,0.833162026331248
0.2134499999999999,0.833162026331248
0.2135,0.833162026331248
0.2135499999999999,0.833162026331248
0.2136,0.833162026331248
0.2136499999999999,0.833162026331248
0.2137,0.833162026331248
0.2137500000000001,0.833162026331248
0.2138,0.833162026331248
0.2138500000000001,0.833162026331248
0.2139,0.833162026331248
0.2139500000000001,0.833162026331248
0.214,0.833162026331248
0.2140500000000001,0.833162026331248
0.2141,0.833162026331248
0.2141500000000001,0.833162026331248
0.2141999999999999,0.833162026331248
0.2142500000000001,0.833162026331248
0.2142999999999999,0.833162026331248
0.21435,0.833162026331248
0.2143999999999999,0.833162026331248
0.21445,0.833162026331248
0.2144999999999999,0.833162026331248
0.21455,0.833162026331248
0.2145999999999999,0.833162026331248
0.21465,0.833162026331248
0.2146999999999999,0.833162026331248
0.21475,0.833162026331248
0.2148000000000001,0.833162026331248
0.21485,0.833162026331248
0.2149000000000001,0.833162026331248
0.21495,0.833162026331248
0.2150000000000001,0.8328262076058512
0.21505,0.8328262076058512
0.2151000000000001,0.833162026331248
0.21515,0.8328262076058512
0.2152000000000001,0.833162026331248
0.2152499999999999,0.833162026331248
0.2153,0.8328262076058512
0.2153499999999999,0.833162026331248
0.2154,0.8328262076058512
0.2154499999999999,0.8328262076058512
0.2155,0.833162026331248
0.2155499999999999,0.833162026331248
0.2156,0.8328262076058512
0.2156499999999999,0.8328262076058512
0.2157,0.8328262076058512
0.2157500000000001,0.8328262076058512
0.2158,0.8328262076058512
0.2158500000000001,0.8328262076058512
0.2159,0.833162026331248
0.2159500000000001,0.8328262076058512
0.216,0.8328262076058512
0.2160500000000001,0.8328262076058512
0.2161,0.833162026331248
0.2161500000000001,0.8328262076058512
0.2161999999999999,0.8328262076058512
0.2162500000000001,0.833162026331248
0.2162999999999999,0.833162026331248
0.21635,0.833162026331248
0.2163999999999999,0.833162026331248
0.21645,0.8328262076058512
0.2164999999999999,0.8328262076058512
0.21655,0.8328262076058512
0.2165999999999999,0.833162026331248
0.21665,0.833162026331248
0.2166999999999999,0.833162026331248
0.21675,0.833162026331248
0.2168000000000001,0.833162026331248
0.21685,0.833162026331248
0.2169000000000001,0.833162026331248
0.21695,0.833162026331248
0.2170000000000001,0.833162026331248
0.21705,0.833162026331248
0.2171000000000001,0.8328262076058512
0.21715,0.8328262076058512
0.2172000000000001,0.833162026331248
0.2172499999999999,0.8328262076058512
0.2173,0.8328262076058512
0.2173499999999999,0.8328262076058512
0.2174,0.8328262076058512
0.2174499999999999,0.8328262076058512
0.2175,0.8328262076058512
0.2175499999999999,0.8328262076058512
0.2176,0.833162026331248
0.2176499999999999,0.833162026331248
0.2177,0.833162026331248
0.2177500000000001,0.833162026331248
0.2178,0.833162026331248
0.2178500000000001,0.8328262076058512
0.2179,0.833162026331248
0.2179500000000001,0.833162026331248
0.218,0.8328262076058512
0.2180500000000001,0.8328262076058512
0.2181,0.8328262076058512
0.2181500000000001,0.8328262076058512
0.2181999999999999,0.8328262076058512
0.2182500000000001,0.8328262076058512
0.2182999999999999,0.833162026331248
0.21835,0.833162026331248
0.2183999999999999,0.833162026331248
0.21845,0.8328262076058512
0.2184999999999999,0.833162026331248
0.21855,0.833162026331248
0.2185999999999999,0.833162026331248
0.21865,0.833162026331248
0.2186999999999999,0.8328262076058512
0.21875,0.8328262076058512
0.2188000000000001,0.8328262076058512
0.21885,0.8328262076058512
0.2189000000000001,0.8328262076058512
0.21895,0.8328262076058512
0.2190000000000001,0.833162026331248
0.21905,0.8328262076058512
0.2191000000000001,0.8328262076058512
0.21915,0.8328262076058512
0.2192000000000001,0.8328262076058512
0.2192499999999999,0.8328262076058512
0.2193000000000001,0.833162026331248
0.2193499999999999,0.8328262076058512
0.2194,0.8328262076058512
0.2194499999999999,0.8328262076058512
0.2195,0.8328262076058512
0.2195499999999999,0.8328262076058512
0.2196,0.8328262076058512
0.2196499999999999,0.8328262076058512
0.2197,0.8328262076058512
0.2197499999999999,0.8328262076058512
0.2198,0.8328262076058512
0.2198500000000001,0.8328262076058512
0.2199,0.8328262076058512
0.2199500000000001,0.8328262076058512
0.22,0.8328262076058512
0.2200500000000001,0.8328262076058512
0.2201,0.8328262076058512
0.2201500000000001,0.8328262076058512
0.2202,0.8328262076058512
0.2202500000000001,0.8328262076058512
0.2202999999999999,0.8328262076058512
0.22035,0.8328262076058512
0.2203999999999999,0.8328262076058512
0.22045,0.8328262076058512
0.2204999999999999,0.8328262076058512
0.22055,0.8328262076058512
0.2205999999999999,0.8328262076058512
0.22065,0.8328262076058512
0.2206999999999999,0.8328262076058512
0.22075,0.8328262076058512
0.2208000000000001,0.8328262076058512
0.22085,0.8328262076058512
0.2209000000000001,0.8328262076058512
0.22095,0.8328262076058512
0.2210000000000001,0.8328262076058512
0.22105,0.8328262076058512
0.2211000000000001,0.8328262076058512
0.22115,0.8328262076058512
0.2212000000000001,0.8328262076058512
0.2212499999999999,0.833162026331248
0.2213000000000001,0.8328262076058512
0.2213499999999999,0.8328262076058512
0.2214,0.8328262076058512
0.2214499999999999,0.8328262076058512
0.2215,0.833162026331248
0.2215499999999999,0.8328262076058512
0.2216,0.8328262076058512
0.2216499999999999,0.8328262076058512
0.2217,0.8328262076058512
0.2217499999999999,0.8328262076058512
0.2218,0.8328262076058512
0.2218500000000001,0.8328262076058512
0.2219,0.8328262076058512
0.2219500000000001,0.8328262076058512
0.222,0.8328262076058512
0.2220500000000001,0.8324903888804545
0.2221,0.8324903888804545
0.2221500000000001,0.8328262076058512
0.2222,0.8324903888804545
0.2222500000000001,0.8328262076058512
0.2222999999999999,0.8324903888804545
0.22235,0.8324903888804545
0.2223999999999999,0.8328262076058512
0.22245,0.8324903888804545
0.2224999999999999,0.8324903888804545
0.22255,0.8324903888804545
0.2225999999999999,0.8324903888804545
0.22265,0.8324903888804545
0.2226999999999999,0.8324903888804545
0.22275,0.8324903888804545
0.2228000000000001,0.8324903888804545
0.22285,0.8324903888804545
0.2229000000000001,0.8324903888804545
0.22295,0.8324903888804545
0.2230000000000001,0.8324903888804545
0.22305,0.8324903888804545
0.2231000000000001,0.8328262076058512
0.22315,0.8324903888804545
0.2232000000000001,0.8324903888804545
0.2232499999999999,0.8328262076058512
0.2233000000000001,0.8328262076058512
0.2233499999999999,0.8324903888804545
0.2234,0.8328262076058512
0.2234499999999999,0.8324903888804545
0.2235,0.8324903888804545
0.2235499999999999,0.8324903888804545
0.2236,0.8324903888804545
0.2236499999999999,0.8324903888804545
0.2237,0.8324903888804545
0.2237499999999999,0.8324903888804545
0.2238,0.8324903888804545
0.2238500000000001,0.8324903888804545
0.2239,0.8324903888804545
0.2239500000000001,0.8324903888804545
0.224,0.8324903888804545
0.2240500000000001,0.8324903888804545
0.2241,0.8324903888804545
0.2241500000000001,0.8324903888804545
0.2242,0.8324903888804545
0.2242500000000001,0.8324903888804545
0.2242999999999999,0.8324903888804545
0.22435,0.8324903888804545
0.2243999999999999,0.8324903888804545
0.22445,0.8324903888804545
0.2244999999999999,0.8324903888804545
0.22455,0.8328262076058512
0.2245999999999999,0.8324903888804545
0.22465,0.8324903888804545
0.2246999999999999,0.8324903888804545
0.22475,0.8324903888804545
0.2248000000000001,0.8324903888804545
0.22485,0.8324903888804545
0.2249000000000001,0.8324903888804545
0.22495,0.8324903888804545
0.2250000000000001,0.8324903888804545
0.22505,0.8324903888804545
0.2251000000000001,0.8324903888804545
0.22515,0.8324903888804545
0.2252000000000001,0.8324903888804545
0.22525,0.8328262076058512
0.2253000000000001,0.8324903888804545
0.2253499999999999,0.8324903888804545
0.2254,0.8324903888804545
0.2254499999999999,0.8324903888804545
0.2255,0.8328262076058512
0.2255499999999999,0.8324903888804545
0.2256,0.8324903888804545
0.2256499999999999,0.8324903888804545
0.2257,0.8324903888804545
0.2257499999999999,0.8328262076058512
0.2258,0.8324903888804545
0.2258500000000001,0.8328262076058512
0.2259,0.8328262076058512
0.2259500000000001,0.8324903888804545
0.226,0.8328262076058512
0.2260500000000001,0.8328262076058512
0.2261,0.8328262076058512
0.2261500000000001,0.8328262076058512
0.2262,0.8324903888804545
0.2262500000000001,0.8328262076058512
0.2262999999999999,0.8328262076058512
0.2263500000000001,0.8328262076058512
0.2263999999999999,0.8328262076058512
0.22645,0.8324903888804545
0.2264999999999999,0.8324903888804545
0.22655,0.8324903888804545
0.2265999999999999,0.8328262076058512
0.22665,0.8328262076058512
0.2266999999999999,0.8328262076058512
0.22675,0.8328262076058512
0.2267999999999999,0.8328262076058512
0.22685,0.8328262076058512
0.2269000000000001,0.8328262076058512
0.22695,0.8328262076058512
0.2270000000000001,0.8328262076058512
0.22705,0.8328262076058512
0.2271000000000001,0.833162026331248
0.22715,0.8328262076058512
0.2272000000000001,0.8328262076058512
0.22725,0.8328262076058512
0.2273000000000001,0.8328262076058512
0.2273499999999999,0.8328262076058512
0.2274,0.8328262076058512
0.2274499999999999,0.8328262076058512
0.2275,0.833162026331248
0.2275499999999999,0.8328262076058512
0.2276,0.8328262076058512
0.2276499999999999,0.8328262076058512
0.2277,0.833162026331248
0.2277499999999999,0.833162026331248
0.2278,0.833162026331248
0.2278500000000001,0.833162026331248
0.2279,0.833162026331248
0.2279500000000001,0.8328262076058512
0.228,0.8328262076058512
0.2280500000000001,0.8328262076058512
0.2281,0.8328262076058512
0.2281500000000001,0.8328262076058512
0.2282,0.8328262076058512
0.2282500000000001,0.833162026331248
0.2282999999999999,0.8328262076058512
0.2283500000000001,0.8328262076058512
0.2283999999999999,0.8328262076058512
0.22845,0.833162026331248
0.2284999999999999,0.833162026331248
0.22855,0.833162026331248
0.2285999999999999,0.833162026331248
0.22865,0.8334978450566448
0.2286999999999999,0.833162026331248
0.22875,0.833162026331248
0.2287999999999999,0.833162026331248
0.22885,0.833162026331248
0.2289000000000001,0.8328262076058512
0.22895,0.833162026331248
0.2290000000000001,0.833162026331248
0.22905,0.833162026331248
0.2291000000000001,0.833162026331248
0.22915,0.833162026331248
0.2292000000000001,0.833162026331248
0.22925,0.833162026331248
0.2293000000000001,0.833162026331248
0.2293499999999999,0.833162026331248
0.2294,0.833162026331248
0.2294499999999999,0.833162026331248
0.2295,0.833162026331248
0.2295499999999999,0.833162026331248
0.2296,0.833162026331248
0.2296499999999999,0.833162026331248
0.2297,0.8334978450566448
0.2297499999999999,0.8334978450566448
0.2298,0.8334978450566448
0.2298500000000001,0.833162026331248
0.2299,0.833162026331248
0.2299500000000001,0.833162026331248
0.23,0.833162026331248
0.2300500000000001,0.833162026331248
0.2301,0.833162026331248
0.2301500000000001,0.833162026331248
0.2302,0.833162026331248
0.2302500000000001,0.833162026331248
0.2302999999999999,0.833162026331248
0.2303500000000001,0.833162026331248
0.2303999999999999,0.833162026331248
0.23045,0.8334978450566448
0.2304999999999999,0.833162026331248
0.23055,0.8334978450566448
0.2305999999999999,0.833162026331248
0.23065,0.8334978450566448
0.2306999999999999,0.833162026331248
0.23075,0.833162026331248
0.2307999999999999,0.833162026331248
0.23085,0.833162026331248
0.2309000000000001,0.8334978450566448
0.23095,0.833162026331248
0.2310000000000001,0.833162026331248
0.23105,0.833162026331248
0.2311000000000001,0.833162026331248
0.23115,0.833162026331248
0.2312000000000001,0.833162026331248
0.23125,0.833162026331248
0.2313000000000001,0.833162026331248
0.2313499999999999,0.833162026331248
0.2314000000000001,0.833162026331248
0.2314499999999999,0.833162026331248
0.2315,0.833162026331248
0.2315499999999999,0.833162026331248
0.2316,0.833162026331248
0.2316499999999999,0.833162026331248
0.2317,0.833162026331248
0.2317499999999999,0.833162026331248
0.2318,0.833162026331248
0.2318499999999999,0.8334978450566448
0.2319,0.8334978450566448
0.2319500000000001,0.8334978450566448
0.232,0.8334978450566448
0.2320500000000001,0.833162026331248
0.2321,0.833162026331248
0.2321500000000001,0.833162026331248
0.2322,0.8334978450566448
0.2322500000000001,0.833162026331248
0.2323,0.8334978450566448
0.2323500000000001,0.8334978450566448
0.2323999999999999,0.8334978450566448
0.23245,0.8334978450566448
0.2324999999999999,0.8334978450566448
0.23255,0.8334978450566448
0.2325999999999999,0.8334978450566448
0.23265,0.8334978450566448
0.2326999999999999,0.8334978450566448
0.23275,0.8334978450566448
0.2327999999999999,0.8334978450566448
0.23285,0.8334978450566448
0.2329000000000001,0.8334978450566448
0.23295,0.8334978450566448
0.2330000000000001,0.833162026331248
0.23305,0.833162026331248
0.2331000000000001,0.833162026331248
0.23315,0.8328262076058512
0.2332000000000001,0.833162026331248
0.23325,0.833162026331248
0.2333000000000001,0.833162026331248
0.2333499999999999,0.833162026331248
0.2334000000000001,0.833162026331248
0.2334499999999999,0.833162026331248
0.2335,0.833162026331248
0.2335499999999999,0.833162026331248
0.2336,0.833162026331248
0.2336499999999999,0.833162026331248
0.2337,0.833162026331248
0.2337499999999999,0.833162026331248
0.2338,0.833162026331248
0.2338499999999999,0.833162026331248
0.2339,0.833162026331248
0.2339500000000001,0.833162026331248
0.234,0.833162026331248
0.2340500000000001,0.833162026331248
0.2341,0.8328262076058512
0.2341500000000001,0.8328262076058512
0.2342,0.8328262076058512
0.2342500000000001,0.8328262076058512
0.2343,0.8328262076058512
0.2343500000000001,0.8328262076058512
0.2343999999999999,0.8328262076058512
0.23445,0.833162026331248
0.2344999999999999,0.8328262076058512
0.23455,0.833162026331248
0.2345999999999999,0.833162026331248
0.23465,0.833162026331248
0.2346999999999999,0.8328262076058512
0.23475,0.833162026331248
0.2347999999999999,0.833162026331248
0.23485,0.833162026331248
0.2349000000000001,0.833162026331248
0.23495,0.8328262076058512
0.2350000000000001,0.8328262076058512
0.23505,0.8328262076058512
0.2351000000000001,0.833162026331248
0.23515,0.833162026331248
0.2352000000000001,0.833162026331248
0.23525,0.833162026331248
0.2353000000000001,0.833162026331248
0.2353499999999999,0.833162026331248
0.2354000000000001,0.833162026331248
0.2354499999999999,0.8328262076058512
0.2355,0.8328262076058512
0.2355499999999999,0.833162026331248
0.2356,0.833162026331248
0.2356499999999999,0.833162026331248
0.2357,0.833162026331248
0.2357499999999999,0.833162026331248
0.2358,0.8328262076058512
0.2358499999999999,0.8328262076058512
0.2359,0.8328262076058512
0.2359500000000001,0.833162026331248
0.236,0.8328262076058512
0.2360500000000001,0.8328262076058512
0.2361,0.833162026331248
0.2361500000000001,0.8328262076058512
0.2362,0.833162026331248
0.2362500000000001,0.833162026331248
0.2363,0.833162026331248
0.2363500000000001,0.833162026331248
0.2363999999999999,0.833162026331248
0.23645,0.8328262076058512
0.2364999999999999,0.8328262076058512
0.23655,0.8328262076058512
0.2365999999999999,0.8328262076058512
0.23665,0.8328262076058512
0.2366999999999999,0.8328262076058512
0.23675,0.833162026331248
0.2367999999999999,0.8328262076058512
0.23685,0.8328262076058512
0.2369000000000001,0.833162026331248
0.23695,0.833162026331248
0.2370000000000001,0.8328262076058512
0.23705,0.8328262076058512
0.2371000000000001,0.8328262076058512
0.23715,0.8328262076058512
0.2372000000000001,0.8328262076058512
0.23725,0.833162026331248
0.2373000000000001,0.8328262076058512
0.2373499999999999,0.8328262076058512
0.2374000000000001,0.8328262076058512
0.2374499999999999,0.8328262076058512
0.2375,0.8328262076058512
0.2375499999999999,0.8328262076058512
0.2376,0.8328262076058512
0.2376499999999999,0.833162026331248
0.2377,0.8328262076058512
0.2377499999999999,0.8328262076058512
0.2378,0.833162026331248
0.2378499999999999,0.833162026331248
0.2379,0.833162026331248
0.2379500000000001,0.833162026331248
0.238,0.833162026331248
0.2380500000000001,0.8328262076058512
0.2381,0.8328262076058512
0.2381500000000001,0.8328262076058512
0.2382,0.8328262076058512
0.2382500000000001,0.8328262076058512
0.2383,0.8328262076058512
0.2383500000000001,0.8328262076058512
0.2383999999999999,0.8328262076058512
0.2384500000000001,0.8328262076058512
0.2384999999999999,0.8328262076058512
0.23855,0.833162026331248
0.2385999999999999,0.8328262076058512
0.23865,0.8328262076058512
0.2386999999999999,0.833162026331248
0.23875,0.8328262076058512
0.2387999999999999,0.8328262076058512
0.23885,0.8328262076058512
0.2388999999999999,0.8328262076058512
0.23895,0.8328262076058512
0.2390000000000001,0.8328262076058512
0.23905,0.8328262076058512
0.2391000000000001,0.8328262076058512
0.23915,0.8328262076058512
0.2392000000000001,0.8328262076058512
0.23925,0.8328262076058512
0.2393000000000001,0.833162026331248
0.23935,0.8328262076058512
0.2394000000000001,0.833162026331248
0.2394499999999999,0.833162026331248
0.2395,0.833162026331248
0.2395499999999999,0.8328262076058512
0.2396,0.8328262076058512
0.2396499999999999,0.8328262076058512
0.2397,0.8328262076058512
0.2397499999999999,0.833162026331248
0.2398,0.8328262076058512
0.2398499999999999,0.8328262076058512
0.2399,0.8328262076058512
0.2399500000000001,0.8328262076058512
0.24,0.8328262076058512
0.2400500000000001,0.833162026331248
0.2401,0.8328262076058512
0.2401500000000001,0.833162026331248
0.2402,0.833162026331248
0.2402500000000001,0.833162026331248
0.2403,0.8328262076058512
0.2403500000000001,0.8328262076058512
0.2403999999999999,0.8328262076058512
0.2404500000000001,0.8328262076058512
0.2404999999999999,0.8328262076058512
0.24055,0.8328262076058512
0.2405999999999999,0.8328262076058512
0.24065,0.8328262076058512
0.2406999999999999,0.8328262076058512
0.24075,0.833162026331248
0.2407999999999999,0.833162026331248
0.24085,0.8328262076058512
0.2408999999999999,0.8328262076058512
0.24095,0.833162026331248
0.2410000000000001,0.833162026331248
0.24105,0.833162026331248
0.2411000000000001,0.8328262076058512
0.24115,0.833162026331248
0.2412000000000001,0.8328262076058512
0.24125,0.833162026331248
0.2413000000000001,0.833162026331248
0.24135,0.8328262076058512
0.2414000000000001,0.8328262076058512
0.2414499999999999,0.833162026331248
0.2415,0.833162026331248
0.2415499999999999,0.8328262076058512
0.2416,0.833162026331248
0.2416499999999999,0.833162026331248
0.2417,0.8328262076058512
0.2417499999999999,0.8328262076058512
0.2418,0.8328262076058512
0.2418499999999999,0.8328262076058512
0.2419,0.8328262076058512
0.2419500000000001,0.8324903888804545
0.242,0.8328262076058512
0.2420500000000001,0.8328262076058512
0.2421,0.8324903888804545
0.2421500000000001,0.8324903888804545
0.2422,0.8324903888804545
0.2422500000000001,0.8324903888804545
0.2423,0.8324903888804545
0.2423500000000001,0.8324903888804545
0.2423999999999999,0.8324903888804545
0.2424500000000001,0.8324903888804545
0.2424999999999999,0.8324903888804545
0.24255,0.8324903888804545
0.2425999999999999,0.8324903888804545
0.24265,0.8324903888804545
0.2426999999999999,0.8324903888804545
0.24275,0.8324903888804545
0.2427999999999999,0.8328262076058512
0.24285,0.8328262076058512
0.2428999999999999,0.8324903888804545
0.24295,0.8324903888804545
0.2430000000000001,0.8324903888804545
0.24305,0.8328262076058512
0.2431000000000001,0.8324903888804545
0.24315,0.8324903888804545
0.2432000000000001,0.8328262076058512
0.24325,0.8324903888804545
0.2433000000000001,0.8328262076058512
0.24335,0.8328262076058512
0.2434000000000001,0.8324903888804545
0.2434499999999999,0.8324903888804545
0.2435,0.8324903888804545
0.2435499999999999,0.8324903888804545
0.2436,0.8324903888804545
0.2436499999999999,0.8324903888804545
0.2437,0.8324903888804545
0.2437499999999999,0.8324903888804545
0.2438,0.8324903888804545
0.2438499999999999,0.8324903888804545
0.2439,0.8324903888804545
0.2439499999999999,0.8324903888804545
0.244,0.8324903888804545
0.2440500000000001,0.8324903888804545
0.2441,0.8324903888804545
0.2441500000000001,0.8324903888804545
0.2442,0.8328262076058512
0.2442500000000001,0.8324903888804545
0.2443,0.8324903888804545
0.2443500000000001,0.8324903888804545
0.2444,0.8324903888804545
0.2444500000000001,0.8324903888804545
0.2444999999999999,0.8324903888804545
0.24455,0.8324903888804545
0.2445999999999999,0.8324903888804545
0.24465,0.8324903888804545
0.2446999999999999,0.8324903888804545
0.24475,0.8324903888804545
0.2447999999999999,0.8324903888804545
0.24485,0.8324903888804545
0.2448999999999999,0.8324903888804545
0.24495,0.8324903888804545
0.2450000000000001,0.8324903888804545
0.24505,0.8324903888804545
0.2451000000000001,0.8324903888804545
0.24515,0.8324903888804545
0.2452000000000001,0.8324903888804545
0.24525,0.8324903888804545
0.2453000000000001,0.8324903888804545
0.24535,0.8324903888804545
0.2454000000000001,0.8324903888804545
0.2454499999999999,0.8324903888804545
0.2455000000000001,0.8324903888804545
0.2455499999999999,0.8324903888804545
0.2456,0.8324903888804545
0.2456499999999999,0.8324903888804545
0.2457,0.8328262076058512
0.2457499999999999,0.8324903888804545
0.2458,0.8324903888804545
0.2458499999999999,0.8324903888804545
0.2459,0.8324903888804545
0.2459499999999999,0.8328262076058512
0.246,0.8328262076058512
0.2460500000000001,0.8328262076058512
0.2461,0.8328262076058512
0.2461500000000001,0.833162026331248
0.2462,0.8328262076058512
0.2462500000000001,0.8328262076058512
0.2463,0.8328262076058512
0.2463500000000001,0.8328262076058512
0.2464,0.8328262076058512
0.2464500000000001,0.8328262076058512
0.2464999999999999,0.8324903888804545
0.24655,0.8328262076058512
0.2465999999999999,0.8328262076058512
0.24665,0.8328262076058512
0.2466999999999999,0.8328262076058512
0.24675,0.8328262076058512
0.2467999999999999,0.8328262076058512
0.24685,0.8328262076058512
0.2468999999999999,0.8328262076058512
0.24695,0.8328262076058512
0.2470000000000001,0.8328262076058512
0.24705,0.8328262076058512
0.2471000000000001,0.8328262076058512
0.24715,0.8328262076058512
0.2472000000000001,0.8328262076058512
0.24725,0.8328262076058512
0.2473000000000001,0.8328262076058512
0.24735,0.8328262076058512
0.2474000000000001,0.8328262076058512
0.2474499999999999,0.8328262076058512
0.2475000000000001,0.8328262076058512
0.2475499999999999,0.8328262076058512
0.2476,0.8328262076058512
0.2476499999999999,0.8328262076058512
0.2477,0.8328262076058512
0.2477499999999999,0.8328262076058512
0.2478,0.8328262076058512
0.2478499999999999,0.8328262076058512
0.2479,0.8328262076058512
0.2479499999999999,0.8328262076058512
0.248,0.8328262076058512
0.2480500000000001,0.8328262076058512
0.2481,0.8328262076058512
0.2481500000000001,0.8328262076058512
0.2482,0.8328262076058512
0.2482500000000001,0.8328262076058512
0.2483,0.8328262076058512
0.2483500000000001,0.8328262076058512
0.2484,0.8328262076058512
0.2484500000000001,0.833162026331248
0.2484999999999999,0.833162026331248
0.24855,0.833162026331248
0.2485999999999999,0.833162026331248
0.24865,0.8334978450566448
0.2486999999999999,0.833162026331248
0.24875,0.833162026331248
0.2487999999999999,0.833162026331248
0.24885,0.833162026331248
0.2488999999999999,0.833162026331248
0.24895,0.833162026331248
0.2490000000000001,0.833162026331248
0.24905,0.833162026331248
0.2491000000000001,0.833162026331248
0.24915,0.833162026331248
0.2492000000000001,0.833162026331248
0.24925,0.833162026331248
0.2493000000000001,0.833162026331248
0.24935,0.833162026331248
0.2494000000000001,0.833162026331248
0.2494499999999999,0.833162026331248
0.2495000000000001,0.833162026331248
0.2495499999999999,0.833162026331248
0.2496,0.833162026331248
0.2496499999999999,0.833162026331248
0.2497,0.833162026331248
0.2497499999999999,0.833162026331248
0.2498,0.833162026331248
0.2498499999999999,0.833162026331248
0.2499,0.833162026331248
0.2499499999999999,0.833162026331248
0.25,0.833162026331248
0.2500500000000001,0.833162026331248
0.2501,0.833162026331248
0.2501500000000001,0.8328262076058512
0.2502,0.8328262076058512
0.2502500000000001,0.833162026331248
0.2503,0.833162026331248
0.2503500000000001,0.8334978450566448
0.2504,0.8334978450566448
0.2504500000000001,0.8334978450566448
0.2504999999999999,0.8334978450566448
0.2505500000000001,0.8334978450566448
0.2505999999999999,0.8334978450566448
0.25065,0.833162026331248
0.2506999999999999,0.8334978450566448
0.25075,0.8334978450566448
0.2507999999999999,0.8334978450566448
0.25085,0.8334978450566448
0.2508999999999999,0.833162026331248
0.25095,0.833162026331248
0.2509999999999999,0.8334978450566448
0.25105,0.833162026331248
0.2511000000000001,0.8334978450566448
0.25115,0.833162026331248
0.2512000000000001,0.833162026331248
0.25125,0.833162026331248
0.2513000000000001,0.833162026331248
0.25135,0.833162026331248
0.2514000000000001,0.833162026331248
0.25145,0.833162026331248
0.2515000000000001,0.833162026331248
0.2515499999999999,0.8334978450566448
0.2516,0.8334978450566448
0.2516499999999999,0.8334978450566448
0.2517,0.8334978450566448
0.2517499999999999,0.8334978450566448
0.2518,0.8334978450566448
0.2518499999999999,0.8334978450566448
0.2519,0.8334978450566448
0.2519499999999999,0.8334978450566448
0.252,0.8334978450566448
0.2520500000000001,0.8334978450566448
0.2521,0.833162026331248
0.2521500000000001,0.8334978450566448
0.2522,0.833162026331248
0.2522500000000001,0.8334978450566448
0.2523,0.833162026331248
0.2523500000000001,0.8334978450566448
0.2524,0.833162026331248
0.2524500000000001,0.833162026331248
0.2524999999999999,0.8334978450566448
0.2525500000000001,0.8334978450566448
0.2525999999999999,0.8334978450566448
0.25265,0.8334978450566448
0.2526999999999999,0.833162026331248
0.25275,0.8334978450566448
0.2527999999999999,0.833162026331248
0.25285,0.833162026331248
0.2528999999999999,0.8334978450566448
0.25295,0.833162026331248
0.2529999999999999,0.833162026331248
0.25305,0.833162026331248
0.2531000000000001,0.833162026331248
0.25315,0.833162026331248
0.2532000000000001,0.833162026331248
0.25325,0.833162026331248
0.2533000000000001,0.833162026331248
0.25335,0.833162026331248
0.2534000000000001,0.833162026331248
0.25345,0.833162026331248
0.2535000000000001,0.833162026331248
0.2535499999999999,0.8328262076058512
0.2536,0.833162026331248
0.2536499999999999,0.833162026331248
0.2537,0.833162026331248
0.2537499999999999,0.8328262076058512
0.2538,0.833162026331248
0.2538499999999999,0.8328262076058512
0.2539,0.833162026331248
0.2539499999999999,0.8328262076058512
0.254,0.8328262076058512
0.2540500000000001,0.8328262076058512
0.2541,0.8328262076058512
0.2541500000000001,0.8328262076058512
0.2542,0.8328262076058512
0.2542500000000001,0.8328262076058512
0.2543,0.833162026331248
0.2543500000000001,0.833162026331248
0.2544,0.833162026331248
0.2544500000000001,0.8328262076058512
0.2544999999999999,0.8328262076058512
0.2545500000000001,0.833162026331248
0.2545999999999999,0.833162026331248
0.25465,0.833162026331248
0.2546999999999999,0.833162026331248
0.25475,0.833162026331248
0.2547999999999999,0.833162026331248
0.25485,0.833162026331248
0.2548999999999999,0.8328262076058512
0.25495,0.8328262076058512
0.2549999999999999,0.8328262076058512
0.25505,0.8328262076058512
0.2551000000000001,0.833162026331248
0.25515,0.8328262076058512
0.2552000000000001,0.8328262076058512
0.25525,0.8328262076058512
0.2553000000000001,0.8328262076058512
0.25535,0.8328262076058512
0.2554000000000001,0.8328262076058512
0.25545,0.8328262076058512
0.2555000000000001,0.8328262076058512
0.2555499999999999,0.8328262076058512
0.2556,0.8328262076058512
0.2556499999999999,0.8328262076058512
0.2557,0.833162026331248
0.2557499999999999,0.8328262076058512
0.2558,0.833162026331248
0.2558499999999999,0.833162026331248
0.2559,0.8328262076058512
0.2559499999999999,0.8328262076058512
0.256,0.8328262076058512
0.2560500000000001,0.8328262076058512
0.2561,0.8328262076058512
0.2561500000000001,0.8328262076058512
0.2562,0.8328262076058512
0.2562500000000001,0.8328262076058512
0.2563,0.8328262076058512
0.2563500000000001,0.8328262076058512
0.2564,0.833162026331248
0.2564500000000001,0.8328262076058512
0.2565,0.833162026331248
0.2565500000000001,0.8328262076058512
0.2565999999999999,0.833162026331248
0.25665,0.8328262076058512
0.2566999999999999,0.8328262076058512
0.25675,0.8328262076058512
0.2567999999999999,0.8328262076058512
0.25685,0.8328262076058512
0.2568999999999999,0.8328262076058512
0.25695,0.8328262076058512
0.2569999999999999,0.8328262076058512
0.25705,0.8328262076058512
0.2571000000000001,0.8328262076058512
0.25715,0.8328262076058512
0.2572000000000001,0.8328262076058512
0.25725,0.8328262076058512
0.2573000000000001,0.8328262076058512
0.25735,0.8328262076058512
0.2574000000000001,0.8328262076058512
0.25745,0.8328262076058512
0.2575000000000001,0.8328262076058512
0.2575499999999999,0.8328262076058512
0.2576000000000001,0.8328262076058512
0.2576499999999999,0.8328262076058512
0.2577,0.8328262076058512
0.2577499999999999,0.8328262076058512
0.2578,0.8328262076058512
0.2578499999999999,0.8328262076058512
0.2579,0.8328262076058512
0.2579499999999999,0.8328262076058512
0.258,0.8328262076058512
0.2580499999999999,0.8328262076058512
0.2581,0.8328262076058512
0.2581500000000001,0.8328262076058512
0.2582,0.8328262076058512
0.2582500000000001,0.8328262076058512
0.2583,0.8328262076058512
0.2583500000000001,0.8328262076058512
0.2584,0.8328262076058512
0.2584500000000001,0.8328262076058512
0.2585,0.8328262076058512
0.2585500000000001,0.833162026331248
0.2585999999999999,0.8328262076058512
0.25865,0.8328262076058512
0.2586999999999999,0.8328262076058512
0.25875,0.8328262076058512
0.2587999999999999,0.8328262076058512
0.25885,0.8328262076058512
0.2588999999999999,0.8328262076058512
0.25895,0.8328262076058512
0.2589999999999999,0.8328262076058512
0.25905,0.8328262076058512
0.2591000000000001,0.833162026331248
0.25915,0.833162026331248
0.2592000000000001,0.8328262076058512
0.25925,0.8328262076058512
0.2593000000000001,0.8328262076058512
0.25935,0.8328262076058512
0.2594000000000001,0.8328262076058512
0.25945,0.8328262076058512
0.2595000000000001,0.8328262076058512
0.2595499999999999,0.8328262076058512
0.2596000000000001,0.8328262076058512
0.2596499999999999,0.8328262076058512
0.2597,0.8328262076058512
0.2597499999999999,0.8328262076058512
0.2598,0.8328262076058512
0.2598499999999999,0.8328262076058512
0.2599,0.8328262076058512
0.2599499999999999,0.833162026331248
0.26,0.833162026331248
0.2600499999999999,0.8328262076058512
0.2601,0.8328262076058512
0.2601500000000001,0.8328262076058512
0.2602,0.8328262076058512
0.2602500000000001,0.8328262076058512
0.2603,0.8328262076058512
0.2603500000000001,0.8328262076058512
0.2604,0.8328262076058512
0.2604500000000001,0.8328262076058512
0.2605,0.8328262076058512
0.2605500000000001,0.8328262076058512
0.2605999999999999,0.8328262076058512
0.26065,0.8328262076058512
0.2606999999999999,0.8328262076058512
0.26075,0.8328262076058512
0.2607999999999999,0.8328262076058512
0.26085,0.8328262076058512
0.2608999999999999,0.8328262076058512
0.26095,0.8328262076058512
0.2609999999999999,0.8328262076058512
0.26105,0.8328262076058512
0.2611000000000001,0.8328262076058512
0.26115,0.833162026331248
0.2612000000000001,0.8328262076058512
0.26125,0.8328262076058512
0.2613000000000001,0.8328262076058512
0.26135,0.8328262076058512
0.2614000000000001,0.8328262076058512
0.26145,0.8328262076058512
0.2615000000000001,0.8328262076058512
0.2615499999999999,0.8328262076058512
0.2616000000000001,0.8328262076058512
0.2616499999999999,0.8328262076058512
0.2617,0.8328262076058512
0.2617499999999999,0.8328262076058512
0.2618,0.8328262076058512
0.2618499999999999,0.8328262076058512
0.2619,0.8324903888804545
0.2619499999999999,0.8328262076058512
0.262,0.8324903888804545
0.2620499999999999,0.8324903888804545
0.2621,0.8324903888804545
0.2621500000000001,0.8324903888804545
0.2622,0.8324903888804545
0.2622500000000001,0.8324903888804545
0.2623,0.8324903888804545
0.2623500000000001,0.8324903888804545
0.2624,0.8324903888804545
0.2624500000000001,0.8324903888804545
0.2625,0.8324903888804545
0.2625500000000001,0.8324903888804545
0.2625999999999999,0.8324903888804545
0.2626500000000001,0.8324903888804545
0.2626999999999999,0.8324903888804545
0.26275,0.8324903888804545
0.2627999999999999,0.8324903888804545
0.26285,0.8324903888804545
0.2628999999999999,0.8324903888804545
0.26295,0.8324903888804545
0.2629999999999999,0.8324903888804545
0.26305,0.8324903888804545
0.2630999999999999,0.8324903888804545
0.26315,0.8324903888804545
0.2632000000000001,0.8324903888804545
0.26325,0.8324903888804545
0.2633000000000001,0.8324903888804545
0.26335,0.8324903888804545
0.2634000000000001,0.8324903888804545
0.26345,0.8324903888804545
0.2635000000000001,0.8324903888804545
0.26355,0.8324903888804545
0.2636000000000001,0.8324903888804545
0.2636499999999999,0.8324903888804545
0.2637,0.8324903888804545
0.2637499999999999,0.8324903888804545
0.2638,0.8324903888804545
0.2638499999999999,0.8324903888804545
0.2639,0.8324903888804545
0.2639499999999999,0.8324903888804545
0.264,0.8324903888804545
0.2640499999999999,0.8324903888804545
0.2641,0.8324903888804545
0.2641500000000001,0.8324903888804545
0.2642,0.8324903888804545
0.2642500000000001,0.8324903888804545
0.2643,0.8324903888804545
0.2643500000000001,0.8324903888804545
0.2644,0.8324903888804545
0.2644500000000001,0.8324903888804545
0.2645,0.8324903888804545
0.2645500000000001,0.8328262076058512
0.2645999999999999,0.8324903888804545
0.2646500000000001,0.8324903888804545
0.2646999999999999,0.8328262076058512
0.26475,0.8324903888804545
0.2647999999999999,0.8324903888804545
0.26485,0.8324903888804545
0.2648999999999999,0.8324903888804545
0.26495,0.8324903888804545
0.2649999999999999,0.8324903888804545
0.26505,0.8324903888804545
0.2650999999999999,0.8324903888804545
0.26515,0.8324903888804545
0.2652000000000001,0.8324903888804545
0.26525,0.8324903888804545
0.2653000000000001,0.8324903888804545
0.26535,0.8324903888804545
0.2654000000000001,0.8324903888804545
0.26545,0.8324903888804545
0.2655000000000001,0.8324903888804545
0.26555,0.8324903888804545
0.2656000000000001,0.8324903888804545
0.2656499999999999,0.8324903888804545
0.2657,0.8328262076058512
0.2657499999999999,0.8328262076058512
0.2658,0.8324903888804545
0.2658499999999999,0.8324903888804545
0.2659,0.8324903888804545
0.2659499999999999,0.8324903888804545
0.266,0.8324903888804545
0.2660499999999999,0.8324903888804545
0.2661,0.8328262076058512
0.2661500000000001,0.8328262076058512
0.2662,0.8324903888804545
0.2662500000000001,0.8324903888804545
0.2663,0.8328262076058512
0.2663500000000001,0.8324903888804545
0.2664,0.8324903888804545
0.2664500000000001,0.8324903888804545
0.2665,0.8324903888804545
0.2665500000000001,0.8328262076058512
0.2665999999999999,0.8328262076058512
0.2666500000000001,0.8328262076058512
0.2666999999999999,0.8328262076058512
0.26675,0.8328262076058512
0.2667999999999999,0.8328262076058512
0.26685,0.8328262076058512
0.2668999999999999,0.8328262076058512
0.26695,0.8328262076058512
0.2669999999999999,0.8328262076058512
0.26705,0.8328262076058512
0.2670999999999999,0.8328262076058512
0.26715,0.8328262076058512
0.2672000000000001,0.8324903888804545
0.26725,0.8328262076058512
0.2673000000000001,0.8328262076058512
0.26735,0.8328262076058512
0.2674000000000001,0.8328262076058512
0.26745,0.8328262076058512
0.2675000000000001,0.8328262076058512
0.26755,0.8328262076058512
0.2676000000000001,0.8328262076058512
0.2676499999999999,0.8328262076058512
0.2677,0.8328262076058512
0.2677499999999999,0.8328262076058512
0.2678,0.8328262076058512
0.2678499999999999,0.8328262076058512
0.2679,0.8328262076058512
0.2679499999999999,0.8328262076058512
0.268,0.8328262076058512
0.2680499999999999,0.8328262076058512
0.2681,0.8328262076058512
0.2681500000000001,0.8328262076058512
0.2682,0.8328262076058512
0.2682500000000001,0.8328262076058512
0.2683,0.8328262076058512
0.2683500000000001,0.833162026331248
0.2684,0.8328262076058512
0.2684500000000001,0.8328262076058512
0.2685,0.833162026331248
0.2685500000000001,0.833162026331248
0.2685999999999999,0.833162026331248
0.2686500000000001,0.833162026331248
0.2686999999999999,0.833162026331248
0.26875,0.833162026331248
0.2687999999999999,0.833162026331248
0.26885,0.833162026331248
0.2688999999999999,0.833162026331248
0.26895,0.833162026331248
0.2689999999999999,0.833162026331248
0.26905,0.833162026331248
0.2690999999999999,0.833162026331248
0.26915,0.833162026331248
0.2692000000000001,0.833162026331248
0.26925,0.833162026331248
0.2693000000000001,0.833162026331248
0.26935,0.833162026331248
0.2694000000000001,0.833162026331248
0.26945,0.833162026331248
0.2695000000000001,0.833162026331248
0.26955,0.833162026331248
0.2696000000000001,0.833162026331248
0.2696499999999999,0.8334978450566448
0.2697000000000001,0.833162026331248
0.2697499999999999,0.8334978450566448
0.2698,0.833162026331248
0.2698499999999999,0.833162026331248
0.2699,0.833162026331248
0.2699499999999999,0.8334978450566448
0.27,0.833162026331248
0.2700499999999999,0.833162026331248
0.2701,0.833162026331248
0.2701499999999999,0.833162026331248
0.2702,0.833162026331248
0.2702500000000001,0.833162026331248
0.2703,0.833162026331248
0.2703500000000001,0.833162026331248
0.2704,0.833162026331248
0.2704500000000001,0.833162026331248
0.2705,0.8334978450566448
0.2705500000000001,0.8334978450566448
0.2706,0.833162026331248
0.2706500000000001,0.8334978450566448
0.2706999999999999,0.8334978450566448
0.27075,0.833162026331248
0.2707999999999999,0.833162026331248
0.27085,0.833162026331248
0.2708999999999999,0.833162026331248
0.27095,0.833162026331248
0.2709999999999999,0.8328262076058512
0.27105,0.8328262076058512
0.2710999999999999,0.833162026331248
0.27115,0.833162026331248
0.2712000000000001,0.833162026331248
0.27125,0.833162026331248
0.2713000000000001,0.833162026331248
0.27135,0.833162026331248
0.2714000000000001,0.833162026331248
0.27145,0.833162026331248
0.2715000000000001,0.833162026331248
0.27155,0.8334978450566448
0.2716000000000001,0.8334978450566448
0.2716499999999999,0.8334978450566448
0.2717000000000001,0.833162026331248
0.2717499999999999,0.833162026331248
0.2718,0.8334978450566448
0.2718499999999999,0.8334978450566448
0.2719,0.8334978450566448
0.2719499999999999,0.833162026331248
0.272,0.833162026331248
0.2720499999999999,0.833162026331248
0.2721,0.8334978450566448
0.2721499999999999,0.8334978450566448
0.2722,0.8334978450566448
0.2722500000000001,0.8334978450566448
0.2723,0.8334978450566448
0.2723500000000001,0.8334978450566448
0.2724,0.8334978450566448
0.2724500000000001,0.8334978450566448
0.2725,0.8334978450566448
0.2725500000000001,0.833162026331248
0.2726,0.8334978450566448
0.2726500000000001,0.833162026331248
0.2726999999999999,0.833162026331248
0.27275,0.833162026331248
0.2727999999999999,0.833162026331248
0.27285,0.8334978450566448
0.2728999999999999,0.8334978450566448
0.27295,0.8334978450566448
0.2729999999999999,0.8334978450566448
0.27305,0.833162026331248
0.2730999999999999,0.833162026331248
0.27315,0.8328262076058512
0.2732000000000001,0.8328262076058512
0.27325,0.8328262076058512
0.2733000000000001,0.8328262076058512
0.27335,0.8328262076058512
0.2734000000000001,0.8328262076058512
0.27345,0.8328262076058512
0.2735000000000001,0.833162026331248
0.27355,0.833162026331248
0.2736000000000001,0.833162026331248
0.2736499999999999,0.8328262076058512
0.2737000000000001,0.833162026331248
0.2737499999999999,0.8328262076058512
0.2738,0.8328262076058512
0.2738499999999999,0.8328262076058512
0.2739,0.8328262076058512
0.2739499999999999,0.8328262076058512
0.274,0.8328262076058512
0.2740499999999999,0.8328262076058512
0.2741,0.833162026331248
0.2741499999999999,0.833162026331248
0.2742,0.8328262076058512
0.2742500000000001,0.833162026331248
0.2743,0.833162026331248
0.2743500000000001,0.8328262076058512
0.2744,0.833162026331248
0.2744500000000001,0.8328262076058512
0.2745,0.8328262076058512
0.2745500000000001,0.8328262076058512
0.2746,0.833162026331248
0.2746500000000001,0.833162026331248
0.2746999999999999,0.833162026331248
0.27475,0.833162026331248
0.2747999999999999,0.833162026331248
0.27485,0.833162026331248
0.2748999999999999,0.833162026331248
0.27495,0.833162026331248
0.2749999999999999,0.833162026331248
0.27505,0.8328262076058512
0.2750999999999999,0.833162026331248
0.27515,0.8328262076058512
0.2751999999999999,0.8328262076058512
0.27525,0.8328262076058512
0.2753000000000001,0.8328262076058512
0.27535,0.8328262076058512
0.2754000000000001,0.8328262076058512
0.27545,0.8328262076058512
0.2755000000000001,0.833162026331248
0.27555,0.833162026331248
0.2756000000000001,0.8328262076058512
0.27565,0.8328262076058512
0.2757000000000001,0.8328262076058512
0.2757499999999999,0.833162026331248
0.2758,0.833162026331248
0.2758499999999999,0.833162026331248
0.2759,0.8328262076058512
0.2759499999999999,0.833162026331248
0.276,0.8328262076058512
0.2760499999999999,0.8328262076058512
0.2761,0.8328262076058512
0.2761499999999999,0.8328262076058512
0.2762,0.8328262076058512
0.2762500000000001,0.8328262076058512
0.2763,0.8328262076058512
0.2763500000000001,0.8328262076058512
0.2764,0.8328262076058512
0.2764500000000001,0.8328262076058512
0.2765,0.8328262076058512
0.2765500000000001,0.8328262076058512
0.2766,0.8328262076058512
0.2766500000000001,0.8328262076058512
0.2766999999999999,0.833162026331248
0.2767500000000001,0.833162026331248
0.2767999999999999,0.833162026331248
0.27685,0.8328262076058512
0.2768999999999999,0.8328262076058512
0.27695,0.8328262076058512
0.2769999999999999,0.8328262076058512
0.27705,0.8328262076058512
0.2770999999999999,0.8328262076058512
0.27715,0.8328262076058512
0.2771999999999999,0.8328262076058512
0.27725,0.8328262076058512
0.2773000000000001,0.8328262076058512
0.27735,0.833162026331248
0.2774000000000001,0.8328262076058512
0.27745,0.8328262076058512
0.2775000000000001,0.8328262076058512
0.27755,0.833162026331248
0.2776000000000001,0.8328262076058512
0.27765,0.833162026331248
0.2777000000000001,0.8328262076058512
0.2777499999999999,0.833162026331248
0.2778,0.833162026331248
0.2778499999999999,0.8328262076058512
0.2779,0.8328262076058512
0.2779499999999999,0.8328262076058512
0.278,0.8328262076058512
0.2780499999999999,0.8328262076058512
0.2781,0.8328262076058512
0.2781499999999999,0.8328262076058512
0.2782,0.8328262076058512
0.2782500000000001,0.8328262076058512
0.2783,0.8328262076058512
0.2783500000000001,0.8328262076058512
0.2784,0.8328262076058512
0.2784500000000001,0.833162026331248
0.2785,0.8328262076058512
0.2785500000000001,0.833162026331248
0.2786,0.833162026331248
0.2786500000000001,0.8328262076058512
0.2786999999999999,0.833162026331248
0.2787500000000001,0.8328262076058512
0.2787999999999999,0.8328262076058512
0.27885,0.8328262076058512
0.2788999999999999,0.8328262076058512
0.27895,0.8328262076058512
0.2789999999999999,0.8328262076058512
0.27905,0.8328262076058512
0.2790999999999999,0.833162026331248
0.27915,0.833162026331248
0.2791999999999999,0.8328262076058512
0.27925,0.833162026331248
0.2793000000000001,0.833162026331248
0.27935,0.833162026331248
0.2794000000000001,0.833162026331248
0.27945,0.8328262076058512
0.2795000000000001,0.833162026331248
0.27955,0.8328262076058512
0.2796000000000001,0.8328262076058512
0.27965,0.8328262076058512
0.2797000000000001,0.8328262076058512
0.2797499999999999,0.8328262076058512
0.2798,0.8328262076058512
0.2798499999999999,0.8328262076058512
0.2799,0.8328262076058512
0.2799499999999999,0.8328262076058512
0.28,0.8328262076058512
0.2800499999999999,0.8328262076058512
0.2801,0.8328262076058512
0.2801499999999999,0.8328262076058512
0.2802,0.8328262076058512
0.2802500000000001,0.8328262076058512
0.2803,0.8328262076058512
0.2803500000000001,0.8328262076058512
0.2804,0.8328262076058512
0.2804500000000001,0.8328262076058512
0.2805,0.8328262076058512
0.2805500000000001,0.8328262076058512
0.2806,0.8328262076058512
0.2806500000000001,0.8328262076058512
0.2806999999999999,0.8328262076058512
0.2807500000000001,0.8328262076058512
0.2807999999999999,0.8328262076058512
0.28085,0.833162026331248
0.2808999999999999,0.8328262076058512
0.28095,0.8328262076058512
0.2809999999999999,0.833162026331248
0.28105,0.8328262076058512
0.2810999999999999,0.8328262076058512
0.28115,0.8328262076058512
0.2811999999999999,0.8328262076058512
0.28125,0.833162026331248
0.2813000000000001,0.8328262076058512
0.28135,0.833162026331248
0.2814000000000001,0.833162026331248
0.28145,0.8328262076058512
0.2815000000000001,0.8328262076058512
0.28155,0.8328262076058512
0.2816000000000001,0.8328262076058512
0.28165,0.8328262076058512
0.2817000000000001,0.8328262076058512
0.2817499999999999,0.8328262076058512
0.2818000000000001,0.8328262076058512
0.2818499999999999,0.8328262076058512
0.2819,0.8328262076058512
0.2819499999999999,0.8328262076058512
0.282,0.8328262076058512
0.2820499999999999,0.8328262076058512
0.2821,0.8324903888804545
0.2821499999999999,0.8324903888804545
0.2822,0.8324903888804545
0.2822499999999999,0.8324903888804545
0.2823,0.8324903888804545
0.2823500000000001,0.8324903888804545
0.2824,0.8324903888804545
0.2824500000000001,0.8328262076058512
0.2825,0.8324903888804545
0.2825500000000001,0.8324903888804545
0.2826,0.8328262076058512
0.2826500000000001,0.8328262076058512
0.2827,0.8328262076058512
0.2827500000000001,0.8324903888804545
0.2827999999999999,0.8324903888804545
0.28285,0.8324903888804545
0.2828999999999999,0.8324903888804545
0.28295,0.8324903888804545
0.2829999999999999,0.8324903888804545
0.28305,0.8324903888804545
0.2830999999999999,0.8324903888804545
0.28315,0.8324903888804545
0.2831999999999999,0.8324903888804545
0.28325,0.8328262076058512
0.2833000000000001,0.8324903888804545
0.28335,0.8324903888804545
0.2834000000000001,0.8324903888804545
0.28345,0.8324903888804545
0.2835000000000001,0.8324903888804545
0.28355,0.8324903888804545
0.2836000000000001,0.8328262076058512
0.28365,0.8324903888804545
0.2837000000000001,0.8324903888804545
0.2837499999999999,0.8324903888804545
0.2838000000000001,0.8328262076058512
0.2838499999999999,0.8324903888804545
0.2839,0.8324903888804545
0.2839499999999999,0.8324903888804545
0.284,0.8324903888804545
0.2840499999999999,0.8324903888804545
0.2841,0.8324903888804545
0.2841499999999999,0.8324903888804545
0.2842,0.8324903888804545
0.2842499999999999,0.8324903888804545
0.2843,0.8324903888804545
0.2843500000000001,0.8324903888804545
0.2844,0.8328262076058512
0.2844500000000001,0.8328262076058512
0.2845,0.8328262076058512
0.2845500000000001,0.8324903888804545
0.2846,0.8324903888804545
0.2846500000000001,0.8324903888804545
0.2847,0.8324903888804545
0.2847500000000001,0.8324903888804545
0.2847999999999999,0.8324903888804545
0.28485,0.8324903888804545
0.2848999999999999,0.8324903888804545
0.28495,0.8324903888804545
0.2849999999999999,0.8324903888804545
0.28505,0.8324903888804545
0.2850999999999999,0.8324903888804545
0.28515,0.8324903888804545
0.2851999999999999,0.8324903888804545
0.28525,0.8324903888804545
0.2853000000000001,0.8324903888804545
0.28535,0.8324903888804545
0.2854000000000001,0.8324903888804545
0.28545,0.8324903888804545
0.2855000000000001,0.8328262076058512
0.28555,0.8324903888804545
0.2856000000000001,0.8324903888804545
0.28565,0.8324903888804545
0.2857000000000001,0.8324903888804545
0.2857499999999999,0.8328262076058512
0.2858000000000001,0.8328262076058512
0.2858499999999999,0.8324903888804545
0.2859,0.8328262076058512
0.2859499999999999,0.8324903888804545
0.286,0.8324903888804545
0.2860499999999999,0.8328262076058512
0.2861,0.8324903888804545
0.2861499999999999,0.8328262076058512
0.2862,0.8328262076058512
0.2862499999999999,0.8328262076058512
0.2863,0.8328262076058512
0.2863500000000001,0.8324903888804545
0.2864,0.8328262076058512
0.2864500000000001,0.8324903888804545
0.2865,0.8328262076058512
0.2865500000000001,0.8328262076058512
0.2866,0.8328262076058512
0.2866500000000001,0.8328262076058512
0.2867,0.8328262076058512
0.2867500000000001,0.8328262076058512
0.2867999999999999,0.8328262076058512
0.28685,0.8328262076058512
0.2868999999999999,0.8328262076058512
0.28695,0.8328262076058512
0.2869999999999999,0.8328262076058512
0.28705,0.8328262076058512
0.2870999999999999,0.8328262076058512
0.28715,0.8328262076058512
0.2871999999999999,0.8328262076058512
0.28725,0.8328262076058512
0.2873000000000001,0.8324903888804545
0.28735,0.8328262076058512
0.2874000000000001,0.8328262076058512
0.28745,0.8328262076058512
0.2875000000000001,0.8328262076058512
0.28755,0.8328262076058512
0.2876000000000001,0.8328262076058512
0.28765,0.8328262076058512
0.2877000000000001,0.8328262076058512
0.28775,0.8328262076058512
0.2878000000000001,0.8328262076058512
0.2878499999999999,0.8328262076058512
0.2879,0.8328262076058512
0.2879499999999999,0.8328262076058512
0.288,0.8328262076058512
0.2880499999999999,0.8328262076058512
0.2881,0.833162026331248
0.2881499999999999,0.8328262076058512
0.2882,0.8328262076058512
0.2882499999999999,0.833162026331248
0.2883,0.8328262076058512
0.2883500000000001,0.8328262076058512
0.2884,0.8328262076058512
0.2884500000000001,0.833162026331248
0.2885,0.833162026331248
0.2885500000000001,0.8334978450566448
0.2886,0.833162026331248
0.2886500000000001,0.833162026331248
0.2887,0.833162026331248
0.2887500000000001,0.833162026331248
0.2887999999999999,0.833162026331248
0.2888500000000001,0.833162026331248
0.2888999999999999,0.833162026331248
0.28895,0.833162026331248
0.2889999999999999,0.833162026331248
0.28905,0.833162026331248
0.2890999999999999,0.8334978450566448
0.28915,0.833162026331248
0.2891999999999999,0.833162026331248
0.28925,0.833162026331248
0.2892999999999999,0.833162026331248
0.28935,0.833162026331248
0.2894000000000001,0.833162026331248
0.28945,0.833162026331248
0.2895000000000001,0.833162026331248
0.28955,0.833162026331248
0.2896000000000001,0.833162026331248
0.28965,0.8334978450566448
0.2897000000000001,0.8334978450566448
0.28975,0.8334978450566448
0.2898000000000001,0.8334978450566448
0.2898499999999999,0.833162026331248
0.2899,0.833162026331248
0.2899499999999999,0.833162026331248
0.29,0.8334978450566448
0.2900499999999999,0.833162026331248
0.2901,0.833162026331248
0.2901499999999999,0.833162026331248
0.2902,0.833162026331248
0.2902499999999999,0.833162026331248
0.2903,0.833162026331248
0.2903500000000001,0.833162026331248
0.2904,0.833162026331248
0.2904500000000001,0.833162026331248
0.2905,0.833162026331248
0.2905500000000001,0.833162026331248
0.2906,0.8334978450566448
0.2906500000000001,0.8334978450566448
0.2907,0.833162026331248
0.2907500000000001,0.833162026331248
0.2907999999999999,0.833162026331248
0.2908500000000001,0.833162026331248
0.2908999999999999,0.833162026331248
0.29095,0.833162026331248
0.2909999999999999,0.833162026331248
0.29105,0.833162026331248
0.2910999999999999,0.833162026331248
0.29115,0.833162026331248
0.2911999999999999,0.833162026331248
0.29125,0.833162026331248
0.2912999999999999,0.833162026331248
0.29135,0.833162026331248
0.2914000000000001,0.833162026331248
0.29145,0.833162026331248
0.2915000000000001,0.8334978450566448
0.29155,0.833162026331248
0.2916000000000001,0.833162026331248
0.29165,0.8334978450566448
0.2917000000000001,0.8334978450566448
0.29175,0.8334978450566448
0.2918000000000001,0.833162026331248
0.2918499999999999,0.8334978450566448
0.2919,0.833162026331248
0.2919499999999999,0.8334978450566448
0.292,0.8334978450566448
0.2920499999999999,0.8334978450566448
0.2921,0.8334978450566448
0.2921499999999999,0.8334978450566448
0.2922,0.8334978450566448
0.2922499999999999,0.8334978450566448
0.2923,0.8334978450566448
0.2923500000000001,0.8334978450566448
0.2924,0.8334978450566448
0.2924500000000001,0.8334978450566448
0.2925,0.833162026331248
0.2925500000000001,0.833162026331248
0.2926,0.833162026331248
0.2926500000000001,0.8334978450566448
0.2927,0.8334978450566448
0.2927500000000001,0.8334978450566448
0.2927999999999999,0.8334978450566448
0.2928500000000001,0.8334978450566448
0.2928999999999999,0.8334978450566448
0.29295,0.8334978450566448
0.2929999999999999,0.8334978450566448
0.29305,0.833162026331248
0.2930999999999999,0.833162026331248
0.29315,0.833162026331248
0.2931999999999999,0.833162026331248
0.29325,0.833162026331248
0.2932999999999999,0.833162026331248
0.29335,0.8328262076058512
0.2934000000000001,0.833162026331248
0.29345,0.833162026331248
0.2935000000000001,0.833162026331248
0.29355,0.833162026331248
0.2936000000000001,0.833162026331248
0.29365,0.833162026331248
0.2937000000000001,0.833162026331248
0.29375,0.833162026331248
0.2938000000000001,0.833162026331248
0.2938499999999999,0.833162026331248
0.2939000000000001,0.833162026331248
0.2939499999999999,0.833162026331248
0.294,0.8328262076058512
0.2940499999999999,0.8328262076058512
0.2941,0.833162026331248
0.2941499999999999,0.8328262076058512
0.2942,0.833162026331248
0.2942499999999999,0.833162026331248
0.2943,0.8328262076058512
0.2943499999999999,0.833162026331248
0.2944,0.833162026331248
0.2944500000000001,0.833162026331248
0.2945,0.833162026331248
0.2945500000000001,0.8328262076058512
0.2946,0.833162026331248
0.2946500000000001,0.833162026331248
0.2947,0.833162026331248
0.2947500000000001,0.833162026331248
0.2948,0.833162026331248
0.2948500000000001,0.833162026331248
0.2948999999999999,0.8328262076058512
0.29495,0.833162026331248
0.2949999999999999,0.833162026331248
0.29505,0.833162026331248
0.2950999999999999,0.833162026331248
0.29515,0.8328262076058512
0.2951999999999999,0.833162026331248
0.29525,0.833162026331248
0.2952999999999999,0.833162026331248
0.29535,0.833162026331248
0.2954000000000001,0.833162026331248
0.29545,0.833162026331248
0.2955000000000001,0.833162026331248
0.29555,0.833162026331248
0.2956000000000001,0.833162026331248
0.29565,0.833162026331248
0.2957000000000001,0.833162026331248
0.29575,0.8328262076058512
0.2958000000000001,0.833162026331248
0.2958499999999999,0.833162026331248
0.2959000000000001,0.833162026331248
0.2959499999999999,0.8328262076058512
0.296,0.833162026331248
0.2960499999999999,0.833162026331248
0.2961,0.833162026331248
0.2961499999999999,0.8328262076058512
0.2962,0.8328262076058512
0.2962499999999999,0.8328262076058512
0.2963,0.833162026331248
0.2963499999999999,0.833162026331248
0.2964,0.833162026331248
0.2964500000000001,0.833162026331248
0.2965,0.833162026331248
0.2965500000000001,0.833162026331248
0.2966,0.833162026331248
0.2966500000000001,0.8328262076058512
0.2967,0.833162026331248
0.2967500000000001,0.8328262076058512
0.2968,0.8328262076058512
0.2968500000000001,0.8328262076058512
0.2968999999999999,0.8328262076058512
0.29695,0.8328262076058512
0.2969999999999999,0.8328262076058512
0.29705,0.8328262076058512
0.2970999999999999,0.8328262076058512
0.29715,0.8328262076058512
0.2971999999999999,0.8328262076058512
0.29725,0.8328262076058512
0.2972999999999999,0.8328262076058512
0.29735,0.8328262076058512
0.2974000000000001,0.8328262076058512
0.29745,0.8328262076058512
0.2975000000000001,0.8328262076058512
0.29755,0.8328262076058512
0.2976000000000001,0.8328262076058512
0.29765,0.833162026331248
0.2977000000000001,0.8328262076058512
0.29775,0.8328262076058512
0.2978000000000001,0.8328262076058512
0.2978499999999999,0.8328262076058512
0.2979000000000001,0.8328262076058512
0.2979499999999999,0.8328262076058512
0.298,0.8328262076058512
0.2980499999999999,0.8328262076058512
0.2981,0.8328262076058512
0.2981499999999999,0.8328262076058512
0.2982,0.8328262076058512
0.2982499999999999,0.8328262076058512
0.2983,0.833162026331248
0.2983499999999999,0.8328262076058512
0.2984,0.8328262076058512
0.2984500000000001,0.8328262076058512
0.2985,0.833162026331248
0.2985500000000001,0.8328262076058512
0.2986,0.8328262076058512
0.2986500000000001,0.833162026331248
0.2987,0.833162026331248
0.2987500000000001,0.833162026331248
0.2988,0.833162026331248
0.2988500000000001,0.833162026331248
0.2988999999999999,0.8328262076058512
0.29895,0.8328262076058512
0.2989999999999999,0.8328262076058512
0.29905,0.8328262076058512
0.2990999999999999,0.8328262076058512
0.29915,0.8328262076058512
0.2991999999999999,0.8328262076058512
0.29925,0.8328262076058512
0.2992999999999999,0.8328262076058512
0.29935,0.8328262076058512
0.2994000000000001,0.8328262076058512
0.29945,0.8328262076058512
0.2995000000000001,0.8328262076058512
0.29955,0.8328262076058512
0.2996000000000001,0.8328262076058512
0.29965,0.8328262076058512
0.2997000000000001,0.8328262076058512
0.29975,0.8328262076058512
0.2998000000000001,0.8328262076058512
0.2998499999999999,0.8328262076058512
0.2999000000000001,0.833162026331248
0.2999499999999999,0.833162026331248
0.3,0.8328262076058512
0.3000499999999999,0.833162026331248
0.3001,0.833162026331248
0.3001499999999999,0.833162026331248
0.3002,0.8328262076058512
0.3002499999999999,0.8328262076058512
0.3003,0.8328262076058512
0.3003499999999999,0.8328262076058512
0.3004,0.8328262076058512
0.3004500000000001,0.833162026331248
0.3005,0.8328262076058512
0.3005500000000001,0.8328262076058512
0.3006,0.8328262076058512
0.3006500000000001,0.8328262076058512
0.3007,0.8328262076058512
0.3007500000000001,0.8328262076058512
0.3008,0.8328262076058512
0.3008500000000001,0.8328262076058512
0.3008999999999999,0.8328262076058512
0.3009500000000001,0.8328262076058512
0.3009999999999999,0.8328262076058512
0.30105,0.8328262076058512
0.3010999999999999,0.8328262076058512
0.30115,0.8328262076058512
0.3011999999999999,0.8328262076058512
0.30125,0.833162026331248
0.3012999999999999,0.8328262076058512
0.30135,0.8328262076058512
0.3013999999999999,0.8328262076058512
0.30145,0.8328262076058512
0.3015000000000001,0.833162026331248
0.30155,0.8328262076058512
0.3016000000000001,0.8328262076058512
0.30165,0.8328262076058512
0.3017000000000001,0.8328262076058512
0.30175,0.8328262076058512
0.3018000000000001,0.8328262076058512
0.30185,0.8324903888804545
0.3019000000000001,0.8324903888804545
0.3019499999999999,0.8324903888804545
0.302,0.8324903888804545
0.3020499999999999,0.8324903888804545
0.3021,0.8324903888804545
0.3021499999999999,0.8324903888804545
0.3022,0.8324903888804545
0.3022499999999999,0.8324903888804545
0.3023,0.8324903888804545
0.3023499999999999,0.8324903888804545
0.3024,0.8324903888804545
0.3024500000000001,0.8324903888804545
0.3025,0.8324903888804545
0.3025500000000001,0.8324903888804545
0.3026,0.8324903888804545
0.3026500000000001,0.8324903888804545
0.3027,0.8324903888804545
0.3027500000000001,0.8324903888804545
0.3028,0.8324903888804545
0.3028500000000001,0.8324903888804545
0.3028999999999999,0.8324903888804545
0.3029500000000001,0.8324903888804545
0.3029999999999999,0.8324903888804545
0.30305,0.8324903888804545
0.3030999999999999,0.8324903888804545
0.30315,0.8324903888804545
0.3031999999999999,0.8324903888804545
0.30325,0.8324903888804545
0.3032999999999999,0.8328262076058512
0.30335,0.8324903888804545
0.3033999999999999,0.8324903888804545
0.30345,0.8324903888804545
0.3035000000000001,0.8324903888804545
0.30355,0.8324903888804545
0.3036000000000001,0.8324903888804545
0.30365,0.8324903888804545
0.3037000000000001,0.8321545701550577
0.30375,0.8324903888804545
0.3038000000000001,0.8324903888804545
0.30385,0.8324903888804545
0.3039000000000001,0.8324903888804545
0.3039499999999999,0.8324903888804545
0.304,0.8324903888804545
0.3040499999999999,0.8328262076058512
0.3041,0.8328262076058512
0.3041499999999999,0.8324903888804545
0.3042,0.8324903888804545
0.3042499999999999,0.8324903888804545
0.3043,0.8324903888804545
0.3043499999999999,0.8328262076058512
0.3044,0.8324903888804545
0.3044500000000001,0.8324903888804545
0.3045,0.8324903888804545
0.3045500000000001,0.8328262076058512
0.3046,0.8324903888804545
0.3046500000000001,0.8324903888804545
0.3047,0.8324903888804545
0.3047500000000001,0.8324903888804545
0.3048,0.8324903888804545
0.3048500000000001,0.8324903888804545
0.3048999999999999,0.8324903888804545
0.3049500000000001,0.8324903888804545
0.3049999999999999,0.8324903888804545
0.30505,0.8324903888804545
0.3050999999999999,0.8324903888804545
0.30515,0.8324903888804545
0.3051999999999999,0.8324903888804545
0.30525,0.8324903888804545
0.3052999999999999,0.8324903888804545
0.30535,0.8324903888804545
0.3053999999999999,0.8324903888804545
0.30545,0.8324903888804545
0.3055000000000001,0.8324903888804545
0.30555,0.8324903888804545
0.3056000000000001,0.8324903888804545
0.30565,0.8324903888804545
0.3057000000000001,0.8324903888804545
0.30575,0.8328262076058512
0.3058000000000001,0.8324903888804545
0.30585,0.8328262076058512
0.3059000000000001,0.8328262076058512
0.3059499999999999,0.8328262076058512
0.306,0.8328262076058512
0.3060499999999999,0.8328262076058512
0.3061,0.8328262076058512
0.3061499999999999,0.8324903888804545
0.3062,0.8328262076058512
0.3062499999999999,0.8324903888804545
0.3063,0.8328262076058512
0.3063499999999999,0.8328262076058512
0.3064,0.8328262076058512
0.3064499999999999,0.8328262076058512
0.3065,0.8328262076058512
0.3065500000000001,0.8328262076058512
0.3066,0.8328262076058512
0.3066500000000001,0.8328262076058512
0.3067,0.8328262076058512
0.3067500000000001,0.8328262076058512
0.3068,0.8328262076058512
0.3068500000000001,0.8328262076058512
0.3069,0.8328262076058512
0.3069500000000001,0.8328262076058512
0.3069999999999999,0.8328262076058512
0.30705,0.8328262076058512
0.3070999999999999,0.8328262076058512
0.30715,0.8328262076058512
0.3071999999999999,0.8328262076058512
0.30725,0.8328262076058512
0.3072999999999999,0.8328262076058512
0.30735,0.8328262076058512
0.3073999999999999,0.8328262076058512
0.30745,0.8328262076058512
0.3075000000000001,0.8328262076058512
0.30755,0.8328262076058512
0.3076000000000001,0.8328262076058512
0.30765,0.8328262076058512
0.3077000000000001,0.833162026331248
0.30775,0.833162026331248
0.3078000000000001,0.833162026331248
0.30785,0.8328262076058512
0.3079000000000001,0.8328262076058512
0.3079499999999999,0.8328262076058512
0.3080000000000001,0.8328262076058512
0.3080499999999999,0.8328262076058512
0.3081,0.8328262076058512
0.3081499999999999,0.8328262076058512
0.3082,0.8328262076058512
0.3082499999999999,0.8328262076058512
0.3083,0.8328262076058512
0.3083499999999999,0.833162026331248
0.3084,0.833162026331248
0.3084499999999999,0.833162026331248
0.3085,0.833162026331248
0.3085500000000001,0.833162026331248
0.3086,0.833162026331248
0.3086500000000001,0.833162026331248
0.3087,0.833162026331248
0.3087500000000001,0.833162026331248
0.3088,0.833162026331248
0.3088500000000001,0.833162026331248
0.3089,0.833162026331248
0.3089500000000001,0.833162026331248
0.3089999999999999,0.833162026331248
0.30905,0.833162026331248
0.3090999999999999,0.8328262076058512
0.30915,0.833162026331248
0.3091999999999999,0.833162026331248
0.30925,0.8328262076058512
0.3092999999999999,0.833162026331248
0.30935,0.833162026331248
0.3093999999999999,0.833162026331248
0.30945,0.833162026331248
0.3095000000000001,0.833162026331248
0.30955,0.8334978450566448
0.3096000000000001,0.8334978450566448
0.30965,0.833162026331248
0.3097000000000001,0.8334978450566448
0.30975,0.8334978450566448
0.3098000000000001,0.8334978450566448
0.30985,0.833162026331248
0.3099000000000001,0.833162026331248
0.3099499999999999,0.833162026331248
0.3100000000000001,0.833162026331248
0.3100499999999999,0.833162026331248
0.3101,0.833162026331248
0.3101499999999999,0.833162026331248
0.3102,0.833162026331248
0.3102499999999999,0.833162026331248
0.3103,0.833162026331248
0.3103499999999999,0.833162026331248
0.3104,0.833162026331248
0.3104499999999999,0.833162026331248
0.3105,0.833162026331248
0.3105500000000001,0.833162026331248
0.3106,0.833162026331248
0.3106500000000001,0.833162026331248
0.3107,0.8334978450566448
0.3107500000000001,0.833162026331248
0.3108,0.8334978450566448
0.3108500000000001,0.8334978450566448
0.3109,0.8334978450566448
0.3109500000000001,0.833162026331248
0.3109999999999999,0.833162026331248
0.31105,0.833162026331248
0.3110999999999999,0.833162026331248
0.31115,0.833162026331248
0.3111999999999999,0.833162026331248
0.31125,0.833162026331248
0.3112999999999999,0.833162026331248
0.31135,0.833162026331248
0.3113999999999999,0.833162026331248
0.31145,0.833162026331248
0.3115000000000001,0.8334978450566448
0.31155,0.833162026331248
0.3116000000000001,0.8334978450566448
0.31165,0.833162026331248
0.3117000000000001,0.833162026331248
0.31175,0.833162026331248
0.3118000000000001,0.833162026331248
0.31185,0.833162026331248
0.3119000000000001,0.833162026331248
0.3119499999999999,0.833162026331248
0.3120000000000001,0.8334978450566448
0.3120499999999999,0.833162026331248
0.3121,0.8334978450566448
0.3121499999999999,0.8334978450566448
0.3122,0.833162026331248
0.3122499999999999,0.833162026331248
0.3123,0.833162026331248
0.3123499999999999,0.833162026331248
0.3124,0.833162026331248
0.3124499999999999,0.833162026331248
0.3125,0.833162026331248
0.3125500000000001,0.8334978450566448
0.3126,0.8334978450566448
0.3126500000000001,0.8334978450566448
0.3127,0.8334978450566448
0.3127500000000001,0.8334978450566448
0.3128,0.833162026331248
0.3128500000000001,0.8334978450566448
0.3129,0.8334978450566448
0.3129500000000001,0.833162026331248
0.3129999999999999,0.833162026331248
0.3130500000000001,0.833162026331248
0.3130999999999999,0.8328262076058512
0.31315,0.833162026331248
0.3131999999999999,0.833162026331248
0.31325,0.833162026331248
0.3132999999999999,0.833162026331248
0.31335,0.8328262076058512
0.3133999999999999,0.8328262076058512
0.31345,0.833162026331248
0.3134999999999999,0.8328262076058512
0.31355,0.833162026331248
0.3136000000000001,0.833162026331248
0.31365,0.833162026331248
0.3137000000000001,0.8328262076058512
0.31375,0.8328262076058512
0.3138000000000001,0.833162026331248
0.31385,0.8328262076058512
0.3139000000000001,0.8328262076058512
0.31395,0.833162026331248
0.3140000000000001,0.8328262076058512
0.3140499999999999,0.833162026331248
0.3141,0.8328262076058512
0.3141499999999999,0.8328262076058512
0.3142,0.8328262076058512
0.3142499999999999,0.8328262076058512
0.3143,0.8328262076058512
0.3143499999999999,0.833162026331248
0.3144,0.833162026331248
0.3144499999999999,0.8328262076058512
0.3145,0.833162026331248
0.3145500000000001,0.8328262076058512
0.3146,0.8328262076058512
0.3146500000000001,0.833162026331248
0.3147,0.833162026331248
0.3147500000000001,0.833162026331248
0.3148,0.833162026331248
0.3148500000000001,0.8328262076058512
0.3149,0.833162026331248
0.3149500000000001,0.833162026331248
0.3149999999999999,0.8328262076058512
0.3150500000000001,0.8328262076058512
0.3150999999999999,0.8328262076058512
0.31515,0.8328262076058512
0.3151999999999999,0.8328262076058512
0.31525,0.8328262076058512
0.3152999999999999,0.8328262076058512
0.31535,0.833162026331248
0.3153999999999999,0.833162026331248
0.31545,0.8328262076058512
0.3154999999999999,0.833162026331248
0.31555,0.8328262076058512
0.3156000000000001,0.833162026331248
0.31565,0.8328262076058512
0.3157000000000001,0.833162026331248
0.31575,0.833162026331248
0.3158000000000001,0.833162026331248
0.31585,0.833162026331248
0.3159000000000001,0.833162026331248
0.31595,0.8328262076058512
0.3160000000000001,0.8328262076058512
0.3160499999999999,0.8328262076058512
0.3161,0.8328262076058512
0.3161499999999999,0.833162026331248
0.3162,0.8328262076058512
0.3162499999999999,0.8328262076058512
0.3163,0.8328262076058512
0.3163499999999999,0.8328262076058512
0.3164,0.833162026331248
0.3164499999999999,0.8328262076058512
0.3165,0.8328262076058512
0.3165500000000001,0.8328262076058512
0.3166,0.8328262076058512
0.3166500000000001,0.8328262076058512
0.3167,0.833162026331248
0.3167500000000001,0.833162026331248
0.3168,0.833162026331248
0.3168500000000001,0.833162026331248
0.3169,0.833162026331248
0.3169500000000001,0.8328262076058512
0.3169999999999999,0.833162026331248
0.3170500000000001,0.8328262076058512
0.3170999999999999,0.833162026331248
0.31715,0.833162026331248
0.3171999999999999,0.833162026331248
0.31725,0.8328262076058512
0.3172999999999999,0.8328262076058512
0.31735,0.833162026331248
0.3173999999999999,0.833162026331248
0.31745,0.833162026331248
0.3174999999999999,0.833162026331248
0.31755,0.833162026331248
0.3176000000000001,0.833162026331248
0.31765,0.8328262076058512
0.3177000000000001,0.8328262076058512
0.31775,0.833162026331248
0.3178000000000001,0.8328262076058512
0.31785,0.8328262076058512
0.3179000000000001,0.833162026331248
0.31795,0.8328262076058512
0.3180000000000001,0.8328262076058512
0.3180499999999999,0.833162026331248
0.3181,0.8328262076058512
0.3181499999999999,0.8328262076058512
0.3182,0.8328262076058512
0.3182499999999999,0.8328262076058512
0.3183,0.8328262076058512
0.3183499999999999,0.8328262076058512
0.3184,0.8328262076058512
0.3184499999999999,0.8328262076058512
0.3185,0.8328262076058512
0.3185500000000001,0.8328262076058512
0.3186,0.833162026331248
0.3186500000000001,0.8328262076058512
0.3187,0.833162026331248
0.3187500000000001,0.8328262076058512
0.3188,0.8328262076058512
0.3188500000000001,0.8328262076058512
0.3189,0.8328262076058512
0.3189500000000001,0.8328262076058512
0.319,0.8328262076058512
0.3190500000000001,0.8328262076058512
0.3190999999999999,0.8328262076058512
0.31915,0.8328262076058512
0.3191999999999999,0.8328262076058512
0.31925,0.8328262076058512
0.3192999999999999,0.8328262076058512
0.31935,0.8328262076058512
0.3193999999999999,0.833162026331248
0.31945,0.833162026331248
0.3194999999999999,0.8328262076058512
0.31955,0.833162026331248
0.3196000000000001,0.833162026331248
0.31965,0.833162026331248
0.3197000000000001,0.833162026331248
0.31975,0.8328262076058512
0.3198000000000001,0.8328262076058512
0.31985,0.833162026331248
0.3199000000000001,0.8328262076058512
0.31995,0.8328262076058512
0.3200000000000001,0.833162026331248
0.3200499999999999,0.8328262076058512
0.3201000000000001,0.8328262076058512
0.3201499999999999,0.8328262076058512
0.3202,0.8328262076058512
0.3202499999999999,0.8328262076058512
0.3203,0.8328262076058512
0.3203499999999999,0.8328262076058512
0.3204,0.8328262076058512
0.3204499999999999,0.8328262076058512
0.3205,0.833162026331248
0.3205499999999999,0.8328262076058512
0.3206,0.8328262076058512
0.3206500000000001,0.8328262076058512
0.3207,0.8328262076058512
0.3207500000000001,0.8328262076058512
0.3208,0.8328262076058512
0.3208500000000001,0.8328262076058512
0.3209,0.8328262076058512
0.3209500000000001,0.8328262076058512
0.321,0.8328262076058512
0.3210500000000001,0.8328262076058512
0.3210999999999999,0.833162026331248
0.32115,0.8328262076058512
0.3211999999999999,0.8328262076058512
0.32125,0.833162026331248
0.3212999999999999,0.8328262076058512
0.32135,0.833162026331248
0.3213999999999999,0.8328262076058512
0.32145,0.833162026331248
0.3214999999999999,0.833162026331248
0.32155,0.8328262076058512
0.3216000000000001,0.8328262076058512
0.32165,0.8328262076058512
0.3217000000000001,0.8328262076058512
0.32175,0.8328262076058512
0.3218000000000001,0.8328262076058512
0.32185,0.8328262076058512
0.3219000000000001,0.8328262076058512
0.32195,0.8328262076058512
0.3220000000000001,0.8328262076058512
0.3220499999999999,0.8328262076058512
0.3221000000000001,0.8324903888804545
0.3221499999999999,0.8324903888804545
0.3222,0.8328262076058512
0.3222499999999999,0.8324903888804545
0.3223,0.8324903888804545
0.3223499999999999,0.8324903888804545
0.3224,0.8324903888804545
0.3224499999999999,0.8324903888804545
0.3225,0.8324903888804545
0.3225499999999999,0.8324903888804545
0.3226,0.8324903888804545
0.3226500000000001,0.8328262076058512
0.3227,0.8328262076058512
0.3227500000000001,0.8324903888804545
0.3228,0.8328262076058512
0.3228500000000001,0.8328262076058512
0.3229,0.8324903888804545
0.3229500000000001,0.8328262076058512
0.323,0.8324903888804545
0.3230500000000001,0.8324903888804545
0.3230999999999999,0.8324903888804545
0.32315,0.8324903888804545
0.3231999999999999,0.8328262076058512
0.32325,0.8324903888804545
0.3232999999999999,0.8328262076058512
0.32335,0.8324903888804545
0.3233999999999999,0.8324903888804545
0.32345,0.8324903888804545
0.3234999999999999,0.8328262076058512
0.32355,0.8328262076058512
0.3236000000000001,0.8328262076058512
0.32365,0.8328262076058512
0.3237000000000001,0.8324903888804545
0.32375,0.8324903888804545
0.3238000000000001,0.8324903888804545
0.32385,0.8324903888804545
0.3239000000000001,0.8328262076058512
0.32395,0.8324903888804545
0.3240000000000001,0.8324903888804545
0.3240499999999999,0.8324903888804545
0.3241000000000001,0.8324903888804545
0.3241499999999999,0.8324903888804545
0.3242,0.8324903888804545
0.3242499999999999,0.8324903888804545
0.3243,0.8324903888804545
0.3243499999999999,0.8328262076058512
0.3244,0.8328262076058512
0.3244499999999999,0.8328262076058512
0.3245,0.8328262076058512
0.3245499999999999,0.8324903888804545
0.3246,0.8328262076058512
0.3246500000000001,0.8324903888804545
0.3247,0.8324903888804545
0.3247500000000001,0.8324903888804545
0.3248,0.8324903888804545
0.3248500000000001,0.8324903888804545
0.3249,0.8324903888804545
0.3249500000000001,0.8324903888804545
0.325,0.8324903888804545
0.3250500000000001,0.8324903888804545
0.3250999999999999,0.8324903888804545
0.3251500000000001,0.8324903888804545
0.3251999999999999,0.8324903888804545
0.32525,0.8328262076058512
0.3252999999999999,0.8324903888804545
0.32535,0.8324903888804545
0.3253999999999999,0.8324903888804545
0.32545,0.8324903888804545
0.3254999999999999,0.8324903888804545
0.32555,0.8324903888804545
0.3255999999999999,0.8328262076058512
0.32565,0.8324903888804545
0.3257000000000001,0.8328262076058512
0.32575,0.8324903888804545
0.3258000000000001,0.8324903888804545
0.32585,0.8328262076058512
0.3259000000000001,0.8324903888804545
0.32595,0.8324903888804545
0.3260000000000001,0.8324903888804545
0.32605,0.8324903888804545
0.3261000000000001,0.8328262076058512
0.3261499999999999,0.8328262076058512
0.3262,0.8328262076058512
0.3262499999999999,0.8324903888804545
0.3263,0.8324903888804545
0.3263499999999999,0.8324903888804545
0.3264,0.8324903888804545
0.3264499999999999,0.8328262076058512
0.3265,0.8324903888804545
0.3265499999999999,0.8328262076058512
0.3266,0.8328262076058512
0.3266500000000001,0.8328262076058512
0.3267,0.8324903888804545
0.3267500000000001,0.8328262076058512
0.3268,0.8328262076058512
0.3268500000000001,0.8328262076058512
0.3269,0.8328262076058512
0.3269500000000001,0.8328262076058512
0.327,0.8328262076058512
0.3270500000000001,0.8328262076058512
0.3270999999999999,0.8328262076058512
0.3271500000000001,0.8328262076058512
0.3271999999999999,0.8328262076058512
0.32725,0.8328262076058512
0.3272999999999999,0.8328262076058512
0.32735,0.8328262076058512
0.3273999999999999,0.8328262076058512
0.32745,0.8328262076058512
0.3274999999999999,0.8328262076058512
0.32755,0.8328262076058512
0.3275999999999999,0.8328262076058512
0.32765,0.8328262076058512
0.3277000000000001,0.8328262076058512
0.32775,0.8328262076058512
0.3278000000000001,0.8328262076058512
0.32785,0.8328262076058512
0.3279000000000001,0.8328262076058512
0.32795,0.8328262076058512
0.3280000000000001,0.8328262076058512
0.32805,0.8328262076058512
0.3281000000000001,0.8328262076058512
0.3281499999999999,0.833162026331248
0.3282,0.8328262076058512
0.3282499999999999,0.8328262076058512
0.3283,0.8328262076058512
0.3283499999999999,0.833162026331248
0.3284,0.833162026331248
0.3284499999999999,0.833162026331248
0.3285,0.833162026331248
0.3285499999999999,0.833162026331248
0.3286,0.833162026331248
0.3286500000000001,0.833162026331248
0.3287,0.833162026331248
0.3287500000000001,0.833162026331248
0.3288,0.833162026331248
0.3288500000000001,0.833162026331248
0.3289,0.833162026331248
0.3289500000000001,0.833162026331248
0.329,0.8334978450566448
0.3290500000000001,0.8334978450566448
0.3290999999999999,0.8334978450566448
0.3291500000000001,0.833162026331248
0.3291999999999999,0.833162026331248
0.32925,0.833162026331248
0.3292999999999999,0.833162026331248
0.32935,0.833162026331248
0.3293999999999999,0.8334978450566448
0.32945,0.833162026331248
0.3294999999999999,0.833162026331248
0.32955,0.833162026331248
0.3295999999999999,0.833162026331248
0.32965,0.8334978450566448
0.3297000000000001,0.8334978450566448
0.32975,0.8334978450566448
0.3298000000000001,0.8334978450566448
0.32985,0.833162026331248
0.3299000000000001,0.8334978450566448
0.32995,0.8334978450566448
0.3300000000000001,0.8334978450566448
0.33005,0.8334978450566448
0.3301000000000001,0.8334978450566448
0.3301499999999999,0.8334978450566448
0.3302,0.8334978450566448
0.3302499999999999,0.8334978450566448
0.3303,0.8334978450566448
0.3303499999999999,0.8334978450566448
0.3304,0.8334978450566448
0.3304499999999999,0.8334978450566448
0.3305,0.833162026331248
0.3305499999999999,0.8334978450566448
0.3306,0.8334978450566448
0.3306500000000001,0.8334978450566448
0.3307,0.833162026331248
0.3307500000000001,0.833162026331248
0.3308,0.833162026331248
0.3308500000000001,0.833162026331248
0.3309,0.833162026331248
0.3309500000000001,0.833162026331248
0.331,0.833162026331248
0.3310500000000001,0.833162026331248
0.3310999999999999,0.833162026331248
0.3311500000000001,0.833162026331248
0.3311999999999999,0.833162026331248
0.33125,0.833162026331248
0.3312999999999999,0.833162026331248
0.33135,0.833162026331248
0.3313999999999999,0.833162026331248
0.33145,0.833162026331248
0.3314999999999999,0.833162026331248
0.33155,0.8334978450566448
0.3315999999999999,0.8334978450566448
0.33165,0.8334978450566448
0.3317000000000001,0.833162026331248
0.33175,0.833162026331248
0.3318000000000001,0.833162026331248
0.33185,0.833162026331248
0.3319000000000001,0.833162026331248
0.33195,0.8334978450566448
0.3320000000000001,0.833162026331248
0.33205,0.833162026331248
0.3321000000000001,0.8334978450566448
0.3321499999999999,0.833162026331248
0.3322000000000001,0.833162026331248
0.3322499999999999,0.8334978450566448
0.3323,0.8334978450566448
0.3323499999999999,0.8334978450566448
0.3324,0.833162026331248
0.3324499999999999,0.8334978450566448
0.3325,0.8334978450566448
0.3325499999999999,0.833162026331248
0.3326,0.8334978450566448
0.3326499999999999,0.8334978450566448
0.3327,0.833162026331248
0.3327500000000001,0.833162026331248
0.3328,0.833162026331248
0.3328500000000001,0.833162026331248
0.3329,0.833162026331248
0.3329500000000001,0.833162026331248
0.333,0.833162026331248
0.3330500000000001,0.833162026331248
0.3331,0.833162026331248
0.3331500000000001,0.833162026331248
0.3331999999999999,0.8328262076058512
0.33325,0.8328262076058512
0.3332999999999999,0.8328262076058512
0.33335,0.8328262076058512
0.3333999999999999,0.8328262076058512
0.33345,0.8328262076058512
0.3334999999999999,0.8328262076058512
0.33355,0.833162026331248
0.3335999999999999,0.8328262076058512
0.33365,0.8328262076058512
0.3337000000000001,0.833162026331248
0.33375,0.833162026331248
0.3338000000000001,0.833162026331248
0.33385,0.8328262076058512
0.3339000000000001,0.8328262076058512
0.33395,0.8328262076058512
0.3340000000000001,0.8328262076058512
0.33405,0.8328262076058512
0.3341000000000001,0.8328262076058512
0.3341499999999999,0.8328262076058512
0.3342000000000001,0.8328262076058512
0.3342499999999999,0.833162026331248
0.3343,0.8328262076058512
0.3343499999999999,0.8328262076058512
0.3344,0.8328262076058512
0.3344499999999999,0.8328262076058512
0.3345,0.833162026331248
0.3345499999999999,0.8328262076058512
0.3346,0.8328262076058512
0.3346499999999999,0.8328262076058512
0.3347,0.8328262076058512
0.3347500000000001,0.833162026331248
0.3348,0.8328262076058512
0.3348500000000001,0.833162026331248
0.3349,0.833162026331248
0.3349500000000001,0.8328262076058512
0.335,0.8328262076058512
0.3350500000000001,0.8328262076058512
0.3351,0.8328262076058512
0.3351500000000001,0.8328262076058512
0.3351999999999999,0.8328262076058512
0.33525,0.8328262076058512
0.3352999999999999,0.8328262076058512
0.33535,0.8328262076058512
0.3353999999999999,0.8328262076058512
0.33545,0.8328262076058512
0.3354999999999999,0.8328262076058512
0.33555,0.833162026331248
0.3355999999999999,0.8328262076058512
0.33565,0.8328262076058512
0.3357000000000001,0.8328262076058512
0.33575,0.8328262076058512
0.3358000000000001,0.833162026331248
0.33585,0.8328262076058512
0.3359000000000001,0.8328262076058512
0.33595,0.8328262076058512
0.3360000000000001,0.833162026331248
0.33605,0.8328262076058512
0.3361000000000001,0.8328262076058512
0.3361499999999999,0.833162026331248
0.3362000000000001,0.8328262076058512
0.3362499999999999,0.8328262076058512
0.3363,0.833162026331248
0.3363499999999999,0.8328262076058512
0.3364,0.833162026331248
0.3364499999999999,0.8328262076058512
0.3365,0.8328262076058512
0.3365499999999999,0.833162026331248
0.3366,0.833162026331248
0.3366499999999999,0.833162026331248
0.3367,0.833162026331248
0.3367500000000001,0.8328262076058512
0.3368,0.833162026331248
0.3368500000000001,0.8328262076058512
0.3369,0.8328262076058512
0.3369500000000001,0.8328262076058512
0.337,0.833162026331248
0.3370500000000001,0.8328262076058512
0.3371,0.833162026331248
0.3371500000000001,0.833162026331248
0.3371999999999999,0.8328262076058512
0.33725,0.8328262076058512
0.3372999999999999,0.833162026331248
0.33735,0.833162026331248
0.3373999999999999,0.8328262076058512
0.33745,0.8328262076058512
0.3374999999999999,0.8328262076058512
0.33755,0.8328262076058512
0.3375999999999999,0.8328262076058512
0.33765,0.833162026331248
0.3376999999999999,0.8328262076058512
0.33775,0.8328262076058512
0.3378000000000001,0.833162026331248
0.33785,0.833162026331248
0.3379000000000001,0.8328262076058512
0.33795,0.833162026331248
0.3380000000000001,0.8328262076058512
0.33805,0.8328262076058512
0.3381000000000001,0.8328262076058512
0.33815,0.8328262076058512
0.3382000000000001,0.8328262076058512
0.3382499999999999,0.8328262076058512
0.3383,0.833162026331248
0.3383499999999999,0.8328262076058512
0.3384,0.8328262076058512
0.3384499999999999,0.8328262076058512
0.3385,0.8328262076058512
0.3385499999999999,0.8328262076058512
0.3386,0.8328262076058512
0.3386499999999999,0.833162026331248
0.3387,0.833162026331248
0.3387500000000001,0.8328262076058512
0.3388,0.8328262076058512
0.3388500000000001,0.8328262076058512
0.3389,0.8328262076058512
0.3389500000000001,0.833162026331248
0.339,0.8328262076058512
0.3390500000000001,0.8328262076058512
0.3391,0.8328262076058512
0.3391500000000001,0.8328262076058512
0.3391999999999999,0.8328262076058512
0.3392500000000001,0.833162026331248
0.3392999999999999,0.833162026331248
0.33935,0.8328262076058512
0.3393999999999999,0.8328262076058512
0.33945,0.8328262076058512
0.3394999999999999,0.8328262076058512
0.33955,0.8328262076058512
0.3395999999999999,0.833162026331248
0.33965,0.8328262076058512
0.3396999999999999,0.8328262076058512
0.33975,0.8328262076058512
0.3398000000000001,0.8328262076058512
0.33985,0.8328262076058512
0.3399000000000001,0.8328262076058512
0.33995,0.8328262076058512
0.3400000000000001,0.8328262076058512
0.34005,0.8328262076058512
0.3401000000000001,0.833162026331248
0.34015,0.8328262076058512
0.3402000000000001,0.8328262076058512
0.3402499999999999,0.8328262076058512
0.3403,0.8328262076058512
0.3403499999999999,0.833162026331248
0.3404,0.8328262076058512
0.3404499999999999,0.833162026331248
0.3405,0.8328262076058512
0.3405499999999999,0.8328262076058512
0.3406,0.8328262076058512
0.3406499999999999,0.8328262076058512
0.3407,0.8328262076058512
0.3407500000000001,0.833162026331248
0.3408,0.8328262076058512
0.3408500000000001,0.833162026331248
0.3409,0.8328262076058512
0.3409500000000001,0.833162026331248
0.341,0.833162026331248
0.3410500000000001,0.833162026331248
0.3411,0.833162026331248
0.3411500000000001,0.833162026331248
0.3411999999999999,0.8328262076058512
0.3412500000000001,0.8328262076058512
0.3412999999999999,0.8328262076058512
0.34135,0.8328262076058512
0.3413999999999999,0.8328262076058512
0.34145,0.8328262076058512
0.3414999999999999,0.8328262076058512
0.34155,0.8328262076058512
0.3415999999999999,0.8328262076058512
0.34165,0.8328262076058512
0.3416999999999999,0.8328262076058512
0.34175,0.8328262076058512
0.3418000000000001,0.8328262076058512
0.34185,0.8328262076058512
0.3419000000000001,0.8328262076058512
0.34195,0.8324903888804545
0.3420000000000001,0.8324903888804545
0.34205,0.8324903888804545
0.3421000000000001,0.8324903888804545
0.34215,0.8324903888804545
0.3422000000000001,0.8328262076058512
0.3422499999999999,0.8324903888804545
0.3423,0.8324903888804545
0.3423499999999999,0.8324903888804545
0.3424,0.8324903888804545
0.3424499999999999,0.8324903888804545
0.3425,0.8328262076058512
0.3425499999999999,0.8324903888804545
0.3426,0.8324903888804545
0.3426499999999999,0.8328262076058512
0.3427,0.8324903888804545
0.3427500000000001,0.8324903888804545
0.3428,0.8324903888804545
0.3428500000000001,0.8324903888804545
0.3429,0.8324903888804545
0.3429500000000001,0.8324903888804545
0.343,0.8324903888804545
0.3430500000000001,0.8324903888804545
0.3431,0.8328262076058512
0.3431500000000001,0.8324903888804545
0.3431999999999999,0.8324903888804545
0.3432500000000001,0.8328262076058512
0.3432999999999999,0.8324903888804545
0.34335,0.8324903888804545
0.3433999999999999,0.8324903888804545
0.34345,0.8324903888804545
0.3434999999999999,0.8324903888804545
0.34355,0.8324903888804545
0.3435999999999999,0.8324903888804545
0.34365,0.8324903888804545
0.3436999999999999,0.8324903888804545
0.34375,0.8324903888804545
0.3438000000000001,0.8324903888804545
0.34385,0.8324903888804545
0.3439000000000001,0.8324903888804545
0.34395,0.8324903888804545
0.3440000000000001,0.8324903888804545
0.34405,0.8328262076058512
0.3441000000000001,0.8324903888804545
0.34415,0.8324903888804545
0.3442000000000001,0.8324903888804545
0.3442499999999999,0.8324903888804545
0.3443000000000001,0.8324903888804545
0.3443499999999999,0.8324903888804545
0.3444,0.8324903888804545
0.3444499999999999,0.8324903888804545
0.3445,0.8324903888804545
0.3445499999999999,0.8324903888804545
0.3446,0.8324903888804545
0.3446499999999999,0.8324903888804545
0.3447,0.8324903888804545
0.3447499999999999,0.8324903888804545
0.3448,0.8324903888804545
0.3448500000000001,0.8324903888804545
0.3449,0.8324903888804545
0.3449500000000001,0.8324903888804545
0.345,0.8324903888804545
0.3450500000000001,0.8324903888804545
0.3451,0.8324903888804545
0.3451500000000001,0.8321545701550577
0.3452,0.8324903888804545
0.3452500000000001,0.8324903888804545
0.3452999999999999,0.8324903888804545
0.34535,0.8324903888804545
0.3453999999999999,0.8324903888804545
0.34545,0.8324903888804545
0.3454999999999999,0.8324903888804545
0.34555,0.8324903888804545
0.3455999999999999,0.8324903888804545
0.34565,0.8324903888804545
0.3456999999999999,0.8324903888804545
0.34575,0.8324903888804545
0.3458000000000001,0.8324903888804545
0.34585,0.8324903888804545
0.3459000000000001,0.8324903888804545
0.34595,0.8324903888804545
0.3460000000000001,0.8324903888804545
0.34605,0.8328262076058512
0.3461000000000001,0.8328262076058512
0.34615,0.8324903888804545
0.3462000000000001,0.8328262076058512
0.3462499999999999,0.8324903888804545
0.3463000000000001,0.8324903888804545
0.3463499999999999,0.8328262076058512
0.3464,0.8328262076058512
0.3464499999999999,0.8328262076058512
0.3465,0.8328262076058512
0.3465499999999999,0.8328262076058512
0.3466,0.8328262076058512
0.3466499999999999,0.8328262076058512
0.3467,0.8328262076058512
0.3467499999999999,0.8328262076058512
0.3468,0.8328262076058512
0.3468500000000001,0.8328262076058512
0.3469,0.8328262076058512
0.3469500000000001,0.8328262076058512
0.347,0.8328262076058512
0.3470500000000001,0.8328262076058512
0.3471,0.8328262076058512
0.3471500000000001,0.8328262076058512
0.3472,0.8328262076058512
0.3472500000000001,0.8328262076058512
0.3472999999999999,0.8328262076058512
0.34735,0.8328262076058512
0.3473999999999999,0.8328262076058512
0.34745,0.8328262076058512
0.3474999999999999,0.8328262076058512
0.34755,0.833162026331248
0.3475999999999999,0.8328262076058512
0.34765,0.8328262076058512
0.3476999999999999,0.8328262076058512
0.34775,0.8328262076058512
0.3478000000000001,0.8328262076058512
0.34785,0.8328262076058512
0.3479000000000001,0.8328262076058512
0.34795,0.8328262076058512
0.3480000000000001,0.8328262076058512
0.34805,0.8328262076058512
0.3481000000000001,0.8328262076058512
0.34815,0.8328262076058512
0.3482000000000001,0.8328262076058512
0.3482499999999999,0.8328262076058512
0.3483000000000001,0.8328262076058512
0.3483499999999999,0.8328262076058512
0.3484,0.8328262076058512
0.3484499999999999,0.833162026331248
0.3485,0.833162026331248
0.3485499999999999,0.8328262076058512
0.3486,0.833162026331248
0.3486499999999999,0.833162026331248
0.3487,0.833162026331248
0.3487499999999999,0.833162026331248
0.3488,0.833162026331248
0.3488500000000001,0.833162026331248
0.3489,0.8334978450566448
0.3489500000000001,0.833162026331248
0.349,0.833162026331248
0.3490500000000001,0.833162026331248
0.3491,0.833162026331248
0.3491500000000001,0.833162026331248
0.3492,0.833162026331248
0.3492500000000001,0.833162026331248
0.3492999999999999,0.833162026331248
0.34935,0.833162026331248
0.3493999999999999,0.833162026331248
0.34945,0.833162026331248
0.3494999999999999,0.833162026331248
0.34955,0.833162026331248
0.3495999999999999,0.833162026331248
0.34965,0.833162026331248
0.3496999999999999,0.833162026331248
0.34975,0.833162026331248
0.3498000000000001,0.8334978450566448
0.34985,0.8334978450566448
0.3499000000000001,0.8334978450566448
0.34995,0.833162026331248
0.3500000000000001,0.833162026331248
0.35005,0.833162026331248
0.3501000000000001,0.833162026331248
0.35015,0.833162026331248
0.3502000000000001,0.833162026331248
0.35025,0.833162026331248
0.3503000000000001,0.833162026331248
0.3503499999999999,0.8334978450566448
0.3504,0.8334978450566448
0.3504499999999999,0.8334978450566448
0.3505,0.8334978450566448
0.3505499999999999,0.8334978450566448
0.3506,0.833162026331248
0.3506499999999999,0.833162026331248
0.3507,0.833162026331248
0.3507499999999999,0.833162026331248
0.3508,0.833162026331248
0.3508500000000001,0.833162026331248
0.3509,0.833162026331248
0.3509500000000001,0.833162026331248
0.351,0.833162026331248
0.3510500000000001,0.8328262076058512
0.3511,0.833162026331248
0.3511500000000001,0.833162026331248
0.3512,0.833162026331248
0.3512500000000001,0.833162026331248
0.3512999999999999,0.833162026331248
0.3513500000000001,0.8334978450566448
0.3513999999999999,0.833162026331248
0.35145,0.833162026331248
0.3514999999999999,0.833162026331248
0.35155,0.833162026331248
0.3515999999999999,0.833162026331248
0.35165,0.8334978450566448
0.3516999999999999,0.833162026331248
0.35175,0.8334978450566448
0.3517999999999999,0.8334978450566448
0.35185,0.8334978450566448
0.3519000000000001,0.8334978450566448
0.35195,0.8334978450566448
0.3520000000000001,0.8334978450566448
0.35205,0.833162026331248
0.3521000000000001,0.8334978450566448
0.35215,0.8334978450566448
0.3522000000000001,0.833162026331248
0.35225,0.8334978450566448
0.3523000000000001,0.833162026331248
0.3523499999999999,0.833162026331248
0.3524,0.833162026331248
0.3524499999999999,0.8334978450566448
0.3525,0.833162026331248
0.3525499999999999,0.833162026331248
0.3526,0.833162026331248
0.3526499999999999,0.833162026331248
0.3527,0.833162026331248
0.3527499999999999,0.833162026331248
0.3528,0.8334978450566448
0.3528500000000001,0.8334978450566448
0.3529,0.833162026331248
0.3529500000000001,0.833162026331248
0.353,0.833162026331248
0.3530500000000001,0.833162026331248
0.3531,0.8328262076058512
0.3531500000000001,0.8328262076058512
0.3532,0.833162026331248
0.3532500000000001,0.833162026331248
0.3532999999999999,0.833162026331248
0.3533500000000001,0.833162026331248
0.3533999999999999,0.833162026331248
0.35345,0.8328262076058512
0.3534999999999999,0.833162026331248
0.35355,0.8328262076058512
0.3535999999999999,0.833162026331248
0.35365,0.8328262076058512
0.3536999999999999,0.8328262076058512
0.35375,0.8328262076058512
0.3537999999999999,0.8328262076058512
0.35385,0.833162026331248
0.3539000000000001,0.8328262076058512
0.35395,0.833162026331248
0.3540000000000001,0.8328262076058512
0.35405,0.8328262076058512
0.3541000000000001,0.8328262076058512
0.35415,0.8328262076058512
0.3542000000000001,0.833162026331248
0.35425,0.8328262076058512
0.3543000000000001,0.8328262076058512
0.3543499999999999,0.8328262076058512
0.3544,0.8328262076058512
0.3544499999999999,0.8328262076058512
0.3545,0.8328262076058512
0.3545499999999999,0.833162026331248
0.3546,0.8328262076058512
0.3546499999999999,0.833162026331248
0.3547,0.833162026331248
0.3547499999999999,0.833162026331248
0.3548,0.833162026331248
0.3548500000000001,0.833162026331248
0.3549,0.833162026331248
0.3549500000000001,0.833162026331248
0.355,0.833162026331248
0.3550500000000001,0.833162026331248
0.3551,0.833162026331248
0.3551500000000001,0.8328262076058512
0.3552,0.8328262076058512
0.3552500000000001,0.8328262076058512
0.3552999999999999,0.8328262076058512
0.3553500000000001,0.8328262076058512
0.3553999999999999,0.8328262076058512
0.35545,0.8328262076058512
0.3554999999999999,0.8328262076058512
0.35555,0.8328262076058512
0.3555999999999999,0.8328262076058512
0.35565,0.8328262076058512
0.3556999999999999,0.8328262076058512
0.35575,0.8328262076058512
0.3557999999999999,0.8328262076058512
0.35585,0.8328262076058512
0.3559000000000001,0.8328262076058512
0.35595,0.833162026331248
0.3560000000000001,0.833162026331248
0.35605,0.8328262076058512
0.3561000000000001,0.8328262076058512
0.35615,0.8328262076058512
0.3562000000000001,0.8328262076058512
0.35625,0.8328262076058512
0.3563000000000001,0.8328262076058512
0.3563499999999999,0.8328262076058512
0.3564000000000001,0.8328262076058512
0.3564499999999999,0.8328262076058512
0.3565,0.8328262076058512
0.3565499999999999,0.833162026331248
0.3566,0.8328262076058512
0.3566499999999999,0.8328262076058512
0.3567,0.8328262076058512
0.3567499999999999,0.8328262076058512
0.3568,0.8328262076058512
0.3568499999999999,0.8328262076058512
0.3569,0.8328262076058512
0.3569500000000001,0.8328262076058512
0.357,0.8328262076058512
0.3570500000000001,0.8328262076058512
0.3571,0.8328262076058512
0.3571500000000001,0.8328262076058512
0.3572,0.8328262076058512
0.3572500000000001,0.8328262076058512
0.3573,0.833162026331248
0.3573500000000001,0.833162026331248
0.3573999999999999,0.8328262076058512
0.35745,0.8328262076058512
0.3574999999999999,0.833162026331248
0.35755,0.8328262076058512
0.3575999999999999,0.833162026331248
0.35765,0.8328262076058512
0.3576999999999999,0.8328262076058512
0.35775,0.833162026331248
0.3577999999999999,0.8328262076058512
0.35785,0.8328262076058512
0.3579000000000001,0.8328262076058512
0.35795,0.8328262076058512
0.3580000000000001,0.8328262076058512
0.35805,0.8328262076058512
0.3581000000000001,0.8328262076058512
0.35815,0.8328262076058512
0.3582000000000001,0.833162026331248
0.35825,0.833162026331248
0.3583000000000001,0.833162026331248
0.3583499999999999,0.833162026331248
0.3584000000000001,0.833162026331248
0.3584499999999999,0.8328262076058512
0.3585,0.8328262076058512
0.3585499999999999,0.833162026331248
0.3586,0.8328262076058512
0.3586499999999999,0.8328262076058512
0.3587,0.833162026331248
0.3587499999999999,0.833162026331248
0.3588,0.833162026331248
0.3588499999999999,0.833162026331248
0.3589,0.833162026331248
0.3589500000000001,0.8328262076058512
0.359,0.8328262076058512
0.3590500000000001,0.8328262076058512
0.3591,0.833162026331248
0.3591500000000001,0.833162026331248
0.3592,0.8328262076058512
0.3592500000000001,0.8328262076058512
0.3593,0.8328262076058512
0.3593500000000001,0.8328262076058512
0.3593999999999999,0.8328262076058512
0.35945,0.8328262076058512
0.3594999999999999,0.8328262076058512
0.35955,0.8328262076058512
0.3595999999999999,0.8328262076058512
0.35965,0.8328262076058512
0.3596999999999999,0.8328262076058512
0.35975,0.833162026331248
0.3597999999999999,0.833162026331248
0.35985,0.8328262076058512
0.3599000000000001,0.8328262076058512
0.35995,0.8328262076058512
0.3600000000000001,0.833162026331248
0.36005,0.8328262076058512
0.3601000000000001,0.8328262076058512
0.36015,0.8328262076058512
0.3602000000000001,0.8328262076058512
0.36025,0.833162026331248
0.3603000000000001,0.8328262076058512
0.3603499999999999,0.8328262076058512
0.3604000000000001,0.833162026331248
0.3604499999999999,0.833162026331248
0.3605,0.8328262076058512
0.3605499999999999,0.8328262076058512
0.3606,0.833162026331248
0.3606499999999999,0.8328262076058512
0.3607,0.8328262076058512
0.3607499999999999,0.8328262076058512
0.3608,0.8328262076058512
0.3608499999999999,0.833162026331248
0.3609,0.8328262076058512
0.3609500000000001,0.8328262076058512
0.361,0.8328262076058512
0.3610500000000001,0.8328262076058512
0.3611,0.8328262076058512
0.3611500000000001,0.8328262076058512
0.3612,0.8328262076058512
0.3612500000000001,0.8328262076058512
0.3613,0.8328262076058512
0.3613500000000001,0.8328262076058512
0.3613999999999999,0.833162026331248
0.36145,0.8328262076058512
0.3614999999999999,0.8328262076058512
0.36155,0.8328262076058512
0.3615999999999999,0.8328262076058512
0.36165,0.8328262076058512
0.3616999999999999,0.8324903888804545
0.36175,0.8328262076058512
0.3617999999999999,0.8324903888804557
0.36185,0.8324903888804545
0.3619000000000001,0.8324903888804545
0.36195,0.8324903888804545
0.3620000000000001,0.8324903888804545
0.36205,0.8324903888804545
0.3621000000000001,0.8324903888804545
0.36215,0.8328262076058512
0.3622000000000001,0.8324903888804545
0.36225,0.8324903888804545
0.3623000000000001,0.8324903888804545
0.3623499999999999,0.8324903888804545
0.3624000000000001,0.8324903888804545
0.3624499999999999,0.8324903888804545
0.3625,0.8324903888804545
0.3625499999999999,0.8324903888804545
0.3626,0.8324903888804545
0.3626499999999999,0.8324903888804545
0.3627,0.8324903888804545
0.3627499999999999,0.8324903888804545
0.3628,0.8328262076058512
0.3628499999999999,0.8328262076058512
0.3629,0.8328262076058512
0.3629500000000001,0.8324903888804557
0.363,0.8328262076058512
0.3630500000000001,0.8324903888804545
0.3631,0.8324903888804545
0.3631500000000001,0.8324903888804545
0.3632,0.8324903888804545
0.3632500000000001,0.8328262076058512
0.3633,0.8324903888804545
0.3633500000000001,0.8324903888804545
0.3633999999999999,0.8324903888804545
0.3634500000000001,0.8324903888804545
0.3634999999999999,0.8324903888804545
0.36355,0.8324903888804545
0.3635999999999999,0.8324903888804545
0.36365,0.8324903888804545
0.3636999999999999,0.8324903888804545
0.36375,0.8324903888804545
0.3637999999999999,0.8324903888804545
0.36385,0.8324903888804545
0.3638999999999999,0.8324903888804545
0.36395,0.8324903888804545
0.3640000000000001,0.8324903888804545
0.36405,0.8324903888804545
0.3641000000000001,0.8324903888804545
0.36415,0.8324903888804545
0.3642000000000001,0.8324903888804545
0.36425,0.8328262076058512
0.3643000000000001,0.8328262076058512
0.36435,0.8324903888804545
0.3644000000000001,0.8324903888804545
0.3644499999999999,0.8324903888804545
0.3645,0.8324903888804545
0.3645499999999999,0.8324903888804545
0.3646,0.8324903888804545
0.3646499999999999,0.8324903888804545
0.3647,0.8324903888804545
0.3647499999999999,0.8324903888804545
0.3648,0.8324903888804545
0.3648499999999999,0.8324903888804545
0.3649,0.8324903888804545
0.3649500000000001,0.8324903888804545
0.365,0.8324903888804545
0.3650500000000001,0.8324903888804545
0.3651,0.8324903888804545
0.3651500000000001,0.8324903888804545
0.3652,0.8324903888804545
0.3652500000000001,0.8324903888804545
0.3653,0.8324903888804545
0.3653500000000001,0.8324903888804545
0.3653999999999999,0.8324903888804545
0.3654500000000001,0.8324903888804545
0.3654999999999999,0.8324903888804545
0.36555,0.8324903888804545
0.3655999999999999,0.8324903888804545
0.36565,0.8324903888804545
0.3656999999999999,0.8324903888804545
0.36575,0.8324903888804545
0.3657999999999999,0.83282620760585
0.36585,0.8324903888804545
0.3658999999999999,0.83282620760585
0.36595,0.8328262076058512
0.3660000000000001,0.8328262076058512
0.36605,0.8328262076058512
0.3661000000000001,0.8328262076058512
0.36615,0.8328262076058512
0.3662000000000001,0.8328262076058512
0.36625,0.8328262076058512
0.3663000000000001,0.8328262076058512
0.36635,0.8328262076058512
0.3664000000000001,0.8324903888804545
0.3664499999999999,0.8324903888804545
0.3665,0.8328262076058512
0.3665499999999999,0.8328262076058512
0.3666,0.8328262076058512
0.3666499999999999,0.8328262076058512
0.3667,0.8328262076058512
0.3667499999999999,0.8328262076058512
0.3668,0.8328262076058512
0.3668499999999999,0.8328262076058512
0.3669,0.833162026331248
0.3669500000000001,0.8328262076058512
0.367,0.8328262076058512
0.3670500000000001,0.8328262076058512
0.3671,0.8328262076058512
0.3671500000000001,0.8328262076058512
0.3672,0.8328262076058512
0.3672500000000001,0.8328262076058512
0.3673,0.8328262076058512
0.3673500000000001,0.8328262076058512
0.3673999999999999,0.8328262076058512
0.3674500000000001,0.8328262076058512
0.3674999999999999,0.8328262076058512
0.36755,0.8328262076058512
0.3675999999999999,0.8328262076058512
0.36765,0.8328262076058512
0.3676999999999999,0.8328262076058512
0.36775,0.8328262076058512
0.3677999999999999,0.8328262076058512
0.36785,0.8328262076058512
0.3678999999999999,0.8328262076058512
0.36795,0.8328262076058512
0.3680000000000001,0.8328262076058512
0.36805,0.8328262076058512
0.3681000000000001,0.8328262076058512
0.36815,0.8328262076058512
0.3682000000000001,0.8328262076058512
0.36825,0.8328262076058512
0.3683000000000001,0.8328262076058512
0.36835,0.8328262076058512
0.3684000000000001,0.833162026331248
0.3684499999999999,0.833162026331248
0.3685,0.833162026331248
0.3685499999999999,0.833162026331248
0.3686,0.833162026331248
0.3686499999999999,0.833162026331248
0.3687,0.833162026331248
0.3687499999999999,0.833162026331248
0.3688,0.833162026331248
0.3688499999999999,0.833162026331248
0.3689,0.833162026331248
0.3689499999999999,0.833162026331248
0.369,0.833162026331248
0.3690500000000001,0.833162026331248
0.3691,0.833162026331248
0.3691500000000001,0.833162026331248
0.3692,0.8334978450566448
0.3692500000000001,0.833162026331248
0.3693,0.833162026331248
0.3693500000000001,0.833162026331248
0.3694,0.833162026331248
0.3694500000000001,0.833162026331248
0.3694999999999999,0.833162026331248
0.36955,0.833162026331248
0.3695999999999999,0.833162026331248
0.36965,0.833162026331248
0.3696999999999999,0.833162026331248
0.36975,0.833162026331248
0.3697999999999999,0.833162026331248
0.36985,0.833162026331248
0.3698999999999999,0.833162026331248
0.36995,0.833162026331248
0.3700000000000001,0.833162026331248
0.37005,0.833162026331248
0.3701000000000001,0.833162026331248
0.37015,0.833162026331248
0.3702000000000001,0.833162026331248
0.37025,0.833162026331248
0.3703000000000001,0.833162026331248
0.37035,0.833162026331248
0.3704000000000001,0.833162026331248
0.3704499999999999,0.8334978450566448
0.3705000000000001,0.833162026331248
0.3705499999999999,0.833162026331248
0.3706,0.833162026331248
0.3706499999999999,0.833162026331248
0.3707,0.833162026331248
0.3707499999999999,0.833162026331248
0.3708,0.833162026331248
0.3708499999999999,0.833162026331248
0.3709,0.833162026331248
0.3709499999999999,0.833162026331248
0.371,0.833162026331248
0.3710500000000001,0.833162026331248
0.3711,0.833162026331248
0.3711500000000001,0.833162026331248
0.3712,0.833162026331248
0.3712500000000001,0.833162026331248
0.3713,0.833162026331248
0.3713500000000001,0.833162026331248
0.3714,0.833162026331248
0.3714500000000001,0.8334978450566448
0.3714999999999999,0.8334978450566448
0.37155,0.8334978450566448
0.3715999999999999,0.833162026331248
0.37165,0.833162026331248
0.3716999999999999,0.833162026331248
0.37175,0.833162026331248
0.3717999999999999,0.833162026331248
0.37185,0.833162026331248
0.3718999999999999,0.833162026331248
0.37195,0.833162026331248
0.3720000000000001,0.833162026331248
0.37205,0.833162026331248
0.3721000000000001,0.8334978450566436
0.37215,0.833162026331248
0.3722000000000001,0.8334978450566448
0.37225,0.833162026331248
0.3723000000000001,0.8334978450566448
0.37235,0.8334978450566448
0.3724000000000001,0.8334978450566448
0.3724499999999999,0.8334978450566448
0.3725000000000001,0.8334978450566448
0.3725499999999999,0.8334978450566448
0.3726,0.833162026331248
0.3726499999999999,0.8334978450566448
0.3727,0.8334978450566448
0.3727499999999999,0.8334978450566448
0.3728,0.833162026331248
0.3728499999999999,0.833162026331248
0.3729,0.833162026331248
0.3729499999999999,0.833162026331248
0.373,0.8328262076058512
0.3730500000000001,0.833162026331248
0.3731,0.833162026331248
0.3731500000000001,0.8328262076058525
0.3732,0.833162026331248
0.3732500000000001,0.833162026331248
0.3733,0.833162026331248
0.3733500000000001,0.833162026331248
0.3734,0.833162026331248
0.3734500000000001,0.833162026331248
0.3734999999999999,0.8328262076058512
0.37355,0.833162026331248
0.3735999999999999,0.8328262076058512
0.37365,0.8328262076058512
0.3736999999999999,0.8328262076058512
0.37375,0.8328262076058512
0.3737999999999999,0.8328262076058512
0.37385,0.8328262076058512
0.3738999999999999,0.8328262076058512
0.37395,0.833162026331248
0.3740000000000001,0.8331620263312468
0.37405,0.8328262076058512
0.3741000000000001,0.8328262076058512
0.37415,0.8328262076058512
0.3742000000000001,0.8328262076058512
0.37425,0.8328262076058512
0.3743000000000001,0.833162026331248
0.37435,0.833162026331248
0.3744000000000001,0.8328262076058512
0.3744499999999999,0.833162026331248
0.3745000000000001,0.8328262076058512
0.3745499999999999,0.8328262076058512
0.3746,0.833162026331248
0.3746499999999999,0.8328262076058512
0.3747,0.8328262076058512
0.3747499999999999,0.833162026331248
0.3748,0.8328262076058512
0.3748499999999999,0.8331620263312468
0.3749,0.8328262076058512
0.3749499999999999,0.8328262076058512
0.375,0.8328262076058512
0.3750500000000001,0.833162026331248
0.3751,0.833162026331248
0.3751500000000001,0.8328262076058512
0.3752,0.8328262076058512
0.3752500000000001,0.833162026331248
0.3753,0.833162026331248
0.3753500000000001,0.8328262076058512
0.3754,0.8328262076058512
0.3754500000000001,0.8328262076058512
0.3754999999999999,0.8328262076058512
0.3755500000000001,0.8328262076058512
0.3755999999999999,0.8328262076058512
0.37565,0.833162026331248
0.3756999999999999,0.833162026331248
0.37575,0.833162026331248
0.3757999999999999,0.833162026331248
0.37585,0.833162026331248
0.3758999999999999,0.833162026331248
0.37595,0.833162026331248
0.3759999999999999,0.833162026331248
0.37605,0.8328262076058512
0.3761000000000001,0.8328262076058512
0.37615,0.8328262076058512
0.3762000000000001,0.8328262076058512
0.37625,0.833162026331248
0.3763000000000001,0.833162026331248
0.37635,0.833162026331248
0.3764000000000001,0.833162026331248
0.37645,0.833162026331248
0.3765000000000001,0.833162026331248
0.3765499999999999,0.8328262076058512
0.3766,0.833162026331248
0.3766499999999999,0.833162026331248
0.3767,0.833162026331248
0.3767499999999999,0.833162026331248
0.3768,0.8328262076058512
0.3768499999999999,0.8328262076058512
0.3769,0.833162026331248
0.3769499999999999,0.833162026331248
0.377,0.833162026331248
0.3770500000000001,0.8331620263312468
0.3771,0.8328262076058512
0.3771500000000001,0.8328262076058512
0.3772,0.8328262076058512
0.3772500000000001,0.8328262076058512
0.3773,0.833162026331248
0.3773500000000001,0.8328262076058512
0.3774,0.8328262076058512
0.3774500000000001,0.8328262076058512
0.3774999999999999,0.8328262076058512
0.3775500000000001,0.8328262076058512
0.3775999999999999,0.8328262076058512
0.37765,0.8328262076058512
0.3776999999999999,0.8328262076058512
0.37775,0.8328262076058512
0.3777999999999999,0.8328262076058512
0.37785,0.833162026331248
0.3778999999999999,0.8328262076058525
0.37795,0.833162026331248
0.3779999999999999,0.8328262076058525
0.37805,0.8328262076058512
0.3781000000000001,0.8328262076058512
0.37815,0.8328262076058512
0.3782000000000001,0.8328262076058512
0.37825,0.8328262076058512
0.3783000000000001,0.8328262076058512
0.37835,0.8328262076058512
0.3784000000000001,0.8328262076058512
0.37845,0.8328262076058512
0.3785000000000001,0.8328262076058512
0.3785499999999999,0.8328262076058512
0.3786,0.8328262076058512
0.3786499999999999,0.833162026331248
0.3787,0.8328262076058512
0.3787499999999999,0.8328262076058512
0.3788,0.8328262076058512
0.3788499999999999,0.8328262076058512
0.3789,0.833162026331248
0.3789499999999999,0.8328262076058525
0.379,0.8328262076058512
0.3790500000000001,0.8331620263312468
0.3791,0.8328262076058512
0.3791500000000001,0.8328262076058512
0.3792,0.8328262076058512
0.3792500000000001,0.8328262076058512
0.3793,0.8328262076058512
0.3793500000000001,0.8328262076058512
0.3794,0.8328262076058512
0.3794500000000001,0.8328262076058512
0.3794999999999999,0.8328262076058512
0.3795500000000001,0.8328262076058512
0.3795999999999999,0.8328262076058512
0.37965,0.8328262076058512
0.3796999999999999,0.8328262076058512
0.37975,0.8328262076058512
0.3797999999999999,0.8328262076058512
0.37985,0.8328262076058512
0.3798999999999999,0.8328262076058512
0.37995,0.8328262076058512
0.3799999999999999,0.8328262076058512
0.38005,0.8328262076058512
0.3801000000000001,0.8331620263312468
0.38015,0.8328262076058512
0.3802000000000001,0.8328262076058512
0.38025,0.8328262076058512
0.3803000000000001,0.8328262076058512
0.38035,0.8328262076058512
0.3804000000000001,0.833162026331248
0.38045,0.8328262076058512
0.3805000000000001,0.833162026331248
0.3805499999999999,0.8328262076058512
0.3806,0.8328262076058512
0.3806499999999999,0.8328262076058512
0.3807,0.8328262076058512
0.3807499999999999,0.8328262076058512
0.3808,0.8328262076058512
0.3808499999999999,0.8328262076058512
0.3809,0.8328262076058512
0.3809499999999999,0.8328262076058512
0.381,0.8328262076058512
0.3810500000000001,0.8328262076058512
0.3811,0.8328262076058512
0.3811500000000001,0.8328262076058512
0.3812,0.8328262076058512
0.3812500000000001,0.833162026331248
0.3813,0.8328262076058512
0.3813500000000001,0.8328262076058512
0.3814,0.8328262076058512
0.3814500000000001,0.8328262076058512
0.3815,0.833162026331248
0.3815500000000001,0.8328262076058512
0.3815999999999999,0.8328262076058512
0.38165,0.8328262076058512
0.3816999999999999,0.8328262076058512
0.38175,0.8328262076058512
0.3817999999999999,0.8328262076058512
0.38185,0.8324903888804545
0.3818999999999999,0.83282620760585
0.38195,0.8324903888804545
0.3819999999999999,0.8324903888804545
0.38205,0.8324903888804545
0.3821000000000001,0.8324903888804545
0.38215,0.8324903888804545
0.3822000000000001,0.8324903888804545
0.38225,0.8324903888804545
0.3823000000000001,0.8324903888804545
0.38235,0.8324903888804545
0.3824000000000001,0.8324903888804545
0.38245,0.8324903888804545
0.3825000000000001,0.8324903888804545
0.3825499999999999,0.8328262076058512
0.3826000000000001,0.8324903888804545
0.3826499999999999,0.8324903888804545
0.3827,0.8324903888804545
0.3827499999999999,0.8324903888804545
0.3828,0.8324903888804545
0.3828499999999999,0.8324903888804545
0.3829,0.8324903888804545
0.3829499999999999,0.8324903888804545
0.383,0.8324903888804545
0.3830499999999999,0.8324903888804545
0.3831,0.8328262076058512
0.3831500000000001,0.8324903888804545
0.3832,0.8324903888804545
0.3832500000000001,0.8328262076058512
0.3833,0.8324903888804545
0.3833500000000001,0.8324903888804545
0.3834,0.8324903888804545
0.3834500000000001,0.8324903888804545
0.3835,0.8324903888804545
0.3835500000000001,0.8324903888804545
0.3835999999999999,0.8324903888804545
0.38365,0.8324903888804545
0.3836999999999999,0.8324903888804545
0.38375,0.8324903888804545
0.3837999999999999,0.8324903888804545
0.38385,0.8324903888804545
0.3838999999999999,0.8324903888804545
0.38395,0.8324903888804545
0.3839999999999999,0.8324903888804545
0.38405,0.8324903888804545
0.3841000000000001,0.8324903888804545
0.38415,0.8324903888804545
0.3842000000000001,0.8324903888804545
0.38425,0.8324903888804545
0.3843000000000001,0.8324903888804545
0.38435,0.8324903888804545
0.3844000000000001,0.8328262076058512
0.38445,0.8324903888804545
0.3845000000000001,0.8324903888804545
0.3845499999999999,0.8328262076058512
0.3846000000000001,0.8324903888804545
0.3846499999999999,0.8324903888804545
0.3847,0.8324903888804545
0.3847499999999999,0.8324903888804545
0.3848,0.8324903888804545
0.3848499999999999,0.8324903888804545
0.3849,0.8324903888804545
0.3849499999999999,0.83282620760585
0.385,0.8324903888804545
0.3850499999999999,0.8324903888804545
0.3851,0.8324903888804545
0.3851500000000001,0.8324903888804545
0.3852,0.8324903888804545
0.3852500000000001,0.8324903888804545
0.3853,0.8324903888804545
0.3853500000000001,0.8324903888804545
0.3854,0.8324903888804545
0.3854500000000001,0.8324903888804545
0.3855,0.8324903888804545
0.3855500000000001,0.8324903888804545
0.3855999999999999,0.8324903888804545
0.38565,0.8324903888804545
0.3856999999999999,0.8324903888804545
0.38575,0.8328262076058512
0.3857999999999999,0.8324903888804545
0.38585,0.8324903888804545
0.3858999999999999,0.8324903888804545
0.38595,0.8324903888804545
0.3859999999999999,0.8324903888804545
0.38605,0.8324903888804545
0.3861000000000001,0.8328262076058512
0.38615,0.8328262076058512
0.3862000000000001,0.8328262076058512
0.38625,0.8328262076058512
0.3863000000000001,0.8328262076058512
0.38635,0.8328262076058512
0.3864000000000001,0.8328262076058512
0.38645,0.8324903888804545
0.3865000000000001,0.8324903888804545
0.3865499999999999,0.8324903888804545
0.3866000000000001,0.8324903888804545
0.3866499999999999,0.8328262076058512
0.3867,0.8328262076058512
0.3867499999999999,0.8324903888804545
0.3868,0.8328262076058512
0.3868499999999999,0.8328262076058512
0.3869,0.8328262076058512
0.3869499999999999,0.8324903888804557
0.387,0.8328262076058512
0.3870499999999999,0.8328262076058512
0.3871,0.8328262076058512
0.3871500000000001,0.8328262076058512
0.3872,0.8328262076058512
0.3872500000000001,0.8328262076058512
0.3873,0.8328262076058512
0.3873500000000001,0.8328262076058512
0.3874,0.8328262076058512
0.3874500000000001,0.8328262076058512
0.3875,0.8328262076058512
0.3875500000000001,0.8328262076058512
0.3875999999999999,0.8328262076058512
0.3876500000000001,0.8328262076058512
0.3876999999999999,0.8328262076058512
0.38775,0.8324903888804545
0.3877999999999999,0.8328262076058512
0.38785,0.8328262076058512
0.3878999999999999,0.8328262076058512
0.38795,0.8328262076058512
0.3879999999999999,0.8328262076058512
0.38805,0.8328262076058512
0.3880999999999999,0.8328262076058512
0.38815,0.8328262076058512
0.3882000000000001,0.8324903888804557
0.38825,0.8328262076058512
0.3883000000000001,0.8328262076058512
0.38835,0.8328262076058512
0.3884000000000001,0.8328262076058512
0.38845,0.8328262076058512
0.3885000000000001,0.833162026331248
0.38855,0.833162026331248
0.3886000000000001,0.833162026331248
0.3886499999999999,0.833162026331248
0.3887,0.833162026331248
0.3887499999999999,0.833162026331248
0.3888,0.833162026331248
0.3888499999999999,0.833162026331248
0.3889,0.833162026331248
0.3889499999999999,0.8328262076058525
0.389,0.833162026331248
0.3890499999999999,0.8328262076058525
0.3891,0.833162026331248
0.3891500000000001,0.833162026331248
0.3892,0.833162026331248
0.3892500000000001,0.833162026331248
0.3893,0.833162026331248
0.3893500000000001,0.833162026331248
0.3894,0.8334978450566448
0.3894500000000001,0.8334978450566448
0.3895,0.8334978450566448
0.3895500000000001,0.8334978450566448
0.3895999999999999,0.833162026331248
0.3896500000000001,0.833162026331248
0.3896999999999999,0.8334978450566448
0.38975,0.8334978450566448
0.3897999999999999,0.8334978450566448
0.38985,0.833162026331248
0.3898999999999999,0.8334978450566448
0.38995,0.833162026331248
0.3899999999999999,0.833162026331248
0.39005,0.833162026331248
0.3900999999999999,0.833162026331248
0.39015,0.8334978450566448
0.3902000000000001,0.8331620263312493
0.39025,0.8334978450566448
0.3903000000000001,0.833162026331248
0.39035,0.833162026331248
0.3904000000000001,0.833162026331248
0.39045,0.833162026331248
0.3905000000000001,0.833162026331248
0.39055,0.833162026331248
0.3906000000000001,0.833162026331248
0.3906499999999999,0.833162026331248
0.3907,0.833162026331248
0.3907499999999999,0.833162026331248
0.3908,0.833162026331248
0.3908499999999999,0.833162026331248
0.3909,0.833162026331248
0.3909499999999999,0.833162026331248
0.391,0.8328262076058512
0.3910499999999999,0.8331620263312468
0.3911,0.833162026331248
0.3911500000000001,0.833162026331248
0.3912,0.833162026331248
0.3912500000000001,0.833162026331248
0.3913,0.833162026331248
0.3913500000000001,0.833162026331248
0.3914,0.833162026331248
0.3914500000000001,0.833162026331248
0.3915,0.833162026331248
0.3915500000000001,0.833162026331248
0.3915999999999999,0.833162026331248
0.3916500000000001,0.833162026331248
0.3916999999999999,0.833162026331248
0.39175,0.833162026331248
0.3917999999999999,0.833162026331248
0.39185,0.833162026331248
0.3918999999999999,0.833162026331248
0.39195,0.833162026331248
0.3919999999999999,0.833162026331248
0.39205,0.8334978450566448
0.3920999999999999,0.8331620263312493
0.39215,0.8334978450566448
0.3922000000000001,0.8331620263312493
0.39225,0.8334978450566448
0.3923000000000001,0.8334978450566448
0.39235,0.8334978450566448
0.3924000000000001,0.8334978450566448
0.39245,0.8334978450566448
0.3925000000000001,0.833162026331248
0.39255,0.833162026331248
0.3926000000000001,0.833162026331248
0.3926499999999999,0.8334978450566448
0.3927,0.8334978450566448
0.3927499999999999,0.8334978450566448
0.3928,0.833162026331248
0.3928499999999999,0.833162026331248
0.3929,0.833162026331248
0.3929499999999999,0.833162026331248
0.393,0.833162026331248
0.3930499999999999,0.833162026331248
0.3931,0.833162026331248
0.3931500000000001,0.8331620263312468
0.3932,0.8328262076058512
0.3932500000000001,0.8328262076058512
0.3933,0.8328262076058512
0.3933500000000001,0.8328262076058512
0.3934,0.8328262076058512
0.3934500000000001,0.8328262076058512
0.3935,0.8328262076058512
0.3935500000000001,0.8328262076058512
0.3935999999999999,0.8328262076058512
0.3936500000000001,0.8328262076058512
0.3936999999999999,0.833162026331248
0.39375,0.8328262076058512
0.3937999999999999,0.833162026331248
0.39385,0.833162026331248
0.3938999999999999,0.833162026331248
0.39395,0.833162026331248
0.3939999999999999,0.833162026331248
0.39405,0.833162026331248
0.3940999999999999,0.8328262076058525
0.39415,0.8328262076058512
0.3942000000000001,0.8328262076058525
0.39425,0.833162026331248
0.3943000000000001,0.8328262076058525
0.39435,0.833162026331248
0.3944000000000001,0.8328262076058512
0.39445,0.833162026331248
0.3945000000000001,0.8328262076058512
0.39455,0.833162026331248
0.3946000000000001,0.833162026331248
0.3946499999999999,0.833162026331248
0.3947000000000001,0.833162026331248
0.3947499999999999,0.833162026331248
0.3948,0.8328262076058512
0.3948499999999999,0.833162026331248
0.3949,0.833162026331248
0.3949499999999999,0.833162026331248
0.395,0.833162026331248
0.3950499999999999,0.8328262076058525
0.3951,0.8328262076058512
0.3951499999999999,0.8331620263312468
0.3952,0.8328262076058512
0.3952500000000001,0.8328262076058512
0.3953,0.8328262076058512
0.3953500000000001,0.8328262076058512
0.3954,0.8328262076058512
0.3954500000000001,0.8328262076058512
0.3955,0.8328262076058512
0.3955500000000001,0.8328262076058512
0.3956,0.833162026331248
0.3956500000000001,0.833162026331248
0.3956999999999999,0.833162026331248
0.39575,0.833162026331248
0.3957999999999999,0.8328262076058512
0.39585,0.833162026331248
0.3958999999999999,0.8328262076058512
0.39595,0.833162026331248
0.3959999999999999,0.8328262076058525
0.39605,0.833162026331248
0.3960999999999999,0.833162026331248
0.39615,0.833162026331248
0.3962000000000001,0.8328262076058512
0.39625,0.8328262076058512
0.3963000000000001,0.833162026331248
0.39635,0.833162026331248
0.3964000000000001,0.833162026331248
0.39645,0.833162026331248
0.3965000000000001,0.833162026331248
0.39655,0.8328262076058512
0.3966000000000001,0.833162026331248
0.3966499999999999,0.833162026331248
0.3967000000000001,0.833162026331248
0.3967499999999999,0.833162026331248
0.3968,0.833162026331248
0.3968499999999999,0.833162026331248
0.3969,0.8328262076058512
0.3969499999999999,0.8328262076058512
0.397,0.8328262076058512
0.3970499999999999,0.8328262076058512
0.3971,0.8328262076058512
0.3971499999999999,0.8328262076058512
0.3972,0.833162026331248
0.3972500000000001,0.833162026331248
0.3973,0.833162026331248
0.3973500000000001,0.8328262076058525
0.3974,0.833162026331248
0.3974500000000001,0.8328262076058512
0.3975,0.8328262076058512
0.3975500000000001,0.8328262076058512
0.3976,0.8328262076058512
0.3976500000000001,0.8328262076058512
0.3976999999999999,0.8328262076058512
0.39775,0.8328262076058512
0.3977999999999999,0.8328262076058512
0.39785,0.8328262076058512
0.3978999999999999,0.8328262076058512
0.39795,0.8328262076058512
0.3979999999999999,0.8328262076058512
0.39805,0.8328262076058512
0.3980999999999999,0.8328262076058512
0.39815,0.833162026331248
0.3982000000000001,0.833162026331248
0.39825,0.833162026331248
0.3983000000000001,0.8328262076058512
0.39835,0.8328262076058512
0.3984000000000001,0.8328262076058512
0.39845,0.8328262076058512
0.3985000000000001,0.8328262076058512
0.39855,0.8328262076058512
0.3986000000000001,0.8328262076058512
0.3986499999999999,0.8328262076058512
0.3987000000000001,0.8328262076058512
0.3987499999999999,0.8328262076058512
0.3988,0.8328262076058512
0.3988499999999999,0.8328262076058512
0.3989,0.833162026331248
0.3989499999999999,0.833162026331248
0.399,0.833162026331248
0.3990499999999999,0.8328262076058525
0.3991,0.833162026331248
0.3991499999999999,0.833162026331248
0.3992,0.8328262076058512
0.3992500000000001,0.8328262076058512
0.3993,0.8328262076058512
0.3993500000000001,0.8328262076058525
0.3994,0.833162026331248
0.3994500000000001,0.8328262076058512
0.3995,0.8328262076058512
0.3995500000000001,0.8328262076058512
0.3996,0.8328262076058512
0.3996500000000001,0.8328262076058512
0.3996999999999999,0.8328262076058512
0.39975,0.8328262076058512
0.3997999999999999,0.8328262076058512
0.39985,0.8328262076058512
0.3998999999999999,0.8328262076058512
0.39995,0.8328262076058512
0.3999999999999999,0.8328262076058512
0.40005,0.8328262076058512
0.4000999999999999,0.8328262076058512
0.40015,0.8328262076058512
0.4001999999999999,0.8328262076058512
0.40025,0.8328262076058512
0.4003000000000001,0.8328262076058512
0.40035,0.8328262076058512
0.4004000000000001,0.8328262076058512
0.40045,0.8328262076058512
0.4005000000000001,0.8328262076058512
0.40055,0.8328262076058512
0.4006000000000001,0.8328262076058512
0.40065,0.8328262076058512
0.4007000000000001,0.8328262076058512
0.4007499999999999,0.8328262076058512
0.4008,0.8328262076058512
0.4008499999999999,0.8328262076058512
0.4009,0.8328262076058512
0.4009499999999999,0.8328262076058512
0.401,0.8328262076058512
0.4010499999999999,0.8328262076058512
0.4011,0.8328262076058512
0.4011499999999999,0.8328262076058512
0.4012,0.8328262076058512
0.4012500000000001,0.8328262076058512
0.4013,0.8328262076058512
0.4013500000000001,0.8328262076058512
0.4014,0.8328262076058512
0.4014500000000001,0.8328262076058512
0.4015,0.8328262076058512
0.4015500000000001,0.8328262076058512
0.4016,0.8328262076058512
0.4016500000000001,0.8328262076058512
0.4016999999999999,0.8324903888804545
0.4017500000000001,0.8328262076058512
0.4017999999999999,0.8324903888804545
0.40185,0.8328262076058512
0.4018999999999999,0.8324903888804545
0.40195,0.8328262076058512
0.4019999999999999,0.8328262076058512
0.40205,0.8328262076058512
0.4020999999999999,0.8324903888804557
0.40215,0.8324903888804545
0.4021999999999999,0.8324903888804545
0.40225,0.8324903888804545
0.4023000000000001,0.8324903888804545
0.40235,0.8324903888804545
0.4024000000000001,0.8324903888804545
0.40245,0.8324903888804545
0.4025000000000001,0.8324903888804545
0.40255,0.8324903888804545
0.4026000000000001,0.8324903888804545
0.40265,0.8324903888804545
0.4027000000000001,0.8324903888804545
0.4027499999999999,0.8328262076058512
0.4028,0.8328262076058512
0.4028499999999999,0.8324903888804545
0.4029,0.8324903888804545
0.4029499999999999,0.8324903888804545
0.403,0.8324903888804545
0.4030499999999999,0.8324903888804545
0.4031,0.8324903888804545
0.4031499999999999,0.8324903888804545
0.4032,0.8324903888804545
0.4032500000000001,0.83282620760585
0.4033,0.8324903888804545
0.4033500000000001,0.8324903888804545
0.4034,0.8324903888804545
0.4034500000000001,0.8324903888804545
0.4035,0.8324903888804545
0.4035500000000001,0.8324903888804545
0.4036,0.8324903888804545
0.4036500000000001,0.8324903888804545
0.4036999999999999,0.8324903888804545
0.4037500000000001,0.8324903888804545
0.4037999999999999,0.8324903888804545
0.40385,0.8324903888804545
0.4038999999999999,0.8324903888804545
0.40395,0.8324903888804545
0.4039999999999999,0.8328262076058512
0.40405,0.8324903888804545
0.4040999999999999,0.8324903888804545
0.40415,0.8324903888804545
0.4041999999999999,0.8324903888804545
0.40425,0.8324903888804545
0.4043000000000001,0.8324903888804545
0.40435,0.8324903888804545
0.4044000000000001,0.8324903888804545
0.40445,0.8324903888804545
0.4045000000000001,0.8324903888804545
0.40455,0.8328262076058512
0.4046000000000001,0.8328262076058512
0.40465,0.8328262076058512
0.4047000000000001,0.8324903888804545
0.4047499999999999,0.8324903888804545
0.4048,0.8324903888804545
0.4048499999999999,0.8324903888804545
0.4049,0.8324903888804545
0.4049499999999999,0.8324903888804545
0.405,0.8324903888804545
0.4050499999999999,0.8324903888804545
0.4051,0.8324903888804545
0.4051499999999999,0.8324903888804545
0.4052,0.8324903888804545
0.4052500000000001,0.8324903888804545
0.4053,0.8324903888804545
0.4053500000000001,0.8324903888804545
0.4054,0.8324903888804545
0.4054500000000001,0.8324903888804545
0.4055,0.8324903888804545
0.4055500000000001,0.8324903888804545
0.4056,0.8324903888804545
0.4056500000000001,0.8324903888804545
0.4056999999999999,0.8324903888804545
0.4057500000000001,0.8328262076058512
0.4057999999999999,0.8324903888804545
0.40585,0.8328262076058512
0.4058999999999999,0.8328262076058512
0.40595,0.8328262076058512
0.4059999999999999,0.8328262076058512
0.40605,0.8328262076058512
0.4060999999999999,0.8328262076058512
0.40615,0.8328262076058512
0.4061999999999999,0.8328262076058512
0.40625,0.8328262076058512
0.4063000000000001,0.8324903888804545
0.40635,0.8324903888804545
0.4064000000000001,0.8324903888804557
0.40645,0.8328262076058512
0.4065000000000001,0.8328262076058512
0.40655,0.8324903888804545
0.4066000000000001,0.8328262076058512
0.40665,0.8328262076058512
0.4067000000000001,0.8328262076058512
0.4067499999999999,0.8328262076058512
0.4068000000000001,0.8328262076058512
0.4068499999999999,0.8328262076058512
0.4069,0.8328262076058512
0.4069499999999999,0.8328262076058512
0.407,0.8328262076058512
0.4070499999999999,0.833162026331248
0.4071,0.8328262076058512
0.4071499999999999,0.8328262076058512
0.4072,0.8328262076058512
0.4072499999999999,0.8328262076058512
0.4073,0.8328262076058512
0.4073500000000001,0.8328262076058512
0.4074,0.8328262076058512
0.4074500000000001,0.8328262076058512
0.4075,0.8328262076058512
0.4075500000000001,0.8328262076058512
0.4076,0.8328262076058512
0.4076500000000001,0.8328262076058512
0.4077,0.8328262076058512
0.4077500000000001,0.8328262076058512
0.4077999999999999,0.8328262076058512
0.40785,0.8328262076058512
0.4078999999999999,0.8328262076058512
0.40795,0.8328262076058512
0.4079999999999999,0.8328262076058512
0.40805,0.8328262076058512
0.4080999999999999,0.8328262076058512
0.40815,0.8328262076058512
0.4081999999999999,0.8328262076058512
0.40825,0.8328262076058512
0.4083000000000001,0.8328262076058512
0.40835,0.8328262076058512
0.4084000000000001,0.833162026331248
0.40845,0.833162026331248
0.4085000000000001,0.833162026331248
0.40855,0.833162026331248
0.4086000000000001,0.833162026331248
0.40865,0.833162026331248
0.4087000000000001,0.833162026331248
0.4087499999999999,0.833162026331248
0.4088000000000001,0.833162026331248
0.4088499999999999,0.833162026331248
0.4089,0.833162026331248
0.4089499999999999,0.833162026331248
0.409,0.833162026331248
0.4090499999999999,0.833162026331248
0.4091,0.833162026331248
0.4091499999999999,0.833162026331248
0.4092,0.833162026331248
0.4092499999999999,0.8328262076058525
0.4093,0.833162026331248
0.4093500000000001,0.833162026331248
0.4094,0.833162026331248
0.4094500000000001,0.833162026331248
0.4095,0.833162026331248
0.4095500000000001,0.833162026331248
0.4096,0.833162026331248
0.4096500000000001,0.833162026331248
0.4097,0.833162026331248
0.4097500000000001,0.833162026331248
0.4097999999999999,0.833162026331248
0.40985,0.833162026331248
0.4098999999999999,0.833162026331248
0.40995,0.8334978450566448
0.4099999999999999,0.833162026331248
0.41005,0.833162026331248
0.4100999999999999,0.833162026331248
0.41015,0.8334978450566448
0.4101999999999999,0.8331620263312493
0.41025,0.833162026331248
0.4103000000000001,0.8331620263312493
0.41035,0.8334978450566448
0.4104000000000001,0.8331620263312493
0.41045,0.8334978450566448
0.4105000000000001,0.8334978450566448
0.41055,0.833162026331248
0.4106000000000001,0.8334978450566448
0.41065,0.8334978450566448
0.4107000000000001,0.8334978450566448
0.4107499999999999,0.833162026331248
0.4108000000000001,0.833162026331248
0.4108499999999999,0.833162026331248
0.4109,0.833162026331248
0.4109499999999999,0.833162026331248
0.411,0.833162026331248
0.4110499999999999,0.833162026331248
0.4111,0.833162026331248
0.4111499999999999,0.833162026331248
0.4112,0.833162026331248
0.4112499999999999,0.8334978450566436
0.4113,0.8334978450566448
0.4113500000000001,0.8334978450566448
0.4114,0.8334978450566448
0.4114500000000001,0.8334978450566448
0.4115,0.8334978450566448
0.4115500000000001,0.8334978450566448
0.4116,0.8334978450566448
0.4116500000000001,0.833162026331248
0.4117,0.8334978450566448
0.4117500000000001,0.8334978450566448
0.4117999999999999,0.8334978450566448
0.41185,0.8334978450566448
0.4118999999999999,0.8334978450566448
0.41195,0.8334978450566448
0.4119999999999999,0.8334978450566448
0.41205,0.8334978450566448
0.4120999999999999,0.8334978450566448
0.41215,0.8334978450566448
0.4121999999999999,0.8334978450566448
0.41225,0.8334978450566448
0.4123000000000001,0.8334978450566448
0.41235,0.8334978450566448
0.4124000000000001,0.8334978450566448
0.41245,0.8334978450566448
0.4125000000000001,0.8334978450566448
0.41255,0.833162026331248
0.4126000000000001,0.833162026331248
0.41265,0.833162026331248
0.4127000000000001,0.8334978450566448
0.41275,0.833162026331248
0.4128000000000001,0.8334978450566448
0.4128499999999999,0.8334978450566448
0.4129,0.833162026331248
0.4129499999999999,0.833162026331248
0.413,0.833162026331248
0.4130499999999999,0.833162026331248
0.4131,0.833162026331248
0.4131499999999999,0.833162026331248
0.4132,0.833162026331248
0.4132499999999999,0.833162026331248
0.4133,0.8328262076058512
0.4133500000000001,0.833162026331248
0.4134,0.833162026331248
0.4134500000000001,0.833162026331248
0.4135,0.833162026331248
0.4135500000000001,0.833162026331248
0.4136,0.833162026331248
0.4136500000000001,0.8328262076058512
0.4137,0.8328262076058512
0.4137500000000001,0.8328262076058512
0.4137999999999999,0.8328262076058512
0.4138500000000001,0.8328262076058512
0.4138999999999999,0.833162026331248
0.41395,0.8328262076058512
0.4139999999999999,0.8328262076058512
0.41405,0.833162026331248
0.4140999999999999,0.833162026331248
0.41415,0.8328262076058512
0.4141999999999999,0.8328262076058512
0.41425,0.8328262076058512
0.4142999999999999,0.8328262076058512
0.41435,0.8328262076058512
0.4144000000000001,0.8328262076058512
0.41445,0.8328262076058512
0.4145000000000001,0.833162026331248
0.41455,0.833162026331248
0.4146000000000001,0.833162026331248
0.41465,0.833162026331248
0.4147000000000001,0.8328262076058512
0.41475,0.8328262076058512
0.4148000000000001,0.8328262076058512
0.4148499999999999,0.8328262076058512
0.4149,0.8328262076058512
0.4149499999999999,0.8328262076058512
0.415,0.8328262076058512
0.4150499999999999,0.8328262076058512
0.4151,0.8328262076058512
0.4151499999999999,0.8328262076058512
0.4152,0.8328262076058512
0.4152499999999999,0.8328262076058512
0.4153,0.8328262076058512
0.4153500000000001,0.8328262076058512
0.4154,0.8328262076058512
0.4154500000000001,0.8331620263312468
0.4155,0.8328262076058512
0.4155500000000001,0.8328262076058512
0.4156,0.8328262076058512
0.4156500000000001,0.833162026331248
0.4157,0.833162026331248
0.4157500000000001,0.833162026331248
0.4157999999999999,0.833162026331248
0.4158500000000001,0.833162026331248
0.4158999999999999,0.8328262076058512
0.41595,0.8328262076058512
0.4159999999999999,0.8328262076058512
0.41605,0.833162026331248
0.4160999999999999,0.8328262076058512
0.41615,0.8328262076058512
0.4161999999999999,0.8328262076058512
0.41625,0.8328262076058512
0.4162999999999999,0.8328262076058512
0.41635,0.8328262076058512
0.4164000000000001,0.8328262076058512
0.41645,0.8328262076058512
0.4165000000000001,0.833162026331248
0.41655,0.833162026331248
0.4166000000000001,0.8328262076058512
0.41665,0.833162026331248
0.4167000000000001,0.8328262076058512
0.41675,0.8328262076058512
0.4168000000000001,0.833162026331248
0.4168499999999999,0.833162026331248
0.4169,0.8328262076058512
0.4169499999999999,0.8328262076058512
0.417,0.833162026331248
0.4170499999999999,0.8328262076058512
0.4171,0.8328262076058512
0.4171499999999999,0.8328262076058512
0.4172,0.8328262076058512
0.4172499999999999,0.8328262076058512
0.4173,0.8328262076058512
0.4173500000000001,0.8328262076058525
0.4174,0.833162026331248
0.4174500000000001,0.833162026331248
0.4175,0.833162026331248
0.4175500000000001,0.8328262076058512
0.4176,0.8328262076058512
0.4176500000000001,0.8328262076058512
0.4177,0.8328262076058512
0.4177500000000001,0.8328262076058512
0.4177999999999999,0.8328262076058512
0.4178500000000001,0.8328262076058512
0.4178999999999999,0.8328262076058512
0.41795,0.8328262076058512
0.4179999999999999,0.8328262076058512
0.41805,0.8328262076058512
0.4180999999999999,0.8328262076058512
0.41815,0.8328262076058512
0.4181999999999999,0.8328262076058512
0.41825,0.8328262076058512
0.4182999999999999,0.8328262076058512
0.41835,0.8328262076058512
0.4184000000000001,0.8328262076058525
0.41845,0.833162026331248
0.4185000000000001,0.8331620263312468
0.41855,0.8328262076058512
0.4186000000000001,0.833162026331248
0.41865,0.8328262076058512
0.4187000000000001,0.8328262076058512
0.41875,0.833162026331248
0.4188000000000001,0.8328262076058512
0.4188499999999999,0.8328262076058512
0.4189000000000001,0.8328262076058512
0.4189499999999999,0.8328262076058512
0.419,0.8328262076058512
0.4190499999999999,0.8328262076058512
0.4191,0.8328262076058512
0.4191499999999999,0.8328262076058512
0.4192,0.8328262076058512
0.4192499999999999,0.8331620263312468
0.4193,0.833162026331248
0.4193499999999999,0.833162026331248
0.4194,0.833162026331248
0.4194500000000001,0.8331620263312468
0.4195,0.8328262076058512
0.4195500000000001,0.8328262076058512
0.4196,0.8328262076058512
0.4196500000000001,0.833162026331248
0.4197,0.8328262076058512
0.4197500000000001,0.8328262076058512
0.4198,0.8328262076058512
0.4198500000000001,0.8328262076058512
0.4198999999999999,0.833162026331248
0.41995,0.8328262076058512
0.4199999999999999,0.8328262076058512
0.42005,0.8328262076058512
0.4200999999999999,0.8328262076058512
0.42015,0.8328262076058512
0.4201999999999999,0.8328262076058512
0.42025,0.8328262076058512
0.4202999999999999,0.8328262076058512
0.42035,0.8328262076058512
0.4204000000000001,0.833162026331248
0.42045,0.833162026331248
0.4205000000000001,0.8328262076058512
0.42055,0.8328262076058512
0.4206000000000001,0.8328262076058512
0.42065,0.8328262076058512
0.4207000000000001,0.8328262076058512
0.42075,0.8328262076058512
0.4208000000000001,0.8328262076058512
0.4208499999999999,0.8328262076058512
0.4209000000000001,0.8328262076058512
0.4209499999999999,0.8328262076058512
0.421,0.8328262076058512
0.4210499999999999,0.8328262076058512
0.4211,0.8328262076058512
0.4211499999999999,0.8328262076058512
0.4212,0.8328262076058512
0.4212499999999999,0.8328262076058512
0.4213,0.8328262076058512
0.4213499999999999,0.8328262076058512
0.4214,0.8328262076058512
0.4214500000000001,0.8328262076058512
0.4215,0.8328262076058512
0.4215500000000001,0.8328262076058512
0.4216,0.8328262076058512
0.4216500000000001,0.8328262076058512
0.4217,0.8328262076058512
0.4217500000000001,0.8328262076058512
0.4218,0.8324903888804545
0.4218500000000001,0.8324903888804545
0.4218999999999999,0.8324903888804545
0.42195,0.8328262076058512
0.4219999999999999,0.8328262076058512
0.42205,0.8328262076058512
0.4220999999999999,0.8324903888804545
0.42215,0.8324903888804545
0.4221999999999999,0.8324903888804545
0.42225,0.8324903888804545
0.4222999999999999,0.8324903888804545
0.42235,0.8324903888804545
0.4224000000000001,0.8324903888804545
0.42245,0.8324903888804545
0.4225000000000001,0.8324903888804545
0.42255,0.8324903888804545
0.4226000000000001,0.8324903888804545
0.42265,0.8324903888804545
0.4227000000000001,0.8324903888804545
0.42275,0.8324903888804545
0.4228000000000001,0.8324903888804545
0.4228499999999999,0.8324903888804545
0.4229000000000001,0.8324903888804545
0.4229499999999999,0.8324903888804545
0.423,0.8324903888804545
0.4230499999999999,0.8324903888804545
0.4231,0.8324903888804545
0.4231499999999999,0.8324903888804545
0.4232,0.8324903888804545
0.4232499999999999,0.8324903888804545
0.4233,0.8324903888804545
0.4233499999999999,0.8324903888804545
0.4234,0.8324903888804545
0.4234500000000001,0.8324903888804545
0.4235,0.8324903888804545
0.4235500000000001,0.8324903888804545
0.4236,0.8324903888804545
0.4236500000000001,0.8324903888804545
0.4237,0.8324903888804545
0.4237500000000001,0.8324903888804545
0.4238,0.8324903888804545
0.4238500000000001,0.8324903888804545
0.4238999999999999,0.8324903888804545
0.42395,0.8324903888804545
0.4239999999999999,0.8324903888804545
0.42405,0.8324903888804545
0.4240999999999999,0.8324903888804545
0.42415,0.8324903888804545
0.4241999999999999,0.8324903888804545
0.42425,0.8324903888804545
0.4242999999999999,0.8324903888804545
0.42435,0.8324903888804545
0.4244000000000001,0.8324903888804545
0.42445,0.8324903888804545
0.4245000000000001,0.8328262076058512
0.42455,0.8328262076058512
0.4246000000000001,0.8324903888804545
0.42465,0.8324903888804545
0.4247000000000001,0.8324903888804545
0.42475,0.8324903888804545
0.4248000000000001,0.8324903888804545
0.4248499999999999,0.8324903888804545
0.4249000000000001,0.8324903888804545
0.4249499999999999,0.8324903888804545
0.425,0.8324903888804545
0.4250499999999999,0.8328262076058512
0.4251,0.8324903888804545
0.4251499999999999,0.8324903888804545
0.4252,0.8324903888804545
0.4252499999999999,0.8324903888804545
0.4253,0.8324903888804545
0.4253499999999999,0.8324903888804545
0.4254,0.8324903888804545
0.4254500000000001,0.8324903888804545
0.4255,0.8324903888804545
0.4255500000000001,0.8324903888804545
0.4256,0.8324903888804545
0.4256500000000001,0.8324903888804545
0.4257,0.8324903888804545
0.4257500000000001,0.8324903888804545
0.4258,0.8324903888804545
0.4258500000000001,0.8328262076058512
0.4258999999999999,0.8324903888804545
0.4259500000000001,0.8324903888804545
0.4259999999999999,0.8324903888804545
0.42605,0.8324903888804545
0.4260999999999999,0.8324903888804545
0.42615,0.8324903888804545
0.4261999999999999,0.8324903888804545
0.42625,0.8328262076058512
0.4262999999999999,0.8324903888804557
0.42635,0.8328262076058512
0.4263999999999999,0.8328262076058512
0.42645,0.8328262076058512
0.4265000000000001,0.8328262076058512
0.42655,0.8328262076058512
0.4266000000000001,0.8328262076058512
0.42665,0.8328262076058512
0.4267000000000001,0.8328262076058512
0.42675,0.8328262076058512
0.4268000000000001,0.8328262076058512
0.42685,0.8328262076058512
0.4269000000000001,0.8328262076058512
0.4269499999999999,0.8328262076058512
0.427,0.8328262076058512
0.4270499999999999,0.8328262076058512
0.4271,0.8328262076058512
0.4271499999999999,0.8328262076058512
0.4272,0.8328262076058512
0.4272499999999999,0.8328262076058512
0.4273,0.8328262076058512
0.4273499999999999,0.8328262076058512
0.4274,0.8324903888804545
0.4274500000000001,0.8328262076058512
0.4275,0.8328262076058512
0.4275500000000001,0.8328262076058512
0.4276,0.8328262076058512
0.4276500000000001,0.833162026331248
0.4277,0.8328262076058512
0.4277500000000001,0.8328262076058512
0.4278,0.8328262076058512
0.4278500000000001,0.8328262076058512
0.4278999999999999,0.8328262076058512
0.4279500000000001,0.8328262076058512
0.4279999999999999,0.8328262076058512
0.42805,0.8328262076058512
0.4280999999999999,0.8328262076058512
0.42815,0.8328262076058512
0.4281999999999999,0.8328262076058512
0.42825,0.8328262076058512
0.4282999999999999,0.8328262076058512
0.42835,0.8328262076058512
0.4283999999999999,0.8328262076058512
0.42845,0.833162026331248
0.4285000000000001,0.833162026331248
0.42855,0.833162026331248
0.4286000000000001,0.8328262076058525
0.42865,0.833162026331248
0.4287000000000001,0.833162026331248
0.42875,0.8328262076058512
0.4288000000000001,0.833162026331248
0.42885,0.833162026331248
0.4289000000000001,0.833162026331248
0.4289499999999999,0.833162026331248
0.429,0.833162026331248
0.4290499999999999,0.833162026331248
0.4291,0.833162026331248
0.4291499999999999,0.833162026331248
0.4292,0.833162026331248
0.4292499999999999,0.833162026331248
0.4293,0.833162026331248
0.4293499999999999,0.833162026331248
0.4294,0.833162026331248
0.4294500000000001,0.833162026331248
0.4295,0.833162026331248
0.4295500000000001,0.833162026331248
0.4296,0.833162026331248
0.4296500000000001,0.833162026331248
0.4297,0.833162026331248
0.4297500000000001,0.833162026331248
0.4298,0.833162026331248
0.4298500000000001,0.833162026331248
0.4298999999999999,0.833162026331248
0.4299500000000001,0.833162026331248
0.4299999999999999,0.833162026331248
0.43005,0.833162026331248
0.4300999999999999,0.833162026331248
0.43015,0.833162026331248
0.4301999999999999,0.833162026331248
0.43025,0.833162026331248
0.4302999999999999,0.833162026331248
0.43035,0.833162026331248
0.4303999999999999,0.833162026331248
0.43045,0.833162026331248
0.4305000000000001,0.833162026331248
0.43055,0.833162026331248
0.4306000000000001,0.833162026331248
0.43065,0.833162026331248
0.4307000000000001,0.8334978450566448
0.43075,0.833162026331248
0.4308000000000001,0.833162026331248
0.43085,0.833162026331248
0.4309000000000001,0.833162026331248
0.4309499999999999,0.8334978450566448
0.431,0.8334978450566448
0.4310499999999999,0.833162026331248
0.4311,0.8334978450566448
0.4311499999999999,0.8334978450566448
0.4312,0.8338336637820416
0.4312499999999999,0.8338336637820416
0.4313,0.8341694825074382
0.4313499999999999,0.8341694825074382
0.4314,0.834505301232835
0.4314499999999999,0.834505301232835
0.4315,0.834505301232835
0.4315500000000001,0.834841119958233
0.4316,0.8351769386836285
0.4316500000000001,0.8351769386836285
0.4317,0.8355127574090253
0.4317500000000001,0.8355127574090253
0.4318,0.8358485761344219
0.4318500000000001,0.8361843948598187
0.4319,0.8365202135852154
0.4319500000000001,0.8365202135852154
0.4319999999999999,0.8368560323106122
0.43205,0.837191851036009
0.4320999999999999,0.837191851036009
0.43215,0.8375276697614056
0.4321999999999999,0.8378634884868024
0.43225,0.8381993072121992
0.4322999999999999,0.8385351259375947
0.43235,0.8388709446629927
0.4323999999999999,0.8395425821137836
0.43245,0.8398784008391829
0.4325000000000001,0.8402142195645833
0.43255,0.8412216757407698
0.4326000000000001,0.841557494466169
0.43265,0.8422291319169601
0.4327000000000001,0.8429007693677537
0.43275,0.8435724068185471
0.4328000000000001,0.8439082255439438
0.43285,0.844915681720134
0.4329000000000001,0.8452515004455308
0.4329499999999999,0.8459231378963243
0.4330000000000001,0.8469305940725145
0.4330499999999999,0.847602231523308
0.4331,0.8486096876994982
0.4331499999999999,0.8496171438756885
0.4332,0.8506246000518787
0.4332499999999999,0.851632056228069
0.4333,0.8526395124042592
0.4333499999999999,0.8539827873058412
0.4334,0.8553260622074332
0.4334499999999999,0.8566693371090153
0.4335,0.8580126120106071
0.4335500000000001,0.8596917056375969
0.4336,0.8613707992645745
0.4336500000000001,0.863385711616955
0.4337,0.8654006239693355
0.4337500000000001,0.867415536321716
0.4338,0.8697662673994933
0.4338500000000001,0.8721169984772703
0.4339,0.8748035482804444
0.4339500000000001,0.8781617355344118
0.4339999999999999,0.8815199227883792
0.43405,0.8852139287677434
0.4340999999999999,0.889915390923298
0.43415,0.8949526718042491
0.4341999999999999,0.9009974088613903
0.43425,0.9087212395455155
0.4342999999999999,0.9184599825819858
0.43435,0.9315569128724943
0.4343999999999999,0.9503627614946435
0.43445,0.9826013591327993
0.4345000000000001,1.04338454842994
0.43455,1.134055604286731
0.4346000000000001,1.235808678082324
0.43465,1.339912482954936
0.4347000000000001,1.445359562729513
0.43475,1.550470823778695
0.4348000000000001,1.656253722278669
0.43485,1.761029164602454
0.4349000000000001,1.865468788200841
0.4349499999999999,1.969236774348435
0.4350000000000001,2.071661485594443
0.4350499999999999,2.173750378115053
0.4351,2.274495995734076
0.4351499999999999,2.374569975902306
0.4352,2.472629043718156
0.4352499999999999,2.570016474083212
0.4353,2.666732266997474
0.4353499999999999,2.743634755113049
0.4354,2.750686948346661
0.4354499999999999,2.750686948346661
0.4355,2.750686948346661
0.4355500000000001,2.750686948346661
0.4356,2.750686948346661
0.4356500000000001,2.750686948346661
0.4357,2.750686948346661
0.4357500000000001,2.750686948346661
0.4358,2.750686948346661
0.4358500000000001,2.750686948346661
0.4359,2.750686948346661
0.4359500000000001,2.750686948346661
0.4359999999999999,2.750686948346661
0.43605,2.750686948346661
0.4360999999999999,2.750686948346661
0.43615,2.750686948346661
0.4361999999999999,2.750686948346661
0.43625,2.750686948346661
0.4362999999999999,2.750686948346661
0.43635,2.750686948346661
0.4363999999999999,2.750686948346661
0.43645,2.750686948346661
0.4365000000000001,2.750686948346661
0.43655,2.750686948346661
0.4366000000000001,2.750686948346661
0.43665,2.750686948346661
0.4367000000000001,2.750686948346661
0.43675,2.750686948346661
0.4368000000000001,2.750686948346661
0.43685,2.750686948346661
0.4369000000000001,2.750686948346661
0.4369499999999999,2.750686948346661
0.4370000000000001,2.750686948346661
0.4370499999999999,2.750686948346661
0.4371,2.750686948346661
0.4371499999999999,2.750686948346661
0.4372,2.750686948346661
0.4372499999999999,2.750686948346661
0.4373,2.750686948346661
0.4373499999999999,2.750686948346661
0.4374,2.750686948346661
0.4374499999999999,2.750686948346661
0.4375,2.750686948346661
0.4375500000000001,2.750686948346661
0.4376,2.750686948346661
0.4376500000000001,2.750686948346661
0.4377,2.750686948346661
0.4377500000000001,2.750686948346661
0.4378,2.750686948346661
0.4378500000000001,2.750686948346661
0.4379,2.750686948346661
0.4379500000000001,2.750686948346661
0.4379999999999999,2.750686948346661
0.4380500000000001,2.750686948346661
0.4380999999999999,2.750686948346661
0.43815,2.750686948346661
0.4381999999999999,2.750686948346661
0.43825,2.750686948346661
0.4382999999999999,2.750686948346661
0.43835,2.750686948346661
0.4383999999999999,2.750686948346661
0.43845,2.750686948346661
0.4384999999999999,2.750686948346661
0.43855,2.750686948346661
0.4386000000000001,2.750686948346661
0.43865,2.750686948346661
0.4387000000000001,2.750686948346661
0.43875,2.750686948346661
0.4388000000000001,2.750686948346661
0.43885,2.750686948346661
0.4389000000000001,2.750686948346661
0.43895,2.750686948346661
0.4390000000000001,2.750686948346661
0.4390499999999999,2.750686948346661
0.4391,2.750686948346661
0.4391499999999999,2.750686948346661
0.4392,2.750686948346661
0.4392499999999999,2.750686948346661
0.4393,2.750686948346661
0.4393499999999999,2.750686948346661
0.4394,2.750686948346661
0.4394499999999999,2.750686948346661
0.4395,2.750686948346661
0.4395500000000001,2.750686948346661
0.4396,2.750686948346661
0.4396500000000001,2.750686948346661
0.4397,2.750686948346661
0.4397500000000001,2.750686948346661
0.4398,2.750686948346661
0.4398500000000001,2.750686948346661
0.4399,2.750686948346661
0.4399500000000001,2.750686948346661
0.4399999999999999,2.750686948346661
0.4400500000000001,2.750686948346661
0.4400999999999999,2.750686948346661
0.44015,2.750686948346661
0.4401999999999999,2.750686948346661
0.44025,2.750686948346661
0.4402999999999999,2.750686948346661
0.44035,2.750686948346661
0.4403999999999999,2.750686948346661
0.44045,2.750686948346661
0.4404999999999999,2.750686948346661
0.44055,2.750686948346661
0.4406000000000001,2.750686948346661
0.44065,2.750686948346661
0.4407000000000001,2.750686948346661
0.44075,2.750686948346661
0.4408000000000001,2.750686948346661
0.44085,2.750686948346661
0.4409000000000001,2.750686948346661
0.44095,2.750686948346661
0.4410000000000001,2.750686948346661
0.4410499999999999,2.750686948346661
0.4411,2.750686948346661
0.4411499999999999,2.750686948346661
0.4412,2.750686948346661
0.4412499999999999,2.750686948346661
0.4413,2.750686948346661
0.4413499999999999,2.750686948346661
0.4414,2.750686948346661
0.4414499999999999,2.750686948346661
0.4415,2.750686948346661
0.4415500000000001,2.750686948346661
0.4416,2.750686948346661
0.4416500000000001,2.750686948346661
0.4417,2.750686948346661
0.4417500000000001,2.750686948346661
0.4418,2.750686948346661
0.4418500000000001,2.750686948346661
0.4419,2.750686948346661
0.4419500000000001,2.750686948346661
0.4419999999999999,2.750686948346661
0.4420500000000001,2.750686948346661
0.4420999999999999,2.750686948346661
0.44215,2.750686948346661
0.4421999999999999,2.750686948346661
0.44225,2.750686948346661
0.4422999999999999,2.750686948346661
0.44235,2.750686948346661
0.4423999999999999,2.750686948346661
0.44245,2.750686948346661
0.4424999999999999,2.750686948346661
0.44255,2.750686948346661
0.4426000000000001,2.750686948346661
0.44265,2.750686948346661
0.4427000000000001,2.750686948346661
0.44275,2.750686948346661
0.4428000000000001,2.750686948346661
0.44285,2.750686948346661
0.4429000000000001,2.750686948346661
0.44295,2.750686948346661
0.4430000000000001,2.750686948346661
0.4430499999999999,2.750686948346661
0.4431,2.750686948346661
0.4431499999999999,2.750686948346661
0.4432,2.750686948346661
0.4432499999999999,2.750686948346661
0.4433,2.750686948346661
0.4433499999999999,2.750686948346661
0.4434,2.750686948346661
0.4434499999999999,2.750686948346661
0.4435,2.750686948346661
0.4435500000000001,2.750686948346661
0.4436,2.750686948346661
0.4436500000000001,2.750686948346661
0.4437,2.750686948346661
0.4437500000000001,2.750686948346661
0.4438,2.750686948346661
0.4438500000000001,2.750686948346661
0.4439,2.750686948346661
0.4439500000000001,2.750686948346661
0.444,2.750686948346661
0.4440500000000001,2.750686948346661
0.4440999999999999,2.750686948346661
0.44415,2.750686948346661
0.4441999999999999,2.750686948346661
0.44425,2.750686948346661
0.4442999999999999,2.750686948346661
0.44435,2.750686948346661
0.4443999999999999,2.750686948346661
0.44445,2.750686948346661
0.4444999999999999,2.750686948346661
0.44455,2.750686948346661
0.4446000000000001,2.750686948346661
0.44465,2.750686948346661
0.4447000000000001,2.750686948346661
0.44475,2.750686948346661
0.4448000000000001,2.750686948346661
0.44485,2.750686948346661
0.4449000000000001,2.750686948346661
0.44495,2.750686948346661
0.4450000000000001,2.750686948346661
0.4450499999999999,2.750686948346661
0.4451000000000001,2.750686948346661
0.4451499999999999,2.750686948346661
0.4452,2.750686948346661
0.4452499999999999,2.750686948346661
0.4453,2.750686948346661
0.4453499999999999,2.750686948346661
0.4454,2.750686948346661
0.4454499999999999,2.750686948346661
0.4455,2.750686948346661
0.4455499999999999,2.750686948346661
0.4456,2.750686948346661
0.4456500000000001,2.750686948346661
0.4457,2.750686948346661
0.4457500000000001,2.750686948346661
0.4458,2.750686948346661
0.4458500000000001,2.750686948346661
0.4459,2.750686948346661
0.4459500000000001,2.750686948346661
0.446,2.750686948346661
0.4460500000000001,2.750686948346661
0.4460999999999999,2.750686948346661
0.44615,2.750686948346661
0.4461999999999999,2.750686948346661
0.44625,2.750686948346661
0.4462999999999999,2.750686948346661
0.44635,2.750686948346661
0.4463999999999999,2.750686948346661
0.44645,2.750686948346661
0.4464999999999999,2.750686948346661
0.44655,2.750686948346661
0.4466000000000001,2.750686948346661
0.44665,2.750686948346661
0.4467000000000001,2.750686948346661
0.44675,2.750686948346661
0.4468000000000001,2.750686948346661
0.44685,2.750686948346661
0.4469000000000001,2.750686948346661
0.44695,2.750686948346661
0.4470000000000001,2.750686948346661
0.4470499999999999,2.750686948346661
0.4471000000000001,2.750686948346661
0.4471499999999999,2.750686948346661
0.4472,2.750686948346661
0.4472499999999999,2.750686948346661
0.4473,2.750686948346661
0.4473499999999999,2.750686948346661
0.4474,2.750686948346661
0.4474499999999999,2.750686948346661
0.4475,2.750686948346661
0.4475499999999999,2.750686948346661
0.4476,2.750686948346661
0.4476500000000001,2.750686948346661
0.4477,2.750686948346661
0.4477500000000001,2.750686948346661
0.4478,2.750686948346661
0.4478500000000001,2.750686948346661
0.4479,2.750686948346661
0.4479500000000001,2.750686948346661
0.448,2.750686948346661
0.4480500000000001,2.750686948346661
0.4480999999999999,2.750686948346661
0.44815,2.750686948346661
0.4481999999999999,2.750686948346661
0.44825,2.750686948346661
0.4482999999999999,2.750686948346661
0.44835,2.750686948346661
0.4483999999999999,2.750686948346661
0.44845,2.750686948346661
0.4484999999999999,2.750686948346661
0.44855,2.750686948346661
0.4486000000000001,2.750686948346661
0.44865,2.750686948346661
0.4487000000000001,2.750686948346661
0.44875,2.750686948346661
0.4488000000000001,2.750686948346661
0.44885,2.750686948346661
0.4489000000000001,2.750686948346661
0.44895,2.750686948346661
0.4490000000000001,2.750686948346661
0.4490499999999999,2.750686948346661
0.4491000000000001,2.750686948346661
0.4491499999999999,2.750686948346661
0.4492,2.750686948346661
0.4492499999999999,2.750686948346661
0.4493,2.750686948346661
0.4493499999999999,2.750686948346661
0.4494,2.750686948346661
0.4494499999999999,2.750686948346661
0.4495,2.750686948346661
0.4495499999999999,2.750686948346661
0.4496,2.750686948346661
0.4496500000000001,2.750686948346661
0.4497,2.750686948346661
0.4497500000000001,2.750686948346661
0.4498,2.750686948346661
0.4498500000000001,2.750686948346661
0.4499,2.750686948346661
0.4499500000000001,2.750686948346661
0.45,2.750686948346661
0.4500500000000001,2.750686948346661
0.4500999999999999,2.750686948346661
0.4501500000000001,2.750686948346661
0.4501999999999999,2.750686948346661
0.45025,2.750686948346661
0.4502999999999999,2.750686948346661
0.45035,2.750686948346661
0.4503999999999999,2.750686948346661
0.45045,2.750686948346661
0.4504999999999999,2.750686948346661
0.45055,2.750686948346661
0.4505999999999999,2.750686948346661
0.45065,2.750686948346661
0.4507000000000001,2.750686948346661
0.45075,2.750686948346661
0.4508000000000001,2.750686948346661
0.45085,2.750686948346661
0.4509000000000001,2.750686948346661
0.45095,2.750686948346661
0.4510000000000001,2.750686948346661
0.45105,2.750686948346661
0.4511000000000001,2.750686948346661
0.4511499999999999,2.750686948346661
0.4512,2.750686948346661
0.4512499999999999,2.750686948346661
0.4513,2.750686948346661
0.4513499999999999,2.750686948346661
0.4514,2.750686948346661
0.4514499999999999,2.750686948346661
0.4515,2.750686948346661
0.4515499999999999,2.750686948346661
0.4516,2.750686948346661
0.4516500000000001,2.750686948346661
0.4517,2.750686948346661
0.4517500000000001,2.750686948346661
0.4518,2.750686948346661
0.4518500000000001,2.750686948346661
0.4519,2.750686948346661
0.4519500000000001,2.750686948346661
0.452,2.750686948346661
0.4520500000000001,2.750686948346661
0.4520999999999999,2.750686948346661
0.4521500000000001,2.750686948346661
0.4521999999999999,2.750686948346661
0.45225,2.750686948346661
0.4522999999999999,2.750686948346661
0.45235,2.750686948346661
0.4523999999999999,2.750686948346661
0.45245,2.750686948346661
0.4524999999999999,2.750686948346661
0.45255,2.750686948346661
0.4525999999999999,2.750686948346661
0.45265,2.750686948346661
0.4527000000000001,2.750686948346661
0.45275,2.750686948346661
0.4528000000000001,2.750686948346661
0.45285,2.750686948346661
0.4529000000000001,2.750686948346661
0.45295,2.750686948346661
0.4530000000000001,2.750686948346661
0.45305,2.750686948346661
0.4531000000000001,2.750686948346661
0.4531499999999999,2.750686948346661
0.4532,2.750686948346661
0.4532499999999999,2.750686948346661
0.4533,2.750686948346661
0.4533499999999999,2.750686948346661
0.4534,2.750686948346661
0.4534499999999999,2.750686948346661
0.4535,2.750686948346661
0.4535499999999999,2.750686948346661
0.4536,2.750686948346661
0.4536500000000001,2.750686948346661
0.4537,2.750686948346661
0.4537500000000001,2.750686948346661
0.4538,2.750686948346661
0.4538500000000001,2.750686948346661
0.4539,2.750686948346661
0.4539500000000001,2.750686948346661
0.454,2.750686948346661
0.4540500000000001,2.750686948346661
0.4540999999999999,2.750686948346661
0.4541500000000001,2.750686948346661
0.4541999999999999,2.750686948346661
0.45425,2.750686948346661
0.4542999999999999,2.750686948346661
0.45435,2.750686948346661
0.4543999999999999,2.750686948346661
0.45445,2.750686948346661
0.4544999999999999,2.750686948346661
0.45455,2.750686948346661
0.4545999999999999,2.750686948346661
0.45465,2.750686948346661
0.4547000000000001,2.750686948346661
0.45475,2.750686948346661
0.4548000000000001,2.750686948346661
0.45485,2.750686948346661
0.4549000000000001,2.750686948346661
0.45495,2.750686948346661
0.4550000000000001,2.750686948346661
0.45505,2.750686948346661
0.4551000000000001,2.750686948346661
0.4551499999999999,2.750686948346661
0.4552,2.750686948346661
0.4552499999999999,2.750686948346661
0.4553,2.750686948346661
0.4553499999999999,2.750686948346661
0.4554,2.750686948346661
0.4554499999999999,2.750686948346661
0.4555,2.750686948346661
0.4555499999999999,2.750686948346661
0.4556,2.750686948346661
0.4556500000000001,2.750686948346661
0.4557,2.750686948346661
0.4557500000000001,2.750686948346661
0.4558,2.750686948346661
0.4558500000000001,2.750686948346661
0.4559,2.750686948346661
0.4559500000000001,2.750686948346661
0.456,2.750686948346661
0.4560500000000001,2.750686948346661
0.4560999999999999,2.750686948346661
0.4561500000000001,2.750686948346661
0.4561999999999999,2.750686948346661
0.45625,2.750686948346661
0.4562999999999999,2.750686948346661
0.45635,2.750686948346661
0.4563999999999999,2.750686948346661
0.45645,2.750686948346661
0.4564999999999999,2.750686948346661
0.45655,2.750686948346661
0.4565999999999999,2.750686948346661
0.45665,2.750686948346661
0.4567000000000001,2.750686948346661
0.45675,2.750686948346661
0.4568000000000001,2.750686948346661
0.45685,2.750686948346661
0.4569000000000001,2.750686948346661
0.45695,2.750686948346661
0.4570000000000001,2.750686948346661
0.45705,2.750686948346661
0.4571000000000001,2.750686948346661
0.4571499999999999,2.750686948346661
0.4572000000000001,2.750686948346661
0.4572499999999999,2.750686948346661
0.4573,2.750686948346661
0.4573499999999999,2.750686948346661
0.4574,2.750686948346661
0.4574499999999999,2.750686948346661
0.4575,2.750686948346661
0.4575499999999999,2.750686948346661
0.4576,2.750686948346661
0.4576499999999999,2.750686948346661
0.4577,2.750686948346661
0.4577500000000001,2.750686948346661
0.4578,2.750686948346661
0.4578500000000001,2.750686948346661
0.4579,2.750686948346661
0.4579500000000001,2.750686948346661
0.458,2.750686948346661
0.4580500000000001,2.750686948346661
0.4581,2.750686948346661
0.4581500000000001,2.714754344729209
0.4581999999999999,2.597217790840348
0.45825,2.475651412246727
0.4582999999999999,2.353077577476915
0.45835,2.230503742707103
0.4583999999999999,2.107594089211895
0.45845,1.985691891892876
0.4584999999999999,1.864461332025092
0.45855,1.74390240960722
0.4585999999999999,1.624350943366414
0.45865,1.506142752026324
0.4587000000000001,1.389949473038638
0.45875,1.276442743854951
0.4588000000000001,1.166294201924444
0.45885,1.063197853228018
0.4589000000000001,0.9839446340343865
0.45895,0.9446538431629672
0.4590000000000001,0.925176357089956
0.45905,0.9127510642502765
0.4591000000000001,0.9036839586645644
0.4591499999999999,0.896295946705836
0.4592000000000001,0.8905870283740913
0.4592499999999999,0.8855497474931402
0.4593,0.8811841040629824
0.4593499999999999,0.8774900980836182
0.4594,0.8741319108296508
0.4594499999999999,0.871445361026477
0.4595,0.8687588112233029
0.4595499999999999,0.8664080801455344
0.4596,0.8640573490677486
0.4596499999999999,0.8620424367153754
0.4597,0.8603633430883844
0.4597500000000001,0.8583484307359978
0.4598,0.8566693371090202
0.4598500000000001,0.8556618809328237
0.4599,0.8539827873058461
0.4599500000000001,0.8526395124042592
0.46,0.851632056228069
0.4600500000000001,0.8506246000518787
0.4601,0.8496171438756885
0.4601500000000001,0.8486096876994982
0.4601999999999999,0.847602231523308
0.46025,0.8469305940725145
0.4602999999999999,0.8459231378963243
0.46035,0.8452515004455308
0.4603999999999999,0.8445798629947374
0.46045,0.8439082255439438
0.4604999999999999,0.8432365880931503
0.46055,0.8425649506423569
0.4605999999999999,0.8418933131915658
0.46065,0.8412216757407698
0.4607000000000001,0.8405500382899752
0.46075,0.8402142195645796
0.4608000000000001,0.8398784008391804
0.46085,0.8392067633883895
0.4609000000000001,0.8388709446629927
0.46095,0.8385351259375959
0.4610000000000001,0.8378634884868024
0.46105,0.8375276697614056
0.4611000000000001,0.8375276697614056
0.4611499999999999,0.8368560323106122
0.4612000000000001,0.8365202135852154
0.4612499999999999,0.8361843948598187
0.4613,0.8358485761344219
0.4613499999999999,0.8355127574090253
0.4614,0.8351769386836285
0.4614499999999999,0.8351769386836285
0.4615,0.8348411199582317
0.4615499999999999,0.8345053012328362
0.4616,0.8341694825074382
0.4616499999999999,0.8338336637820428
0.4617,0.8338336637820416
0.4617500000000001,0.8334978450566436
0.4618,0.833162026331248
0.4618500000000001,0.8328262076058512
0.4619,0.8328262076058512
0.4619500000000001,0.8328262076058512
0.462,0.8328262076058512
0.4620500000000001,0.8324903888804545
0.4621,0.8324903888804545
0.4621500000000001,0.8324903888804545
0.4621999999999999,0.8324903888804545
0.46225,0.8324903888804545
0.4622999999999999,0.8321545701550577
0.46235,0.8321545701550577
0.4623999999999999,0.8321545701550577
0.46245,0.8321545701550577
0.4624999999999999,0.8321545701550577
0.46255,0.8324903888804545
0.4625999999999999,0.8321545701550589
0.46265,0.8321545701550577
0.4626999999999999,0.8324903888804532
0.46275,0.8321545701550577
0.4628000000000001,0.8321545701550577
0.46285,0.8321545701550577
0.4629000000000001,0.8324903888804545
0.46295,0.8321545701550577
0.4630000000000001,0.8324903888804545
0.46305,0.8324903888804545
0.4631000000000001,0.8324903888804545
0.46315,0.8324903888804545
0.4632000000000001,0.8324903888804545
0.4632499999999999,0.8324903888804545
0.4633,0.8324903888804545
0.4633499999999999,0.8321545701550577
0.4634,0.8324903888804545
0.4634499999999999,0.8321545701550577
0.4635,0.8324903888804545
0.4635499999999999,0.8324903888804545
0.4636,0.8321545701550577
0.4636499999999999,0.8324903888804532
0.4637,0.8324903888804545
0.4637500000000001,0.8324903888804545
0.4638,0.8324903888804545
0.4638500000000001,0.8321545701550589
0.4639,0.8324903888804545
0.4639500000000001,0.8324903888804545
0.464,0.8324903888804545
0.4640500000000001,0.8324903888804545
0.4641,0.8324903888804545
0.4641500000000001,0.8321545701550577
0.4641999999999999,0.8324903888804545
0.4642500000000001,0.8324903888804545
0.4642999999999999,0.8324903888804545
0.46435,0.8324903888804545
0.4643999999999999,0.8324903888804545
0.46445,0.8324903888804545
0.4644999999999999,0.8324903888804545
0.46455,0.8324903888804545
0.4645999999999999,0.8324903888804545
0.46465,0.8321545701550577
0.4646999999999999,0.8321545701550577
0.46475,0.8324903888804545
0.4648000000000001,0.8324903888804545
0.46485,0.8324903888804545
0.4649000000000001,0.8324903888804545
0.46495,0.8321545701550577
0.4650000000000001,0.8324903888804545
0.46505,0.8321545701550577
0.4651000000000001,0.8321545701550577
0.46515,0.8321545701550577
0.4652000000000001,0.8321545701550577
0.4652499999999999,0.8321545701550577
0.4653,0.8324903888804545
0.4653499999999999,0.8321545701550577
0.4654,0.8324903888804545
0.4654499999999999,0.8324903888804545
0.4655,0.8324903888804545
0.4655499999999999,0.8324903888804545
0.4656,0.8324903888804545
0.4656499999999999,0.8324903888804545
0.4657,0.8324903888804545
0.4657500000000001,0.8324903888804545
0.4658,0.8324903888804545
0.4658500000000001,0.8324903888804545
0.4659,0.8324903888804545
0.4659500000000001,0.8324903888804545
0.466,0.8324903888804545
0.4660500000000001,0.8324903888804545
0.4661,0.8324903888804545
0.4661500000000001,0.8324903888804545
0.4661999999999999,0.8324903888804545
0.4662500000000001,0.8324903888804545
0.4662999999999999,0.8324903888804545
0.46635,0.8324903888804545
0.4663999999999999,0.8324903888804545
0.46645,0.8324903888804545
0.4664999999999999,0.8324903888804545
0.46655,0.8324903888804545
0.4665999999999999,0.8324903888804545
0.46665,0.8324903888804545
0.4666999999999999,0.83282620760585
0.46675,0.8328262076058512
0.4668000000000001,0.8328262076058512
0.46685,0.8328262076058512
0.4669000000000001,0.83282620760585
0.46695,0.8324903888804545
0.4670000000000001,0.8324903888804545
0.46705,0.8324903888804545
0.4671000000000001,0.8328262076058512
0.46715,0.8328262076058512
0.4672000000000001,0.8328262076058512
0.4672499999999999,0.8328262076058512
0.4673,0.8328262076058512
0.4673499999999999,0.8328262076058512
0.4674,0.8328262076058512
0.4674499999999999,0.8328262076058512
0.4675,0.8324903888804545
0.4675499999999999,0.8328262076058512
0.4676,0.8328262076058512
0.4676499999999999,0.8328262076058512
0.4677,0.8328262076058512
0.4677500000000001,0.8324903888804545
0.4678,0.8324903888804545
0.4678500000000001,0.83282620760585
0.4679,0.8324903888804545
0.4679500000000001,0.8324903888804545
0.468,0.8324903888804545
0.4680500000000001,0.8328262076058512
0.4681,0.8324903888804545
0.4681500000000001,0.8328262076058512
0.4681999999999999,0.8328262076058512
0.4682500000000001,0.8328262076058512
0.4682999999999999,0.8328262076058512
0.46835,0.8328262076058512
0.4683999999999999,0.8328262076058512
0.46845,0.8328262076058512
0.4684999999999999,0.833162026331248
0.46855,0.833162026331248
0.4685999999999999,0.833162026331248
0.46865,0.833162026331248
0.4686999999999999,0.833162026331248
0.46875,0.833162026331248
0.4688000000000001,0.833162026331248
0.46885,0.833162026331248
0.4689000000000001,0.8328262076058525
0.46895,0.833162026331248
0.4690000000000001,0.8328262076058512
0.46905,0.833162026331248
0.4691000000000001,0.8328262076058512
0.46915,0.8328262076058512
0.4692000000000001,0.8328262076058512
0.4692499999999999,0.833162026331248
0.4693000000000001,0.833162026331248
0.4693499999999999,0.833162026331248
0.4694,0.833162026331248
0.4694499999999999,0.833162026331248
0.4695,0.833162026331248
0.4695499999999999,0.833162026331248
0.4696,0.833162026331248
0.4696499999999999,0.833162026331248
0.4697,0.8328262076058512
0.4697499999999999,0.8328262076058512
0.4698,0.833162026331248
0.4698500000000001,0.8331620263312468
0.4699,0.8328262076058512
0.4699500000000001,0.833162026331248
0.47,0.833162026331248
0.4700500000000001,0.833162026331248
0.4701,0.833162026331248
0.4701500000000001,0.833162026331248
0.4702,0.8328262076058512
0.4702500000000001,0.8328262076058512
0.4702999999999999,0.8328262076058512
0.47035,0.833162026331248
0.4703999999999999,0.833162026331248
0.47045,0.833162026331248
0.4704999999999999,0.833162026331248
0.47055,0.833162026331248
0.4705999999999999,0.833162026331248
0.47065,0.833162026331248
0.4706999999999999,0.833162026331248
0.47075,0.833162026331248
0.4708000000000001,0.833162026331248
0.47085,0.833162026331248
0.4709000000000001,0.833162026331248
0.47095,0.833162026331248
0.4710000000000001,0.833162026331248
0.47105,0.833162026331248
0.4711000000000001,0.833162026331248
0.47115,0.8328262076058512
0.4712000000000001,0.833162026331248
0.4712499999999999,0.833162026331248
0.4713000000000001,0.833162026331248
0.4713499999999999,0.833162026331248
0.4714,0.833162026331248
0.4714499999999999,0.8334978450566448
0.4715,0.833162026331248
0.4715499999999999,0.833162026331248
0.4716,0.833162026331248
0.4716499999999999,0.833162026331248
0.4717,0.833162026331248
0.4717499999999999,0.833162026331248
0.4718,0.833162026331248
0.4718500000000001,0.833162026331248
0.4719,0.833162026331248
0.4719500000000001,0.833162026331248
0.472,0.833162026331248
0.4720500000000001,0.833162026331248
0.4721,0.833162026331248
0.4721500000000001,0.833162026331248
0.4722,0.833162026331248
0.4722500000000001,0.833162026331248
0.4722999999999999,0.833162026331248
0.47235,0.833162026331248
0.4723999999999999,0.833162026331248
0.47245,0.833162026331248
0.4724999999999999,0.833162026331248
0.47255,0.833162026331248
0.4725999999999999,0.833162026331248
0.47265,0.833162026331248
0.4726999999999999,0.833162026331248
0.47275,0.833162026331248
0.4728000000000001,0.8331620263312468
0.47285,0.8328262076058512
0.4729000000000001,0.8328262076058512
0.47295,0.8328262076058512
0.4730000000000001,0.8328262076058512
0.47305,0.8328262076058512
0.4731000000000001,0.8328262076058512
0.47315,0.8328262076058512
0.4732000000000001,0.833162026331248
0.4732499999999999,0.8328262076058512
0.4733000000000001,0.8328262076058512
0.4733499999999999,0.8328262076058512
0.4734,0.8328262076058512
0.4734499999999999,0.8328262076058512
0.4735,0.8328262076058512
0.4735499999999999,0.8328262076058512
0.4736,0.8328262076058512
0.4736499999999999,0.8328262076058512
0.4737,0.8328262076058512
0.4737499999999999,0.8328262076058512
0.4738,0.8328262076058512
0.4738500000000001,0.8328262076058512
0.4739,0.8328262076058512
0.4739500000000001,0.8328262076058512
0.474,0.8328262076058512
0.4740500000000001,0.8328262076058512
0.4741,0.8328262076058512
0.4741500000000001,0.8328262076058512
0.4742,0.8328262076058512
0.4742500000000001,0.8328262076058512
0.4742999999999999,0.8328262076058512
0.47435,0.8328262076058512
0.4743999999999999,0.8328262076058512
0.47445,0.8328262076058512
0.4744999999999999,0.8328262076058512
0.47455,0.8328262076058512
0.4745999999999999,0.8328262076058512
0.47465,0.8328262076058512
0.4746999999999999,0.8328262076058512
0.47475,0.8328262076058512
0.4748000000000001,0.8328262076058512
0.47485,0.8328262076058512
0.4749000000000001,0.8328262076058512
0.47495,0.8328262076058512
0.4750000000000001,0.8328262076058512
0.47505,0.8328262076058512
0.4751000000000001,0.8328262076058512
0.47515,0.8328262076058512
0.4752000000000001,0.8328262076058512
0.47525,0.8328262076058512
0.4753000000000001,0.8328262076058512
0.4753499999999999,0.8328262076058512
0.4754,0.8328262076058512
0.4754499999999999,0.8328262076058512
0.4755,0.8328262076058512
0.4755499999999999,0.8328262076058512
0.4756,0.8328262076058512
0.4756499999999999,0.8328262076058512
0.4757,0.8324903888804545
0.4757499999999999,0.83282620760585
0.4758,0.8328262076058512
0.4758500000000001,0.8328262076058512
0.4759,0.8328262076058512
0.4759500000000001,0.8328262076058512
0.476,0.8328262076058512
0.4760500000000001,0.8328262076058512
0.4761,0.8328262076058512
0.4761500000000001,0.8328262076058512
0.4762,0.8328262076058512
0.4762500000000001,0.8328262076058512
0.4762999999999999,0.8328262076058512
0.4763500000000001,0.8328262076058512
0.4763999999999999,0.8328262076058512
0.47645,0.8328262076058512
0.4764999999999999,0.8328262076058512
0.47655,0.8328262076058512
0.4765999999999999,0.8328262076058512
0.47665,0.8328262076058512
0.4766999999999999,0.8331620263312468
0.47675,0.8328262076058512
0.4767999999999999,0.8328262076058512
0.47685,0.8328262076058512
0.4769000000000001,0.8328262076058512
0.47695,0.8328262076058512
0.4770000000000001,0.8328262076058512
0.47705,0.8328262076058512
0.4771000000000001,0.8328262076058512
0.47715,0.8328262076058512
0.4772000000000001,0.8328262076058512
0.47725,0.8328262076058512
0.4773000000000001,0.8328262076058512
0.4773499999999999,0.8328262076058512
0.4774,0.8328262076058512
0.4774499999999999,0.8328262076058512
0.4775,0.8328262076058512
0.4775499999999999,0.8328262076058512
0.4776,0.8328262076058512
0.4776499999999999,0.8328262076058512
0.4777,0.8328262076058512
0.4777499999999999,0.8328262076058512
0.4778,0.8328262076058512
0.4778500000000001,0.8328262076058512
0.4779,0.8328262076058512
0.4779500000000001,0.8328262076058512
0.478,0.8328262076058512
0.4780500000000001,0.8328262076058512
0.4781,0.8328262076058512
0.4781500000000001,0.8328262076058512
0.4782,0.8328262076058512
0.4782500000000001,0.8328262076058512
0.4782999999999999,0.8328262076058512
0.4783500000000001,0.8328262076058512
0.4783999999999999,0.8328262076058512
0.47845,0.8328262076058512
0.4784999999999999,0.8328262076058512
0.47855,0.8328262076058512
0.4785999999999999,0.8328262076058512
0.47865,0.8328262076058512
0.4786999999999999,0.8328262076058512
0.47875,0.8328262076058512
0.4787999999999999,0.8328262076058512
0.47885,0.8328262076058512
0.4789000000000001,0.8328262076058512
0.47895,0.8328262076058512
0.4790000000000001,0.8328262076058512
0.47905,0.8328262076058512
0.4791000000000001,0.8328262076058512
0.47915,0.8328262076058512
0.4792000000000001,0.833162026331248
0.47925,0.8328262076058512
0.4793000000000001,0.8328262076058512
0.4793499999999999,0.8328262076058512
0.4794,0.8328262076058512
0.4794499999999999,0.8328262076058512
0.4795,0.8328262076058512
0.4795499999999999,0.8328262076058512
0.4796,0.8324903888804545
0.4796499999999999,0.8328262076058512
0.4797,0.8328262076058512
0.4797499999999999,0.8328262076058512
0.4798,0.8328262076058512
0.4798500000000001,0.8328262076058512
0.4799,0.8328262076058512
0.4799500000000001,0.8328262076058512
0.48,0.8328262076058512
0.4800500000000001,0.8328262076058512
0.4801,0.8328262076058512
0.4801500000000001,0.8328262076058512
0.4802,0.8328262076058512
0.4802500000000001,0.8328262076058512
0.4802999999999999,0.8328262076058512
0.4803500000000001,0.8328262076058512
0.4803999999999999,0.8328262076058512
0.48045,0.8328262076058512
0.4804999999999999,0.8328262076058512
0.48055,0.8328262076058512
0.4805999999999999,0.8328262076058512
0.48065,0.8328262076058512
0.4806999999999999,0.8328262076058512
0.48075,0.8328262076058512
0.4807999999999999,0.8328262076058512
0.48085,0.8328262076058512
0.4809000000000001,0.8328262076058512
0.48095,0.8328262076058512
0.4810000000000001,0.8328262076058512
0.48105,0.8328262076058512
0.4811000000000001,0.8328262076058512
0.48115,0.8328262076058512
0.4812000000000001,0.8328262076058512
0.48125,0.8328262076058512
0.4813000000000001,0.8328262076058512
0.4813499999999999,0.8328262076058512
0.4814000000000001,0.8328262076058512
0.4814499999999999,0.8328262076058512
0.4815,0.8328262076058512
0.4815499999999999,0.8324903888804545
0.4816,0.8324903888804545
0.4816499999999999,0.8324903888804545
0.4817,0.8324903888804545
0.4817499999999999,0.8324903888804545
0.4818,0.8324903888804545
0.4818499999999999,0.8324903888804545
0.4819,0.8324903888804545
0.4819500000000001,0.8324903888804545
0.482,0.8324903888804545
0.4820500000000001,0.8324903888804545
0.4821,0.8324903888804545
0.4821500000000001,0.8324903888804545
0.4822,0.8324903888804545
0.4822500000000001,0.8324903888804545
0.4823,0.8324903888804545
0.4823500000000001,0.8324903888804545
0.4823999999999999,0.8324903888804545
0.48245,0.8324903888804545
0.4824999999999999,0.8324903888804545
0.48255,0.8324903888804545
0.4825999999999999,0.8324903888804545
0.48265,0.8324903888804545
0.4826999999999999,0.8324903888804545
0.48275,0.8324903888804545
0.4827999999999999,0.8324903888804545
0.48285,0.8324903888804545
0.4829000000000001,0.8324903888804545
0.48295,0.8324903888804545
0.4830000000000001,0.8324903888804545
0.48305,0.8324903888804545
0.4831000000000001,0.8324903888804545
0.48315,0.8324903888804545
0.4832000000000001,0.8324903888804545
0.48325,0.8324903888804545
0.4833000000000001,0.8324903888804545
0.4833499999999999,0.8324903888804545
0.4834000000000001,0.8324903888804545
0.4834499999999999,0.8324903888804545
0.4835,0.8324903888804545
0.4835499999999999,0.8324903888804545
0.4836,0.8324903888804545
0.4836499999999999,0.8324903888804545
0.4837,0.8324903888804545
0.4837499999999999,0.8324903888804545
0.4838,0.8324903888804545
0.4838499999999999,0.8321545701550589
0.4839,0.8324903888804545
0.4839500000000001,0.8324903888804545
0.484,0.8324903888804545
0.4840500000000001,0.8324903888804545
0.4841,0.8324903888804545
0.4841500000000001,0.8324903888804545
0.4842,0.8324903888804545
0.4842500000000001,0.8324903888804545
0.4843,0.8324903888804545
0.4843500000000001,0.8324903888804545
0.4843999999999999,0.8324903888804545
0.48445,0.8324903888804545
0.4844999999999999,0.8324903888804545
0.48455,0.8324903888804545
0.4845999999999999,0.8324903888804545
0.48465,0.8324903888804545
0.4846999999999999,0.8324903888804545
0.48475,0.8324903888804545
0.4847999999999999,0.8324903888804545
0.48485,0.8324903888804545
0.4849000000000001,0.8324903888804545
0.48495,0.8324903888804545
0.4850000000000001,0.8324903888804545
0.48505,0.8324903888804545
0.4851000000000001,0.8324903888804545
0.48515,0.8321545701550577
0.4852000000000001,0.8321545701550577
0.48525,0.8321545701550577
0.4853000000000001,0.8321545701550577
0.4853499999999999,0.8324903888804545
0.4854000000000001,0.8324903888804545
0.4854499999999999,0.8324903888804545
0.4855,0.8324903888804545
0.4855499999999999,0.8324903888804545
0.4856,0.8324903888804545
0.4856499999999999,0.8324903888804545
0.4857,0.8324903888804545
0.4857499999999999,0.8324903888804545
0.4858,0.8324903888804545
0.4858499999999999,0.83282620760585
0.4859,0.8324903888804545
0.4859500000000001,0.8328262076058512
0.486,0.8328262076058512
0.4860500000000001,0.8324903888804545
0.4861,0.8324903888804545
0.4861500000000001,0.8324903888804545
0.4862,0.8324903888804545
0.4862500000000001,0.8324903888804545
0.4863,0.8324903888804545
0.4863500000000001,0.8324903888804545
0.4863999999999999,0.8324903888804545
0.48645,0.8328262076058512
0.4864999999999999,0.8328262076058512
0.48655,0.8324903888804545
0.4865999999999999,0.8324903888804545
0.48665,0.8328262076058512
0.4866999999999999,0.8328262076058512
0.48675,0.8328262076058512
0.4867999999999999,0.8324903888804557
0.48685,0.8328262076058512
0.4869000000000001,0.8324903888804557
0.48695,0.8328262076058512
0.4870000000000001,0.8328262076058512
0.48705,0.8328262076058512
0.4871000000000001,0.8328262076058512
0.48715,0.8328262076058512
0.4872000000000001,0.8328262076058512
0.48725,0.8328262076058512
0.4873000000000001,0.8328262076058512
0.4873499999999999,0.8328262076058512
0.4874000000000001,0.8324903888804545
0.4874499999999999,0.8324903888804545
0.4875,0.8328262076058512
0.4875499999999999,0.8328262076058512
0.4876,0.8328262076058512
0.4876499999999999,0.8328262076058512
0.4877,0.8328262076058512
0.4877499999999999,0.8328262076058512
0.4878,0.8328262076058512
0.4878499999999999,0.8328262076058512
0.4879,0.8324903888804545
0.4879500000000001,0.8328262076058512
0.488,0.8328262076058512
0.4880500000000001,0.8328262076058512
0.4881,0.8328262076058512
0.4881500000000001,0.8328262076058512
0.4882,0.8328262076058512
0.4882500000000001,0.8328262076058512
0.4883,0.833162026331248
0.4883500000000001,0.8328262076058512
0.4883999999999999,0.833162026331248
0.4884500000000001,0.833162026331248
0.4884999999999999,0.833162026331248
0.48855,0.833162026331248
0.4885999999999999,0.833162026331248
0.48865,0.833162026331248
0.4886999999999999,0.8328262076058512
0.48875,0.8328262076058512
0.4887999999999999,0.8331620263312468
0.48885,0.833162026331248
0.4888999999999999,0.833162026331248
0.48895,0.833162026331248
0.4890000000000001,0.833162026331248
0.48905,0.833162026331248
0.4891000000000001,0.833162026331248
0.48915,0.833162026331248
0.4892000000000001,0.833162026331248
0.48925,0.8334978450566448
0.4893000000000001,0.833162026331248
0.48935,0.833162026331248
0.4894000000000001,0.833162026331248
0.4894499999999999,0.833162026331248
0.4895,0.833162026331248
0.4895499999999999,0.833162026331248
0.4896,0.833162026331248
0.4896499999999999,0.8334978450566448
0.4897,0.833162026331248
0.4897499999999999,0.833162026331248
0.4898,0.833162026331248
0.4898499999999999,0.833162026331248
0.4899,0.833162026331248
0.4899500000000001,0.833162026331248
0.49,0.833162026331248
0.4900500000000001,0.8331620263312468
0.4901,0.8328262076058512
0.4901500000000001,0.833162026331248
0.4902,0.833162026331248
0.4902500000000001,0.833162026331248
0.4903,0.833162026331248
0.4903500000000001,0.833162026331248
0.4903999999999999,0.833162026331248
0.4904500000000001,0.833162026331248
0.4904999999999999,0.833162026331248
0.49055,0.833162026331248
0.4905999999999999,0.833162026331248
0.49065,0.833162026331248
0.4906999999999999,0.833162026331248
0.49075,0.833162026331248
0.4907999999999999,0.833162026331248
0.49085,0.833162026331248
0.4908999999999999,0.833162026331248
0.49095,0.833162026331248
0.4910000000000001,0.8331620263312468
0.49105,0.8328262076058512
0.4911000000000001,0.8328262076058512
0.49115,0.8328262076058512
0.4912000000000001,0.833162026331248
0.49125,0.833162026331248
0.4913000000000001,0.833162026331248
0.49135,0.833162026331248
0.4914000000000001,0.833162026331248
0.4914499999999999,0.833162026331248
0.4915,0.833162026331248
0.4915499999999999,0.833162026331248
0.4916,0.833162026331248
0.4916499999999999,0.833162026331248
0.4917,0.833162026331248
0.4917499999999999,0.833162026331248
0.4918,0.833162026331248
0.4918499999999999,0.833162026331248
0.4919,0.833162026331248
0.4919500000000001,0.833162026331248
0.492,0.833162026331248
0.4920500000000001,0.833162026331248
0.4921,0.833162026331248
0.4921500000000001,0.833162026331248
0.4922,0.833162026331248
0.4922500000000001,0.833162026331248
0.4923,0.833162026331248
0.4923500000000001,0.833162026331248
0.4923999999999999,0.833162026331248
0.4924500000000001,0.833162026331248
0.4924999999999999,0.833162026331248
0.49255,0.833162026331248
0.4925999999999999,0.833162026331248
0.49265,0.833162026331248
0.4926999999999999,0.833162026331248
0.49275,0.833162026331248
0.4927999999999999,0.833162026331248
0.49285,0.8328262076058512
0.4928999999999999,0.8328262076058512
0.49295,0.8328262076058512
0.4930000000000001,0.8328262076058512
0.49305,0.8328262076058512
0.4931000000000001,0.833162026331248
0.49315,0.833162026331248
0.4932000000000001,0.8328262076058512
0.49325,0.8328262076058512
0.4933000000000001,0.8328262076058512
0.49335,0.8328262076058512
0.4934000000000001,0.8328262076058512
0.4934499999999999,0.8328262076058512
0.4935,0.8328262076058512
0.4935499999999999,0.8328262076058512
0.4936,0.8328262076058512
0.4936499999999999,0.8328262076058512
0.4937,0.8328262076058512
0.4937499999999999,0.8328262076058512
0.4938,0.8328262076058512
0.4938499999999999,0.8328262076058512
0.4939,0.833162026331248
0.4939499999999999,0.833162026331248
0.494,0.833162026331248
0.4940500000000001,0.8331620263312468
0.4941,0.8328262076058512
0.4941500000000001,0.8328262076058512
0.4942,0.833162026331248
0.4942500000000001,0.8328262076058512
0.4943,0.833162026331248
0.4943500000000001,0.8328262076058512
0.4944,0.8328262076058512
0.4944500000000001,0.8328262076058512
0.4944999999999999,0.8328262076058512
0.49455,0.8328262076058512
0.4945999999999999,0.8328262076058512
0.49465,0.833162026331248
0.4946999999999999,0.8328262076058512
0.49475,0.833162026331248
0.4947999999999999,0.8328262076058525
0.49485,0.833162026331248
0.4948999999999999,0.833162026331248
0.49495,0.833162026331248
0.4950000000000001,0.8328262076058525
0.49505,0.833162026331248
0.4951000000000001,0.8328262076058512
0.49515,0.8328262076058512
0.4952000000000001,0.8328262076058512
0.49525,0.8328262076058512
0.4953000000000001,0.8328262076058512
0.49535,0.8328262076058512
0.4954000000000001,0.8328262076058512
0.4954499999999999,0.8328262076058512
0.4955000000000001,0.8328262076058512
0.4955499999999999,0.8328262076058512
0.4956,0.8328262076058512
0.4956499999999999,0.8328262076058512
0.4957,0.8328262076058512
0.4957499999999999,0.8328262076058512
0.4958,0.8328262076058512
0.4958499999999999,0.8328262076058512
0.4959,0.8328262076058512
0.4959499999999999,0.8328262076058512
0.496,0.8328262076058512
0.4960500000000001,0.8328262076058512
0.4961,0.8328262076058512
0.4961500000000001,0.8328262076058512
0.4962,0.8328262076058512
0.4962500000000001,0.833162026331248
0.4963,0.833162026331248
0.4963500000000001,0.8328262076058512
0.4964,0.8328262076058512
0.4964500000000001,0.833162026331248
0.4964999999999999,0.8328262076058512
0.49655,0.8328262076058512
0.4965999999999999,0.833162026331248
0.49665,0.833162026331248
0.4966999999999999,0.833162026331248
0.49675,0.833162026331248
0.4967999999999999,0.833162026331248
0.49685,0.8328262076058512
0.4968999999999999,0.8328262076058512
0.49695,0.8328262076058512
0.4970000000000001,0.8328262076058512
0.49705,0.8328262076058512
0.4971000000000001,0.8328262076058512
0.49715,0.8328262076058512
0.4972000000000001,0.8328262076058512
0.49725,0.8328262076058512
0.4973000000000001,0.8328262076058512
0.49735,0.8328262076058512
0.4974000000000001,0.8328262076058512
0.4974499999999999,0.8328262076058512
0.4975000000000001,0.833162026331248
0.4975499999999999,0.833162026331248
0.4976,0.8328262076058512
0.4976499999999999,0.8328262076058512
0.4977,0.8328262076058512
0.4977499999999999,0.833162026331248
0.4978,0.833162026331248
0.4978499999999999,0.8328262076058525
0.4979,0.8328262076058512
0.4979499999999999,0.8328262076058512
0.498,0.8328262076058512
0.4980500000000001,0.8328262076058512
0.4981,0.8328262076058512
0.4981500000000001,0.8328262076058512
0.4982,0.8328262076058512
0.4982500000000001,0.8328262076058512
0.4983,0.8328262076058512
0.4983500000000001,0.8328262076058512
0.4984,0.8328262076058512
0.4984500000000001,0.8328262076058512
0.4984999999999999,0.8328262076058512
0.49855,0.8328262076058512
0.4985999999999999,0.8328262076058512
0.49865,0.8328262076058512
0.4986999999999999,0.8328262076058512
0.49875,0.8328262076058512
0.4987999999999999,0.8328262076058512
0.49885,0.8328262076058512
0.4988999999999999,0.8328262076058512
0.49895,0.8328262076058512
0.4990000000000001,0.8328262076058512
0.49905,0.8328262076058512
0.4991000000000001,0.8328262076058512
0.49915,0.8328262076058512
0.4992000000000001,0.8328262076058512
0.49925,0.8328262076058512
0.4993000000000001,0.833162026331248
0.49935,0.8328262076058512
0.4994000000000001,0.833162026331248
0.4994499999999999,0.8328262076058512
0.4995000000000001,0.8328262076058512
0.4995499999999999,0.8328262076058512
0.4996,0.8328262076058512
0.4996499999999999,0.8328262076058512
0.4997,0.8328262076058512
0.4997499999999999,0.8328262076058512
0.4998,0.8328262076058512
0.4998499999999999,0.8328262076058512
0.4999,0.8328262076058512
0.4999499999999999,0.8328262076058512
0.5,0.8328262076058512
0.5000500000000001,0.8328262076058512
0.5001,0.8328262076058512
0.5001500000000001,0.8328262076058512
0.5002,0.8328262076058512
0.5002500000000001,0.8328262076058512
0.5003,0.8328262076058512
0.5003500000000001,0.8328262076058512
0.5004,0.8328262076058512
0.5004500000000001,0.8328262076058512
0.5004999999999999,0.8324903888804545
0.5005500000000001,0.8324903888804545
0.5005999999999999,0.8328262076058512
0.50065,0.8328262076058512
0.5006999999999999,0.8328262076058512
0.50075,0.8328262076058512
0.5007999999999999,0.8328262076058512
0.50085,0.8328262076058512
0.5008999999999999,0.8328262076058512
0.50095,0.8328262076058512
0.5009999999999999,0.8328262076058512
0.50105,0.8328262076058512
0.5011000000000001,0.8328262076058512
0.50115,0.8328262076058512
0.5012000000000001,0.8328262076058512
0.50125,0.8328262076058512
0.5013000000000001,0.8328262076058512
0.50135,0.8328262076058512
0.5014000000000001,0.8328262076058512
0.50145,0.8328262076058512
0.5015000000000001,0.8328262076058512
0.5015499999999999,0.8328262076058512
0.5016,0.8328262076058512
0.5016499999999999,0.8328262076058512
0.5017,0.8328262076058512
0.5017499999999999,0.8324903888804545
0.5018,0.8324903888804545
0.5018499999999999,0.8324903888804545
0.5019,0.8324903888804545
0.5019499999999999,0.8324903888804545
0.502,0.8324903888804545
0.5020500000000001,0.8324903888804545
0.5021,0.8324903888804545
0.5021500000000001,0.8324903888804545
0.5022,0.8324903888804545
0.5022500000000001,0.8324903888804545
0.5023,0.8324903888804545
0.5023500000000001,0.8324903888804545
0.5024,0.8324903888804545
0.5024500000000001,0.8324903888804545
0.5024999999999999,0.8324903888804545
0.5025500000000001,0.8324903888804545
0.5025999999999999,0.8324903888804545
0.50265,0.8324903888804545
0.5026999999999999,0.8324903888804545
0.50275,0.8328262076058512
0.5027999999999999,0.8324903888804545
0.50285,0.8324903888804545
0.5028999999999999,0.8324903888804545
0.50295,0.8324903888804545
0.5029999999999999,0.8324903888804545
0.50305,0.8324903888804545
0.5031000000000001,0.83282620760585
0.50315,0.8324903888804545
0.5032000000000001,0.8324903888804545
0.50325,0.8324903888804545
0.5033000000000001,0.8324903888804545
0.50335,0.8324903888804545
0.5034000000000001,0.8324903888804545
0.50345,0.8324903888804545
0.5035000000000001,0.8324903888804545
0.5035499999999999,0.8324903888804545
0.5036,0.8324903888804545
0.5036499999999999,0.8324903888804545
0.5037,0.8324903888804545
0.5037499999999999,0.8324903888804545
0.5038,0.8324903888804545
0.5038499999999999,0.8324903888804545
0.5039,0.8324903888804545
0.5039499999999999,0.8324903888804545
0.504,0.8324903888804545
0.5040500000000001,0.8324903888804545
0.5041,0.8324903888804545
0.5041500000000001,0.8324903888804545
0.5042,0.8324903888804545
0.5042500000000001,0.8324903888804545
0.5043,0.8324903888804545
0.5043500000000001,0.8324903888804545
0.5044,0.8324903888804545
0.5044500000000001,0.8324903888804545
0.5044999999999999,0.8324903888804545
0.5045500000000001,0.8324903888804545
0.5045999999999999,0.8324903888804545
0.50465,0.8324903888804545
0.5046999999999999,0.8324903888804545
0.50475,0.8324903888804545
0.5047999999999999,0.8324903888804545
0.50485,0.8321545701550577
0.5048999999999999,0.8324903888804532
0.50495,0.8324903888804545
0.5049999999999999,0.8324903888804545
0.50505,0.8324903888804545
0.5051000000000001,0.8324903888804545
0.50515,0.8324903888804545
0.5052000000000001,0.8324903888804545
0.50525,0.8324903888804545
0.5053000000000001,0.8324903888804545
0.50535,0.8324903888804545
0.5054000000000001,0.8324903888804545
0.50545,0.8324903888804545
0.5055000000000001,0.8324903888804545
0.5055499999999999,0.8324903888804545
0.5056,0.8324903888804545
0.5056499999999999,0.8324903888804545
0.5057,0.8324903888804545
0.5057499999999999,0.8328262076058512
0.5058,0.8324903888804545
0.5058499999999999,0.8324903888804545
0.5059,0.8328262076058512
0.5059499999999999,0.8328262076058512
0.506,0.8324903888804545
0.5060500000000001,0.83282620760585
0.5061,0.8324903888804545
0.5061500000000001,0.8324903888804545
0.5062,0.8324903888804545
0.5062500000000001,0.8324903888804545
0.5063,0.8324903888804545
0.5063500000000001,0.8324903888804545
0.5064,0.8324903888804545
0.5064500000000001,0.8328262076058512
0.5065,0.8328262076058512
0.5065500000000001,0.8328262076058512
0.5065999999999999,0.8328262076058512
0.50665,0.8328262076058512
0.5066999999999999,0.8324903888804545
0.50675,0.8328262076058512
0.5067999999999999,0.8324903888804545
0.50685,0.8324903888804545
0.5068999999999999,0.83282620760585
0.50695,0.8328262076058512
0.5069999999999999,0.8328262076058512
0.50705,0.8324903888804545
0.5071000000000001,0.8324903888804545
0.50715,0.8324903888804545
0.5072000000000001,0.83282620760585
0.50725,0.8324903888804545
0.5073000000000001,0.8328262076058512
0.50735,0.8328262076058512
0.5074000000000001,0.8328262076058512
0.50745,0.8328262076058512
0.5075000000000001,0.8328262076058512
0.5075499999999999,0.8328262076058512
0.5076000000000001,0.8328262076058512
0.5076499999999999,0.8328262076058512
0.5077,0.8328262076058512
0.5077499999999999,0.8324903888804545
0.5078,0.8324903888804545
0.5078499999999999,0.8328262076058512
0.5079,0.8328262076058512
0.5079499999999999,0.8328262076058512
0.508,0.8328262076058512
0.5080499999999999,0.8331620263312468
0.5081,0.8328262076058512
0.5081500000000001,0.8328262076058512
0.5082,0.8328262076058512
0.5082500000000001,0.8328262076058512
0.5083,0.8328262076058512
0.5083500000000001,0.8328262076058512
0.5084,0.833162026331248
0.5084500000000001,0.833162026331248
0.5085,0.833162026331248
0.5085500000000001,0.8328262076058512
0.5085999999999999,0.833162026331248
0.50865,0.833162026331248
0.5086999999999999,0.8328262076058512
0.50875,0.8328262076058512
0.5087999999999999,0.833162026331248
0.50885,0.833162026331248
0.5088999999999999,0.833162026331248
0.50895,0.8328262076058512
0.5089999999999999,0.8328262076058512
0.50905,0.8328262076058512
0.5091000000000001,0.8328262076058525
0.50915,0.833162026331248
0.5092000000000001,0.833162026331248
0.50925,0.833162026331248
0.5093000000000001,0.833162026331248
0.50935,0.833162026331248
0.5094000000000001,0.833162026331248
0.50945,0.833162026331248
0.5095000000000001,0.833162026331248
0.5095499999999999,0.833162026331248
0.5096000000000001,0.833162026331248
0.5096499999999999,0.8334978450566448
0.5097,0.833162026331248
0.5097499999999999,0.833162026331248
0.5098,0.833162026331248
0.5098499999999999,0.833162026331248
0.5099,0.833162026331248
0.5099499999999999,0.833162026331248
0.51,0.833162026331248
0.5100499999999999,0.833162026331248
0.5101,0.833162026331248
0.5101500000000001,0.8331620263312493
0.5102,0.8334978450566448
0.5102500000000001,0.833162026331248
0.5103,0.833162026331248
0.5103500000000001,0.833162026331248
0.5104,0.833162026331248
0.5104500000000001,0.833162026331248
0.5105,0.833162026331248
0.5105500000000001,0.8334978450566448
0.5105999999999999,0.833162026331248
0.51065,0.833162026331248
0.5106999999999999,0.833162026331248
0.51075,0.833162026331248
0.5107999999999999,0.833162026331248
0.51085,0.833162026331248
0.5108999999999999,0.833162026331248
0.51095,0.833162026331248
0.5109999999999999,0.833162026331248
0.51105,0.833162026331248
0.5111000000000001,0.833162026331248
0.51115,0.833162026331248
0.5112000000000001,0.8331620263312493
0.51125,0.8334978450566448
0.5113000000000001,0.8334978450566448
0.51135,0.833162026331248
0.5114000000000001,0.833162026331248
0.51145,0.833162026331248
0.5115000000000001,0.833162026331248
0.5115499999999999,0.833162026331248
0.5116000000000001,0.833162026331248
0.5116499999999999,0.8334978450566448
0.5117,0.8334978450566448
0.5117499999999999,0.8334978450566448
0.5118,0.8334978450566448
0.5118499999999999,0.8334978450566448
0.5119,0.833162026331248
0.5119499999999999,0.8334978450566436
0.512,0.8334978450566448
0.5120499999999999,0.8331620263312493
0.5121,0.8334978450566448
0.5121500000000001,0.8334978450566448
0.5122,0.8334978450566448
0.5122500000000001,0.8334978450566436
0.5123,0.833162026331248
0.5123500000000001,0.833162026331248
0.5124,0.833162026331248
0.5124500000000001,0.8334978450566448
0.5125,0.8334978450566448
0.5125500000000001,0.8334978450566448
0.5125999999999999,0.833162026331248
0.5126500000000001,0.833162026331248
0.5126999999999999,0.833162026331248
0.51275,0.8334978450566448
0.5127999999999999,0.833162026331248
0.51285,0.8328262076058512
0.5128999999999999,0.833162026331248
0.51295,0.8328262076058512
0.5129999999999999,0.8331620263312468
0.51305,0.833162026331248
0.5130999999999999,0.8328262076058525
0.51315,0.8328262076058512
0.5132000000000001,0.833162026331248
0.51325,0.833162026331248
0.5133000000000001,0.8328262076058512
0.51335,0.833162026331248
0.5134000000000001,0.8328262076058512
0.51345,0.8328262076058512
0.5135000000000001,0.833162026331248
0.51355,0.833162026331248
0.5136000000000001,0.8328262076058512
0.5136499999999999,0.8328262076058512
0.5137,0.8328262076058512
0.5137499999999999,0.8328262076058512
0.5138,0.8328262076058512
0.5138499999999999,0.833162026331248
0.5139,0.833162026331248
0.5139499999999999,0.833162026331248
0.514,0.8328262076058512
0.5140499999999999,0.8331620263312468
0.5141,0.8328262076058512
0.5141500000000001,0.8328262076058512
0.5142,0.8328262076058512
0.5142500000000001,0.8328262076058512
0.5143,0.8328262076058512
0.5143500000000001,0.833162026331248
0.5144,0.833162026331248
0.5144500000000001,0.833162026331248
0.5145,0.833162026331248
0.5145500000000001,0.833162026331248
0.5145999999999999,0.833162026331248
0.5146500000000001,0.833162026331248
0.5146999999999999,0.8328262076058512
0.51475,0.8328262076058512
0.5147999999999999,0.8328262076058512
0.51485,0.8328262076058512
0.5148999999999999,0.8328262076058512
0.51495,0.8328262076058512
0.5149999999999999,0.8328262076058512
0.51505,0.8328262076058512
0.5150999999999999,0.8328262076058512
0.51515,0.8328262076058512
0.5152000000000001,0.8328262076058525
0.51525,0.833162026331248
0.5153000000000001,0.8328262076058512
0.51535,0.8328262076058512
0.5154000000000001,0.833162026331248
0.51545,0.8328262076058512
0.5155000000000001,0.8328262076058512
0.51555,0.8328262076058512
0.5156000000000001,0.8328262076058512
0.5156499999999999,0.8328262076058512
0.5157,0.8328262076058512
0.5157499999999999,0.8328262076058512
0.5158,0.8328262076058512
0.5158499999999999,0.8328262076058512
0.5159,0.8328262076058512
0.5159499999999999,0.8328262076058512
0.516,0.833162026331248
0.5160499999999999,0.833162026331248
0.5161,0.833162026331248
0.5161500000000001,0.8328262076058512
0.5162,0.8328262076058512
0.5162500000000001,0.8328262076058512
0.5163,0.8328262076058512
0.5163500000000001,0.8328262076058512
0.5164,0.8328262076058512
0.5164500000000001,0.8328262076058512
0.5165,0.8328262076058512
0.5165500000000001,0.833162026331248
0.5165999999999999,0.833162026331248
0.5166500000000001,0.833162026331248
0.5166999999999999,0.833162026331248
0.51675,0.833162026331248
0.5167999999999999,0.833162026331248
0.51685,0.833162026331248
0.5168999999999999,0.833162026331248
0.51695,0.833162026331248
0.5169999999999999,0.8328262076058525
0.51705,0.8328262076058512
0.5170999999999999,0.8328262076058512
0.51715,0.8328262076058512
0.5172000000000001,0.833162026331248
0.51725,0.833162026331248
0.5173000000000001,0.8328262076058525
0.51735,0.833162026331248
0.5174000000000001,0.833162026331248
0.51745,0.8328262076058512
0.5175000000000001,0.833162026331248
0.51755,0.8328262076058512
0.5176000000000001,0.8328262076058512
0.5176499999999999,0.8328262076058512
0.5177,0.8328262076058512
0.5177499999999999,0.8328262076058512
0.5178,0.8328262076058512
0.5178499999999999,0.8328262076058512
0.5179,0.8328262076058512
0.5179499999999999,0.8328262076058512
0.518,0.8328262076058512
0.5180499999999999,0.8328262076058512
0.5181,0.8328262076058512
0.5181500000000001,0.8328262076058512
0.5182,0.8328262076058512
0.5182500000000001,0.8328262076058512
0.5183,0.8328262076058512
0.5183500000000001,0.8328262076058512
0.5184,0.8328262076058512
0.5184500000000001,0.8328262076058512
0.5185,0.8328262076058512
0.5185500000000001,0.8328262076058512
0.5185999999999999,0.8328262076058512
0.5186500000000001,0.8328262076058512
0.5186999999999999,0.8328262076058512
0.51875,0.8328262076058512
0.5187999999999999,0.8328262076058512
0.51885,0.8328262076058512
0.5188999999999999,0.8328262076058512
0.51895,0.8328262076058512
0.5189999999999999,0.8328262076058512
0.51905,0.8328262076058512
0.5190999999999999,0.8328262076058512
0.51915,0.8328262076058512
0.5192000000000001,0.8328262076058512
0.51925,0.8328262076058512
0.5193000000000001,0.8328262076058512
0.51935,0.8328262076058512
0.5194000000000001,0.8328262076058512
0.51945,0.8328262076058512
0.5195000000000001,0.8328262076058512
0.51955,0.8328262076058512
0.5196000000000001,0.8328262076058512
0.5196499999999999,0.8328262076058512
0.5197000000000001,0.8328262076058512
0.5197499999999999,0.8328262076058512
0.5198,0.8328262076058512
0.5198499999999999,0.8328262076058512
0.5199,0.8324903888804545
0.5199499999999999,0.8324903888804545
0.52,0.8324903888804545
0.5200499999999999,0.83282620760585
0.5201,0.8328262076058512
0.5201499999999999,0.8328262076058512
0.5202,0.8328262076058512
0.5202500000000001,0.8328262076058512
0.5203,0.8328262076058512
0.5203500000000001,0.8328262076058512
0.5204,0.8328262076058512
0.5204500000000001,0.8328262076058512
0.5205,0.8328262076058512
0.5205500000000001,0.8328262076058512
0.5206,0.8328262076058512
0.5206500000000001,0.8328262076058512
0.5206999999999999,0.8328262076058512
0.52075,0.8328262076058512
0.5207999999999999,0.8328262076058512
0.52085,0.8328262076058512
0.5208999999999999,0.8328262076058512
0.52095,0.8328262076058512
0.5209999999999999,0.8328262076058512
0.52105,0.8328262076058512
0.5210999999999999,0.8328262076058512
0.52115,0.8328262076058512
0.5212000000000001,0.8328262076058512
0.52125,0.8328262076058512
0.5213000000000001,0.8328262076058512
0.52135,0.8328262076058512
0.5214000000000001,0.8328262076058512
0.52145,0.8328262076058512
0.5215000000000001,0.8328262076058512
0.52155,0.8328262076058512
0.5216000000000001,0.8324903888804545
0.5216499999999999,0.8324903888804545
0.5217000000000001,0.8324903888804545
0.5217499999999999,0.8324903888804545
0.5218,0.8324903888804545
0.5218499999999999,0.8324903888804545
0.5219,0.8324903888804545
0.5219499999999999,0.8324903888804545
0.522,0.8324903888804545
0.5220499999999999,0.8324903888804545
0.5221,0.8324903888804545
0.5221499999999999,0.8324903888804545
0.5222,0.8324903888804545
0.5222500000000001,0.8324903888804545
0.5223,0.8324903888804545
0.5223500000000001,0.8324903888804545
0.5224,0.8324903888804545
0.5224500000000001,0.8324903888804545
0.5225,0.8324903888804545
0.5225500000000001,0.8324903888804545
0.5226,0.8324903888804545
0.5226500000000001,0.8324903888804545
0.5226999999999999,0.8324903888804545
0.52275,0.8324903888804545
0.5227999999999999,0.8324903888804545
0.52285,0.8324903888804545
0.5228999999999999,0.8324903888804545
0.52295,0.8324903888804545
0.5229999999999999,0.8324903888804545
0.52305,0.8324903888804545
0.5230999999999999,0.83282620760585
0.52315,0.8324903888804545
0.5232000000000001,0.8324903888804545
0.52325,0.8324903888804545
0.5233000000000001,0.8324903888804545
0.52335,0.8324903888804545
0.5234000000000001,0.8324903888804545
0.52345,0.8324903888804545
0.5235000000000001,0.8324903888804545
0.52355,0.8324903888804545
0.5236000000000001,0.8324903888804545
0.5236499999999999,0.8324903888804545
0.5237000000000001,0.8324903888804545
0.5237499999999999,0.8324903888804545
0.5238,0.8324903888804545
0.5238499999999999,0.8324903888804545
0.5239,0.8324903888804545
0.5239499999999999,0.8324903888804545
0.524,0.8324903888804545
0.5240499999999999,0.8324903888804545
0.5241,0.8324903888804545
0.5241499999999999,0.8324903888804545
0.5242,0.8324903888804545
0.5242500000000001,0.8324903888804545
0.5243,0.8324903888804545
0.5243500000000001,0.8324903888804545
0.5244,0.8324903888804545
0.5244500000000001,0.8324903888804545
0.5245,0.8321545701550577
0.5245500000000001,0.8321545701550577
0.5246,0.8324903888804545
0.5246500000000001,0.8321545701550577
0.5246999999999999,0.8324903888804545
0.52475,0.8324903888804545
0.5247999999999999,0.8324903888804545
0.52485,0.8324903888804545
0.5248999999999999,0.8324903888804545
0.52495,0.8324903888804545
0.5249999999999999,0.8324903888804545
0.52505,0.8321545701550577
0.5250999999999999,0.8324903888804532
0.52515,0.8324903888804545
0.5251999999999999,0.8324903888804545
0.52525,0.8324903888804545
0.5253000000000001,0.8324903888804545
0.52535,0.8324903888804545
0.5254000000000001,0.8324903888804545
0.52545,0.8324903888804545
0.5255000000000001,0.8321545701550577
0.52555,0.8324903888804545
0.5256000000000001,0.8324903888804545
0.52565,0.8324903888804545
0.5257000000000001,0.8328262076058512
0.5257499999999999,0.8328262076058512
0.5258,0.8328262076058512
0.5258499999999999,0.8324903888804545
0.5259,0.8324903888804545
0.5259499999999999,0.8324903888804545
0.526,0.8324903888804545
0.5260499999999999,0.83282620760585
0.5261,0.8328262076058512
0.5261499999999999,0.8328262076058512
0.5262,0.8324903888804545
0.5262500000000001,0.8324903888804545
0.5263,0.8324903888804545
0.5263500000000001,0.8328262076058512
0.5264,0.8328262076058512
0.5264500000000001,0.8328262076058512
0.5265,0.8328262076058512
0.5265500000000001,0.8328262076058512
0.5266,0.8328262076058512
0.5266500000000001,0.8328262076058512
0.5266999999999999,0.8328262076058512
0.5267500000000001,0.8328262076058512
0.5267999999999999,0.8328262076058512
0.52685,0.8328262076058512
0.5268999999999999,0.8328262076058512
0.52695,0.8324903888804545
0.5269999999999999,0.8328262076058512
0.52705,0.8328262076058512
0.5270999999999999,0.8328262076058512
0.52715,0.8328262076058512
0.5271999999999999,0.8328262076058512
0.52725,0.8328262076058512
0.5273000000000001,0.8328262076058512
0.52735,0.8328262076058512
0.5274000000000001,0.8328262076058512
0.52745,0.8328262076058512
0.5275000000000001,0.8328262076058512
0.52755,0.8324903888804545
0.5276000000000001,0.8324903888804545
0.52765,0.8328262076058512
0.5277000000000001,0.8328262076058512
0.5277499999999999,0.8328262076058512
0.5278,0.8328262076058512
0.5278499999999999,0.8328262076058512
0.5279,0.8328262076058512
0.5279499999999999,0.8328262076058512
0.528,0.8328262076058512
0.5280499999999999,0.8328262076058512
0.5281,0.8324903888804545
0.5281499999999999,0.83282620760585
0.5282,0.8328262076058512
0.5282500000000001,0.8328262076058512
0.5283,0.8328262076058512
0.5283500000000001,0.833162026331248
0.5284,0.833162026331248
0.5284500000000001,0.833162026331248
0.5285,0.833162026331248
0.5285500000000001,0.833162026331248
0.5286,0.833162026331248
0.5286500000000001,0.833162026331248
0.5286999999999999,0.833162026331248
0.5287500000000001,0.833162026331248
0.5287999999999999,0.833162026331248
0.52885,0.833162026331248
0.5288999999999999,0.833162026331248
0.52895,0.833162026331248
0.5289999999999999,0.833162026331248
0.52905,0.833162026331248
0.5290999999999999,0.833162026331248
0.52915,0.833162026331248
0.5291999999999999,0.833162026331248
0.52925,0.833162026331248
0.5293000000000001,0.833162026331248
0.52935,0.833162026331248
0.5294000000000001,0.833162026331248
0.52945,0.833162026331248
0.5295000000000001,0.833162026331248
0.52955,0.833162026331248
0.5296000000000001,0.833162026331248
0.52965,0.833162026331248
0.5297000000000001,0.833162026331248
0.5297499999999999,0.8328262076058512
0.5298,0.833162026331248
0.5298499999999999,0.833162026331248
0.5299,0.833162026331248
0.5299499999999999,0.833162026331248
0.53,0.833162026331248
0.5300499999999999,0.833162026331248
0.5301,0.833162026331248
0.5301499999999999,0.833162026331248
0.5302,0.833162026331248
0.5302500000000001,0.833162026331248
0.5303,0.833162026331248
0.5303500000000001,0.833162026331248
0.5304,0.833162026331248
0.5304500000000001,0.833162026331248
0.5305,0.833162026331248
0.5305500000000001,0.833162026331248
0.5306,0.833162026331248
0.5306500000000001,0.833162026331248
0.5306999999999999,0.833162026331248
0.5307500000000001,0.833162026331248
0.5307999999999999,0.833162026331248
0.53085,0.833162026331248
0.5308999999999999,0.8328262076058512
0.53095,0.8328262076058512
0.5309999999999999,0.833162026331248
0.53105,0.833162026331248
0.5310999999999999,0.833162026331248
0.53115,0.833162026331248
0.5311999999999999,0.833162026331248
0.53125,0.833162026331248
0.5313000000000001,0.8331620263312493
0.53135,0.8334978450566448
0.5314000000000001,0.833162026331248
0.53145,0.833162026331248
0.5315000000000001,0.833162026331248
0.53155,0.833162026331248
0.5316000000000001,0.833162026331248
0.53165,0.833162026331248
0.5317000000000001,0.8334978450566448
0.5317499999999999,0.8334978450566448
0.5318000000000001,0.8334978450566448
0.5318499999999999,0.833162026331248
0.5319,0.8334978450566448
0.5319499999999999,0.833162026331248
0.532,0.833162026331248
0.5320499999999999,0.833162026331248
0.5321,0.833162026331248
0.5321499999999999,0.8334978450566436
0.5322,0.8334978450566448
0.5322499999999999,0.8331620263312493
0.5323,0.833162026331248
0.5323500000000001,0.8334978450566436
0.5324,0.833162026331248
0.5324500000000001,0.833162026331248
0.5325,0.8334978450566448
0.5325500000000001,0.833162026331248
0.5326,0.833162026331248
0.5326500000000001,0.833162026331248
0.5327,0.833162026331248
0.5327500000000001,0.833162026331248
0.5327999999999999,0.833162026331248
0.53285,0.8328262076058512
0.5328999999999999,0.8328262076058512
0.53295,0.833162026331248
0.5329999999999999,0.8328262076058512
0.53305,0.833162026331248
0.5330999999999999,0.8328262076058525
0.53315,0.8328262076058512
0.5331999999999999,0.8328262076058512
0.53325,0.833162026331248
0.5333000000000001,0.8328262076058512
0.53335,0.8328262076058512
0.5334000000000001,0.8331620263312468
0.53345,0.8328262076058512
0.5335000000000001,0.8328262076058512
0.53355,0.833162026331248
0.5336000000000001,0.8328262076058512
0.53365,0.8328262076058512
0.5337000000000001,0.8328262076058512
0.5337499999999999,0.8328262076058512
0.5338000000000001,0.8328262076058512
0.5338499999999999,0.8328262076058512
0.5339,0.8328262076058512
0.5339499999999999,0.8328262076058512
0.534,0.833162026331248
0.5340499999999999,0.8328262076058512
0.5341,0.833162026331248
0.5341499999999999,0.8328262076058525
0.5342,0.833162026331248
0.5342499999999999,0.8328262076058525
0.5343,0.8328262076058512
0.5343500000000001,0.833162026331248
0.5344,0.833162026331248
0.5344500000000001,0.8328262076058525
0.5345,0.833162026331248
0.5345500000000001,0.8328262076058512
0.5346,0.833162026331248
0.5346500000000001,0.8328262076058512
0.5347,0.8328262076058512
0.5347500000000001,0.8328262076058512
0.5347999999999999,0.8328262076058512
0.53485,0.8328262076058512
0.5348999999999999,0.8328262076058512
0.53495,0.8328262076058512
0.5349999999999999,0.8328262076058512
0.53505,0.8328262076058512
0.5350999999999999,0.8328262076058512
0.53515,0.8328262076058512
0.5351999999999999,0.8328262076058512
0.53525,0.833162026331248
0.5353000000000001,0.833162026331248
0.53535,0.833162026331248
0.5354000000000001,0.8331620263312468
0.53545,0.8328262076058512
0.5355000000000001,0.8328262076058512
0.53555,0.8328262076058512
0.5356000000000001,0.8328262076058512
0.53565,0.8328262076058512
0.5357000000000001,0.8328262076058512
0.5357499999999999,0.8328262076058512
0.5358000000000001,0.8328262076058512
0.5358499999999999,0.833162026331248
0.5359,0.8328262076058512
0.5359499999999999,0.8328262076058512
0.536,0.8328262076058512
0.5360499999999999,0.8328262076058512
0.5361,0.8328262076058512
0.5361499999999999,0.8328262076058512
0.5362,0.8328262076058512
0.5362499999999999,0.8328262076058512
0.5363,0.8328262076058512
0.5363500000000001,0.8328262076058512
0.5364,0.8328262076058512
0.5364500000000001,0.8328262076058512
0.5365,0.8328262076058512
0.5365500000000001,0.8328262076058512
0.5366,0.8328262076058512
0.5366500000000001,0.8328262076058512
0.5367,0.8328262076058512
0.5367500000000001,0.8328262076058512
0.5367999999999999,0.8328262076058512
0.53685,0.833162026331248
0.5368999999999999,0.8328262076058512
0.53695,0.8328262076058512
0.5369999999999999,0.8328262076058512
0.53705,0.8328262076058512
0.5370999999999999,0.8328262076058512
0.53715,0.8328262076058512
0.5371999999999999,0.8328262076058512
0.53725,0.8328262076058512
0.5373000000000001,0.8328262076058512
0.53735,0.8328262076058512
0.5374000000000001,0.8328262076058512
0.53745,0.8328262076058512
0.5375000000000001,0.8328262076058512
0.53755,0.8328262076058512
0.5376000000000001,0.8328262076058512
0.53765,0.8328262076058512
0.5377000000000001,0.8328262076058512
0.53775,0.8328262076058512
0.5378000000000001,0.8328262076058512
0.5378499999999999,0.8328262076058512
0.5379,0.8328262076058512
0.5379499999999999,0.8328262076058512
0.538,0.8324903888804545
0.5380499999999999,0.8328262076058512
0.5381,0.8328262076058512
0.5381499999999999,0.8328262076058512
0.5382,0.8328262076058512
0.5382499999999999,0.8328262076058512
0.5383,0.8328262076058512
0.5383500000000001,0.8328262076058512
0.5384,0.8328262076058512
0.5384500000000001,0.8328262076058512
0.5385,0.8328262076058512
0.5385500000000001,0.8328262076058512
0.5386,0.8328262076058512
0.5386500000000001,0.8328262076058512
0.5387,0.8328262076058512
0.5387500000000001,0.8328262076058512
0.5387999999999999,0.8328262076058512
0.5388500000000001,0.8328262076058512
0.5388999999999999,0.8324903888804545
0.53895,0.8324903888804545
0.5389999999999999,0.8328262076058512
0.53905,0.8328262076058512
0.5390999999999999,0.8328262076058512
0.53915,0.8328262076058512
0.5391999999999999,0.8324903888804557
0.53925,0.8324903888804545
0.5392999999999999,0.83282620760585
0.53935,0.8328262076058512
0.5394000000000001,0.8328262076058512
0.53945,0.8328262076058512
0.5395000000000001,0.8328262076058512
0.53955,0.8324903888804545
0.5396000000000001,0.8328262076058512
0.53965,0.8328262076058512
0.5397000000000001,0.8328262076058512
0.53975,0.8324903888804545
0.5398000000000001,0.8328262076058512
0.5398499999999999,0.8324903888804545
0.5399,0.8328262076058512
0.5399499999999999,0.8328262076058512
0.54,0.8328262076058512
0.5400499999999999,0.8328262076058512
0.5401,0.8328262076058512
0.5401499999999999,0.8328262076058512
0.5402,0.8328262076058512
0.5402499999999999,0.8328262076058512
0.5403,0.8328262076058512
0.5403500000000001,0.8328262076058512
0.5404,0.8328262076058512
0.5404500000000001,0.8328262076058512
0.5405,0.8328262076058512
0.5405500000000001,0.8328262076058512
0.5406,0.8328262076058512
0.5406500000000001,0.8328262076058512
0.5407,0.8328262076058512
0.5407500000000001,0.8328262076058512
0.5407999999999999,0.8328262076058512
0.5408500000000001,0.8328262076058512
0.5408999999999999,0.8328262076058512
0.54095,0.8328262076058512
0.5409999999999999,0.8328262076058512
0.54105,0.8328262076058512
0.5410999999999999,0.8328262076058512
0.54115,0.8328262076058512
0.5411999999999999,0.8328262076058512
0.54125,0.8328262076058512
0.5412999999999999,0.8328262076058512
0.54135,0.8328262076058512
0.5414000000000001,0.8328262076058512
0.54145,0.8328262076058512
0.5415000000000001,0.8328262076058512
0.54155,0.8328262076058512
0.5416000000000001,0.8324903888804545
0.54165,0.8324903888804545
0.5417000000000001,0.8324903888804545
0.54175,0.8324903888804545
0.5418000000000001,0.8324903888804545
0.5418499999999999,0.8324903888804545
0.5419,0.8324903888804545
0.5419499999999999,0.8324903888804545
0.542,0.8324903888804545
0.5420499999999999,0.8324903888804545
0.5421,0.8324903888804545
0.5421499999999999,0.8321545701550577
0.5422,0.8324903888804545
0.5422499999999999,0.8324903888804545
0.5423,0.8324903888804545
0.5423500000000001,0.8324903888804545
0.5424,0.8324903888804545
0.5424500000000001,0.8324903888804545
0.5425,0.8324903888804545
0.5425500000000001,0.8324903888804545
0.5426,0.8324903888804545
0.5426500000000001,0.8324903888804545
0.5427,0.8324903888804545
0.5427500000000001,0.8324903888804545
0.5427999999999999,0.8321545701550577
0.5428500000000001,0.8324903888804545
0.5428999999999999,0.8324903888804545
0.54295,0.8324903888804545
0.5429999999999999,0.8324903888804545
0.54305,0.8324903888804545
0.5430999999999999,0.8324903888804545
0.54315,0.8324903888804545
0.5431999999999999,0.8324903888804545
0.54325,0.8324903888804545
0.5432999999999999,0.8324903888804545
0.54335,0.8324903888804545
0.5434000000000001,0.8324903888804545
0.54345,0.8324903888804545
0.5435000000000001,0.8324903888804545
0.54355,0.8324903888804545
0.5436000000000001,0.8324903888804545
0.54365,0.8324903888804545
0.5437000000000001,0.8324903888804545
0.54375,0.8324903888804545
0.5438000000000001,0.8324903888804545
0.5438499999999999,0.8324903888804545
0.5439000000000001,0.8324903888804545
0.5439499999999999,0.8324903888804545
0.544,0.8324903888804545
0.5440499999999999,0.8324903888804545
0.5441,0.8324903888804545
0.5441499999999999,0.8324903888804545
0.5442,0.8324903888804545
0.5442499999999999,0.8324903888804545
0.5443,0.8324903888804545
0.5443499999999999,0.8324903888804545
0.5444,0.8324903888804545
0.5444500000000001,0.8324903888804545
0.5445,0.8324903888804545
0.5445500000000001,0.8324903888804545
0.5446,0.8324903888804545
0.5446500000000001,0.8324903888804545
0.5447,0.8324903888804545
0.5447500000000001,0.8324903888804545
0.5448,0.8324903888804545
0.5448500000000001,0.8324903888804545
0.5448999999999999,0.8324903888804545
0.54495,0.8324903888804545
0.5449999999999999,0.8324903888804545
0.54505,0.8324903888804545
0.5450999999999999,0.8324903888804545
0.54515,0.8321545701550577
0.5451999999999999,0.8324903888804532
0.54525,0.8324903888804545
0.5452999999999999,0.8321545701550589
0.54535,0.8324903888804545
0.5454000000000001,0.8324903888804545
0.54545,0.8324903888804545
0.5455000000000001,0.8324903888804545
0.54555,0.8324903888804545
0.5456000000000001,0.8328262076058512
0.54565,0.8328262076058512
0.5457000000000001,0.8328262076058512
0.54575,0.8324903888804545
0.5458000000000001,0.8328262076058512
0.5458499999999999,0.8328262076058512
0.5459000000000001,0.8328262076058512
0.5459499999999999,0.8324903888804545
0.546,0.8328262076058512
0.5460499999999999,0.8324903888804545
0.5461,0.8324903888804545
0.5461499999999999,0.8324903888804545
0.5462,0.8324903888804545
0.5462499999999999,0.8324903888804545
0.5463,0.8324903888804545
0.5463499999999999,0.8324903888804545
0.5464,0.8324903888804545
0.5464500000000001,0.8324903888804545
0.5465,0.8324903888804545
0.5465500000000001,0.8324903888804545
0.5466,0.8324903888804545
0.5466500000000001,0.8324903888804545
0.5467,0.8328262076058512
0.5467500000000001,0.8328262076058512
0.5468,0.8328262076058512
0.5468500000000001,0.8324903888804545
0.5468999999999999,0.8328262076058512
0.54695,0.8328262076058512
0.5469999999999999,0.8328262076058512
0.54705,0.8328262076058512
0.5470999999999999,0.8328262076058512
0.54715,0.8328262076058512
0.5471999999999999,0.8328262076058512
0.54725,0.8328262076058512
0.5472999999999999,0.8328262076058512
0.54735,0.8328262076058512
0.5474000000000001,0.8328262076058512
0.54745,0.8328262076058512
0.5475000000000001,0.8328262076058512
0.54755,0.8328262076058512
0.5476000000000001,0.8328262076058512
0.54765,0.8328262076058512
0.5477000000000001,0.8328262076058512
0.54775,0.8328262076058512
0.5478000000000001,0.8328262076058512
0.5478499999999999,0.8328262076058512
0.5479000000000001,0.8328262076058512
0.5479499999999999,0.8328262076058512
0.548,0.8328262076058512
0.5480499999999999,0.8328262076058512
0.5481,0.8328262076058512
0.5481499999999999,0.8328262076058512
0.5482,0.833162026331248
0.5482499999999999,0.833162026331248
0.5483,0.8328262076058512
0.5483499999999999,0.8331620263312468
0.5484,0.833162026331248
0.5484500000000001,0.833162026331248
0.5485,0.833162026331248
0.5485500000000001,0.833162026331248
0.5486,0.833162026331248
0.5486500000000001,0.8328262076058512
0.5487,0.833162026331248
0.5487500000000001,0.8328262076058512
0.5488,0.8328262076058512
0.5488500000000001,0.833162026331248
0.5488999999999999,0.833162026331248
0.54895,0.833162026331248
0.5489999999999999,0.833162026331248
0.54905,0.833162026331248
0.5490999999999999,0.833162026331248
0.54915,0.833162026331248
0.5491999999999999,0.833162026331248
0.54925,0.833162026331248
0.5492999999999999,0.833162026331248
0.54935,0.833162026331248
0.5494000000000001,0.833162026331248
0.54945,0.833162026331248
0.5495000000000001,0.833162026331248
0.54955,0.833162026331248
0.5496000000000001,0.833162026331248
0.54965,0.833162026331248
0.5497000000000001,0.833162026331248
0.54975,0.833162026331248
0.5498000000000001,0.833162026331248
0.5498499999999999,0.833162026331248
0.5499000000000001,0.833162026331248
0.5499499999999999,0.833162026331248
0.55,0.833162026331248
0.5500499999999999,0.833162026331248
0.5501,0.833162026331248
0.5501499999999999,0.833162026331248
0.5502,0.833162026331248
0.5502499999999999,0.833162026331248
0.5503,0.8334978450566448
0.5503499999999999,0.8334978450566448
0.5504,0.833162026331248
0.5504500000000001,0.833162026331248
0.5505,0.833162026331248
0.5505500000000001,0.833162026331248
0.5506,0.833162026331248
0.5506500000000001,0.833162026331248
0.5507,0.8328262076058512
0.5507500000000001,0.833162026331248
0.5508,0.833162026331248
0.5508500000000001,0.833162026331248
0.5508999999999999,0.833162026331248
0.5509500000000001,0.833162026331248
0.5509999999999999,0.833162026331248
0.55105,0.833162026331248
0.5510999999999999,0.833162026331248
0.55115,0.833162026331248
0.5511999999999999,0.833162026331248
0.55125,0.833162026331248
0.5512999999999999,0.833162026331248
0.55135,0.833162026331248
0.5513999999999999,0.833162026331248
0.55145,0.833162026331248
0.5515000000000001,0.833162026331248
0.55155,0.833162026331248
0.5516000000000001,0.833162026331248
0.55165,0.833162026331248
0.5517000000000001,0.833162026331248
0.55175,0.833162026331248
0.5518000000000001,0.8334978450566448
0.55185,0.833162026331248
0.5519000000000001,0.833162026331248
0.5519499999999999,0.8334978450566448
0.552,0.8334978450566448
0.5520499999999999,0.8334978450566448
0.5521,0.833162026331248
0.5521499999999999,0.833162026331248
0.5522,0.8334978450566448
0.5522499999999999,0.8331620263312493
0.5523,0.8334978450566448
0.5523499999999999,0.8334978450566448
0.5524,0.833162026331248
0.5524500000000001,0.833162026331248
0.5525,0.833162026331248
0.5525500000000001,0.833162026331248
0.5526,0.833162026331248
0.5526500000000001,0.833162026331248
0.5527,0.833162026331248
0.5527500000000001,0.833162026331248
0.5528,0.833162026331248
0.5528500000000001,0.833162026331248
0.5528999999999999,0.833162026331248
0.5529500000000001,0.833162026331248
0.5529999999999999,0.8328262076058512
0.55305,0.8328262076058512
0.5530999999999999,0.8328262076058512
0.55315,0.8328262076058512
0.5531999999999999,0.8328262076058512
0.55325,0.8328262076058512
0.5532999999999999,0.8328262076058512
0.55335,0.833162026331248
0.5533999999999999,0.8328262076058525
0.55345,0.8328262076058512
0.5535000000000001,0.8328262076058525
0.55355,0.833162026331248
0.5536000000000001,0.8328262076058512
0.55365,0.8328262076058512
0.5537000000000001,0.8328262076058512
0.55375,0.8328262076058512
0.5538000000000001,0.8328262076058512
0.55385,0.8328262076058512
0.5539000000000001,0.8328262076058512
0.5539499999999999,0.833162026331248
0.554,0.8328262076058512
0.5540499999999999,0.8328262076058512
0.5541,0.8328262076058512
0.5541499999999999,0.8328262076058512
0.5542,0.8328262076058512
0.5542499999999999,0.8328262076058512
0.5543,0.8328262076058512
0.5543499999999999,0.8328262076058512
0.5544,0.8328262076058512
0.5544500000000001,0.8328262076058512
0.5545,0.8328262076058512
0.5545500000000001,0.8328262076058512
0.5546,0.8328262076058512
0.5546500000000001,0.833162026331248
0.5547,0.8328262076058512
0.5547500000000001,0.8328262076058512
0.5548,0.8328262076058512
0.5548500000000001,0.833162026331248
0.5548999999999999,0.8328262076058512
0.5549500000000001,0.8328262076058512
0.5549999999999999,0.8328262076058512
0.55505,0.8328262076058512
0.5550999999999999,0.8328262076058512
0.55515,0.8328262076058512
0.5551999999999999,0.8328262076058512
0.55525,0.8328262076058512
0.5552999999999999,0.8328262076058512
0.55535,0.833162026331248
0.5553999999999999,0.8328262076058525
0.55545,0.8328262076058512
0.5555000000000001,0.8328262076058512
0.55555,0.8328262076058512
0.5556000000000001,0.8328262076058512
0.55565,0.8328262076058512
0.5557000000000001,0.8328262076058512
0.55575,0.8328262076058512
0.5558000000000001,0.8328262076058512
0.55585,0.8328262076058512
0.5559000000000001,0.8328262076058512
0.5559499999999999,0.8328262076058512
0.556,0.8328262076058512
0.5560499999999999,0.8328262076058512
0.5561,0.8328262076058512
0.5561499999999999,0.8328262076058512
0.5562,0.8328262076058512
0.5562499999999999,0.8328262076058512
0.5563,0.8328262076058512
0.5563499999999999,0.8328262076058512
0.5564,0.8328262076058512
0.5564499999999999,0.8328262076058512
0.5565,0.8328262076058512
0.5565500000000001,0.8328262076058512
0.5566,0.8328262076058512
0.5566500000000001,0.833162026331248
0.5567,0.8328262076058512
0.5567500000000001,0.8328262076058512
0.5568,0.8328262076058512
0.5568500000000001,0.8328262076058512
0.5569,0.8328262076058512
0.5569500000000001,0.8328262076058512
0.5569999999999999,0.8328262076058512
0.55705,0.8328262076058512
0.5570999999999999,0.8328262076058512
0.55715,0.8328262076058512
0.5571999999999999,0.8328262076058512
0.55725,0.833162026331248
0.5572999999999999,0.8328262076058525
0.55735,0.8328262076058512
0.5573999999999999,0.8328262076058512
0.55745,0.8328262076058512
0.5575000000000001,0.8328262076058512
0.55755,0.8328262076058512
0.5576000000000001,0.8328262076058512
0.55765,0.8328262076058512
0.5577000000000001,0.8328262076058512
0.55775,0.8328262076058512
0.5578000000000001,0.8328262076058512
0.55785,0.8328262076058512
0.5579000000000001,0.8328262076058512
0.5579499999999999,0.8328262076058512
0.5580000000000001,0.8328262076058512
0.5580499999999999,0.8328262076058512
0.5581,0.8328262076058512
0.5581499999999999,0.833162026331248
0.5582,0.833162026331248
0.5582499999999999,0.8328262076058512
0.5583,0.8328262076058512
0.5583499999999999,0.8328262076058512
0.5584,0.8328262076058512
0.5584499999999999,0.8328262076058512
0.5585,0.833162026331248
0.5585500000000001,0.8328262076058512
0.5586,0.8328262076058512
0.5586500000000001,0.8328262076058512
0.5587,0.8328262076058512
0.5587500000000001,0.8328262076058512
0.5588,0.8328262076058512
0.5588500000000001,0.8328262076058512
0.5589,0.8328262076058512
0.5589500000000001,0.8328262076058512
0.5589999999999999,0.8328262076058512
0.55905,0.8328262076058512
0.5590999999999999,0.8328262076058512
0.55915,0.8328262076058512
0.5591999999999999,0.8328262076058512
0.55925,0.8328262076058512
0.5592999999999999,0.8328262076058512
0.55935,0.8328262076058512
0.5593999999999999,0.8328262076058512
0.55945,0.8328262076058512
0.5595000000000001,0.8328262076058512
0.55955,0.8328262076058512
0.5596000000000001,0.8331620263312468
0.55965,0.8328262076058512
0.5597000000000001,0.8328262076058512
0.55975,0.8328262076058512
0.5598000000000001,0.8328262076058512
0.55985,0.8328262076058512
0.5599000000000001,0.8328262076058512
0.5599499999999999,0.8328262076058512
0.5600000000000001,0.8328262076058512
0.5600499999999999,0.8328262076058512
0.5601,0.8328262076058512
0.5601499999999999,0.8328262076058512
0.5602,0.8328262076058512
0.5602499999999999,0.8328262076058512
0.5603,0.8328262076058512
0.5603499999999999,0.8331620263312468
0.5604,0.8328262076058512
0.5604499999999999,0.8328262076058512
0.5605,0.833162026331248
0.5605500000000001,0.8331620263312468
0.5606,0.8328262076058512
0.5606500000000001,0.8331620263312468
0.5607,0.8328262076058512
0.5607500000000001,0.8328262076058512
0.5608,0.833162026331248
0.5608500000000001,0.8328262076058512
0.5609,0.8328262076058512
0.5609500000000001,0.8328262076058512
0.5609999999999999,0.8328262076058512
0.56105,0.8328262076058512
0.5610999999999999,0.8328262076058512
0.56115,0.8328262076058512
0.5611999999999999,0.8328262076058512
0.56125,0.8328262076058512
0.5612999999999999,0.8328262076058512
0.56135,0.8328262076058512
0.5613999999999999,0.8328262076058512
0.56145,0.8328262076058512
0.5615000000000001,0.8328262076058512
0.56155,0.8328262076058512
0.5616000000000001,0.83282620760585
0.56165,0.8324903888804545
0.5617000000000001,0.8324903888804545
0.56175,0.8324903888804545
0.5618000000000001,0.8324903888804545
0.56185,0.8324903888804545
0.5619000000000001,0.8324903888804545
0.5619499999999999,0.8324903888804545
0.5620000000000001,0.8324903888804545
0.5620499999999999,0.8324903888804545
0.5621,0.8324903888804545
0.5621499999999999,0.8324903888804545
0.5622,0.8324903888804545
0.5622499999999999,0.8324903888804545
0.5623,0.8324903888804545
0.5623499999999999,0.8324903888804545
0.5624,0.8324903888804545
0.5624499999999999,0.8324903888804545
0.5625,0.8324903888804545
0.5625500000000001,0.8324903888804545
0.5626,0.8324903888804545
0.5626500000000001,0.8324903888804545
0.5627,0.8324903888804545
0.5627500000000001,0.8324903888804545
0.5628,0.8324903888804545
0.5628500000000001,0.8324903888804545
0.5629,0.8324903888804545
0.5629500000000001,0.8324903888804545
0.5629999999999999,0.8324903888804545
0.5630500000000001,0.8324903888804545
0.5630999999999999,0.8328262076058512
0.56315,0.8324903888804545
0.5631999999999999,0.8324903888804545
0.56325,0.8324903888804545
0.5632999999999999,0.8324903888804545
0.56335,0.8324903888804545
0.5633999999999999,0.8324903888804545
0.56345,0.8324903888804545
0.5634999999999999,0.8324903888804545
0.56355,0.8324903888804545
0.5636000000000001,0.8324903888804545
0.56365,0.8324903888804545
0.5637000000000001,0.8324903888804545
0.56375,0.8324903888804545
0.5638000000000001,0.8324903888804545
0.56385,0.8324903888804545
0.5639000000000001,0.8324903888804545
0.56395,0.8324903888804545
0.5640000000000001,0.8328262076058512
0.5640499999999999,0.8324903888804545
0.5641,0.8324903888804545
0.5641499999999999,0.8324903888804545
0.5642,0.8324903888804545
0.5642499999999999,0.8324903888804545
0.5643,0.8324903888804545
0.5643499999999999,0.8324903888804545
0.5644,0.8324903888804545
0.5644499999999999,0.8324903888804545
0.5645,0.8324903888804545
0.5645500000000001,0.8324903888804545
0.5646,0.8324903888804545
0.5646500000000001,0.8324903888804545
0.5647,0.8324903888804545
0.5647500000000001,0.8324903888804545
0.5648,0.8324903888804545
0.5648500000000001,0.8324903888804545
0.5649,0.8324903888804545
0.5649500000000001,0.8328262076058512
0.5649999999999999,0.8324903888804545
0.5650500000000001,0.8324903888804545
0.5650999999999999,0.8324903888804545
0.56515,0.8324903888804545
0.5651999999999999,0.8324903888804545
0.56525,0.8324903888804545
0.5652999999999999,0.8324903888804545
0.56535,0.8324903888804545
0.5653999999999999,0.83282620760585
0.56545,0.8324903888804545
0.5654999999999999,0.8324903888804545
0.56555,0.8328262076058512
0.5656000000000001,0.8324903888804545
0.56565,0.8324903888804545
0.5657000000000001,0.8324903888804545
0.56575,0.8324903888804545
0.5658000000000001,0.8324903888804545
0.56585,0.8324903888804545
0.5659000000000001,0.8324903888804545
0.56595,0.8324903888804545
0.5660000000000001,0.8324903888804545
0.5660499999999999,0.8324903888804545
0.5661,0.8324903888804545
0.5661499999999999,0.8324903888804545
0.5662,0.8324903888804545
0.5662499999999999,0.8328262076058512
0.5663,0.8328262076058512
0.5663499999999999,0.8328262076058512
0.5664,0.8328262076058512
0.5664499999999999,0.8328262076058512
0.5665,0.8328262076058512
0.5665500000000001,0.8324903888804557
0.5666,0.8328262076058512
0.5666500000000001,0.8324903888804557
0.5667,0.8328262076058512
0.5667500000000001,0.8324903888804545
0.5668,0.8328262076058512
0.5668500000000001,0.8328262076058512
0.5669,0.8328262076058512
0.5669500000000001,0.8328262076058512
0.5669999999999999,0.8328262076058512
0.5670500000000001,0.8328262076058512
0.5670999999999999,0.8328262076058512
0.56715,0.8328262076058512
0.5671999999999999,0.8328262076058512
0.56725,0.8328262076058512
0.5672999999999999,0.8328262076058512
0.56735,0.8328262076058512
0.5673999999999999,0.8331620263312468
0.56745,0.8328262076058512
0.5674999999999999,0.8328262076058512
0.56755,0.8328262076058512
0.5676000000000001,0.8328262076058512
0.56765,0.8328262076058512
0.5677000000000001,0.8328262076058512
0.56775,0.8328262076058512
0.5678000000000001,0.8328262076058512
0.56785,0.8328262076058512
0.5679000000000001,0.8328262076058512
0.56795,0.8328262076058512
0.5680000000000001,0.8328262076058512
0.5680499999999999,0.8328262076058512
0.5681,0.8328262076058512
0.5681499999999999,0.8328262076058512
0.5682,0.8328262076058512
0.5682499999999999,0.833162026331248
0.5683,0.833162026331248
0.5683499999999999,0.833162026331248
0.5684,0.8334978450566448
0.5684499999999999,0.8331620263312493
0.5685,0.833162026331248
0.5685500000000001,0.833162026331248
0.5686,0.833162026331248
0.5686500000000001,0.833162026331248
0.5687,0.833162026331248
0.5687500000000001,0.8328262076058512
0.5688,0.833162026331248
0.5688500000000001,0.8328262076058512
0.5689,0.833162026331248
0.5689500000000001,0.8328262076058512
0.569,0.8328262076058512
0.5690500000000001,0.8328262076058512
0.5690999999999999,0.8328262076058512
0.56915,0.833162026331248
0.5691999999999999,0.833162026331248
0.56925,0.833162026331248
0.5692999999999999,0.833162026331248
0.56935,0.833162026331248
0.5693999999999999,0.833162026331248
0.56945,0.833162026331248
0.5694999999999999,0.833162026331248
0.56955,0.833162026331248
0.5696000000000001,0.833162026331248
0.56965,0.833162026331248
0.5697000000000001,0.833162026331248
0.56975,0.833162026331248
0.5698000000000001,0.833162026331248
0.56985,0.833162026331248
0.5699000000000001,0.8328262076058512
0.56995,0.833162026331248
0.5700000000000001,0.833162026331248
0.5700499999999999,0.833162026331248
0.5701000000000001,0.833162026331248
0.5701499999999999,0.833162026331248
0.5702,0.833162026331248
0.5702499999999999,0.8328262076058512
0.5703,0.833162026331248
0.5703499999999999,0.833162026331248
0.5704,0.833162026331248
0.5704499999999999,0.833162026331248
0.5705,0.833162026331248
0.5705499999999999,0.833162026331248
0.5706,0.833162026331248
0.5706500000000001,0.8328262076058525
0.5707,0.833162026331248
0.5707500000000001,0.8328262076058512
0.5708,0.8328262076058512
0.5708500000000001,0.8328262076058512
0.5709,0.833162026331248
0.5709500000000001,0.833162026331248
0.571,0.833162026331248
0.5710500000000001,0.8328262076058512
0.5710999999999999,0.833162026331248
0.57115,0.833162026331248
0.5711999999999999,0.833162026331248
0.57125,0.833162026331248
0.5712999999999999,0.833162026331248
0.57135,0.8334978450566448
0.5713999999999999,0.8331620263312493
0.57145,0.833162026331248
0.5714999999999999,0.833162026331248
0.57155,0.833162026331248
0.5716000000000001,0.8334978450566436
0.57165,0.833162026331248
0.5717000000000001,0.833162026331248
0.57175,0.833162026331248
0.5718000000000001,0.833162026331248
0.57185,0.833162026331248
0.5719000000000001,0.833162026331248
0.57195,0.833162026331248
0.5720000000000001,0.833162026331248
0.5720499999999999,0.833162026331248
0.5721000000000001,0.833162026331248
0.5721499999999999,0.833162026331248
0.5722,0.833162026331248
0.5722499999999999,0.833162026331248
0.5723,0.833162026331248
0.5723499999999999,0.833162026331248
0.5724,0.833162026331248
0.5724499999999999,0.8334978450566436
0.5725,0.8334978450566448
0.5725499999999999,0.8334978450566448
0.5726,0.8334978450566448
0.5726500000000001,0.8334978450566448
0.5727,0.8334978450566448
0.5727500000000001,0.833162026331248
0.5728,0.833162026331248
0.5728500000000001,0.8328262076058512
0.5729,0.8328262076058512
0.5729500000000001,0.8328262076058512
0.573,0.8328262076058512
0.5730500000000001,0.833162026331248
0.5730999999999999,0.833162026331248
0.57315,0.833162026331248
0.5731999999999999,0.833162026331248
0.57325,0.8328262076058512
0.5732999999999999,0.8328262076058512
0.57335,0.8328262076058512
0.5733999999999999,0.8328262076058512
0.57345,0.8328262076058512
0.5734999999999999,0.8328262076058512
0.57355,0.8328262076058512
0.5736000000000001,0.8331620263312468
0.57365,0.8328262076058512
0.5737000000000001,0.833162026331248
0.57375,0.833162026331248
0.5738000000000001,0.8328262076058512
0.57385,0.8328262076058512
0.5739000000000001,0.8328262076058512
0.57395,0.8328262076058512
0.5740000000000001,0.8328262076058512
0.5740499999999999,0.8328262076058512
0.5741000000000001,0.8328262076058512
0.5741499999999999,0.8328262076058512
0.5742,0.8328262076058512
0.5742499999999999,0.8328262076058512
0.5743,0.8328262076058512
0.5743499999999999,0.8328262076058512
0.5744,0.8328262076058512
0.5744499999999999,0.8328262076058512
0.5745,0.8328262076058512
0.5745499999999999,0.8328262076058512
0.5746,0.833162026331248
0.5746500000000001,0.8328262076058512
0.5747,0.8328262076058512
0.5747500000000001,0.8328262076058512
0.5748,0.8328262076058512
0.5748500000000001,0.8328262076058512
0.5749,0.8328262076058512
0.5749500000000001,0.8328262076058512
0.575,0.8324903888804545
0.5750500000000001,0.8328262076058512
0.5750999999999999,0.8328262076058512
0.5751500000000001,0.8328262076058512
0.5751999999999999,0.8328262076058512
0.57525,0.8328262076058512
0.5752999999999999,0.8328262076058512
0.57535,0.8328262076058512
0.5753999999999999,0.8328262076058512
0.57545,0.8328262076058512
0.5754999999999999,0.8328262076058512
0.57555,0.833162026331248
0.5755999999999999,0.8328262076058525
0.57565,0.8328262076058512
0.5757000000000001,0.8328262076058512
0.57575,0.8328262076058512
0.5758000000000001,0.8328262076058512
0.57585,0.8328262076058512
0.5759000000000001,0.8328262076058512
0.57595,0.8328262076058512
0.5760000000000001,0.8328262076058512
0.57605,0.8328262076058512
0.5761000000000001,0.8328262076058512
0.5761499999999999,0.8328262076058512
0.5762,0.8328262076058512
0.5762499999999999,0.8328262076058512
0.5763,0.8328262076058512
0.5763499999999999,0.8328262076058512
0.5764,0.8328262076058512
0.5764499999999999,0.8328262076058512
0.5765,0.8328262076058512
0.5765499999999999,0.8328262076058512
0.5766,0.8328262076058512
0.5766500000000001,0.8328262076058512
0.5767,0.8328262076058512
0.5767500000000001,0.8328262076058512
0.5768,0.8328262076058512
0.5768500000000001,0.833162026331248
0.5769,0.8328262076058512
0.5769500000000001,0.8328262076058512
0.577,0.8328262076058512
0.5770500000000001,0.8328262076058512
0.5770999999999999,0.8328262076058512
0.5771500000000001,0.8328262076058512
0.5771999999999999,0.8328262076058512
0.57725,0.8328262076058512
0.5772999999999999,0.8324903888804545
0.57735,0.8324903888804545
0.5773999999999999,0.8324903888804545
0.57745,0.8324903888804545
0.5774999999999999,0.83282620760585
0.57755,0.8328262076058512
0.5775999999999999,0.8324903888804557
0.57765,0.8328262076058512
0.5777000000000001,0.8328262076058512
0.57775,0.8328262076058512
0.5778000000000001,0.8328262076058512
0.57785,0.8328262076058512
0.5779000000000001,0.8328262076058512
0.57795,0.8328262076058512
0.5780000000000001,0.8328262076058512
0.57805,0.8328262076058512
0.5781000000000001,0.8328262076058512
0.5781499999999999,0.8328262076058512
0.5782,0.8328262076058512
0.5782499999999999,0.8328262076058512
0.5783,0.8328262076058512
0.5783499999999999,0.8328262076058512
0.5784,0.8328262076058512
0.5784499999999999,0.8328262076058512
0.5785,0.8328262076058512
0.5785499999999999,0.8328262076058512
0.5786,0.8328262076058512
0.5786500000000001,0.8328262076058512
0.5787,0.8328262076058512
0.5787500000000001,0.8328262076058512
0.5788,0.8328262076058512
0.5788500000000001,0.8328262076058512
0.5789,0.8328262076058512
0.5789500000000001,0.8328262076058512
0.579,0.8328262076058512
0.5790500000000001,0.8328262076058512
0.5790999999999999,0.8328262076058512
0.5791500000000001,0.8328262076058512
0.5791999999999999,0.8328262076058512
0.57925,0.8328262076058512
0.5792999999999999,0.8328262076058512
0.57935,0.8328262076058512
0.5793999999999999,0.8328262076058512
0.57945,0.8328262076058512
0.5794999999999999,0.8328262076058512
0.57955,0.8328262076058512
0.5795999999999999,0.8328262076058512
0.57965,0.8324903888804545
0.5797000000000001,0.8328262076058512
0.57975,0.8328262076058512
0.5798000000000001,0.8328262076058512
0.57985,0.8328262076058512
0.5799000000000001,0.8328262076058512
0.57995,0.8328262076058512
0.5800000000000001,0.8328262076058512
0.58005,0.8324903888804545
0.5801000000000001,0.8324903888804545
0.5801499999999999,0.8324903888804545
0.5802,0.8328262076058512
0.5802499999999999,0.8328262076058512
0.5803,0.8328262076058512
0.5803499999999999,0.8328262076058512
0.5804,0.8328262076058512
0.5804499999999999,0.8328262076058512
0.5805,0.8328262076058512
0.5805499999999999,0.8328262076058512
0.5806,0.8328262076058512
0.5806500000000001,0.8324903888804557
0.5807,0.8328262076058512
0.5807500000000001,0.8328262076058512
0.5808,0.8328262076058512
0.5808500000000001,0.8328262076058512
0.5809,0.8328262076058512
0.5809500000000001,0.8328262076058512
0.581,0.8328262076058512
0.5810500000000001,0.8328262076058512
0.5810999999999999,0.8328262076058512
0.5811500000000001,0.8328262076058512
0.5811999999999999,0.8328262076058512
0.58125,0.8328262076058512
0.5812999999999999,0.8328262076058512
0.58135,0.8328262076058512
0.5813999999999999,0.8328262076058512
0.58145,0.8328262076058512
0.5814999999999999,0.8328262076058512
0.58155,0.8324903888804545
0.5815999999999999,0.83282620760585
0.58165,0.8324903888804545
0.5817000000000001,0.8324903888804557
0.58175,0.8328262076058512
0.5818000000000001,0.8324903888804545
0.58185,0.8324903888804545
0.5819000000000001,0.8324903888804545
0.58195,0.8324903888804545
0.5820000000000001,0.8324903888804545
0.58205,0.8324903888804545
0.5821000000000001,0.8324903888804545
0.5821499999999999,0.8324903888804545
0.5822000000000001,0.8324903888804545
0.5822499999999999,0.8324903888804545
0.5823,0.8324903888804545
0.5823499999999999,0.8324903888804545
0.5824,0.8324903888804545
0.5824499999999999,0.8324903888804545
0.5825,0.8324903888804545
0.5825499999999999,0.8324903888804545
0.5826,0.8324903888804545
0.5826499999999999,0.8324903888804545
0.5827,0.8324903888804545
0.5827500000000001,0.8324903888804545
0.5828,0.8324903888804545
0.5828500000000001,0.8324903888804545
0.5829,0.8324903888804545
0.5829500000000001,0.8324903888804545
0.583,0.8324903888804545
0.5830500000000001,0.8328262076058512
0.5831,0.8324903888804545
0.5831500000000001,0.8324903888804545
0.5831999999999999,0.8324903888804545
0.58325,0.8324903888804545
0.5832999999999999,0.8324903888804545
0.58335,0.8321545701550577
0.5833999999999999,0.8324903888804545
0.58345,0.8324903888804545
0.5834999999999999,0.8324903888804545
0.58355,0.8324903888804545
0.5835999999999999,0.8324903888804545
0.58365,0.8324903888804545
0.5837000000000001,0.8324903888804545
0.58375,0.8324903888804545
0.5838000000000001,0.8324903888804545
0.58385,0.8324903888804545
0.5839000000000001,0.8324903888804545
0.58395,0.8324903888804545
0.5840000000000001,0.8324903888804545
0.58405,0.8324903888804545
0.5841000000000001,0.8324903888804545
0.5841499999999999,0.8324903888804545
0.5842000000000001,0.8324903888804545
0.5842499999999999,0.8324903888804545
0.5843,0.8324903888804545
0.5843499999999999,0.8324903888804545
0.5844,0.8324903888804545
0.5844499999999999,0.8324903888804545
0.5845,0.8324903888804545
0.5845499999999999,0.8324903888804545
0.5846,0.8324903888804545
0.5846499999999999,0.8324903888804545
0.5847,0.8324903888804545
0.5847500000000001,0.8324903888804545
0.5848,0.8324903888804545
0.5848500000000001,0.8324903888804545
0.5849,0.8324903888804545
0.5849500000000001,0.8324903888804545
0.585,0.8324903888804545
0.5850500000000001,0.8324903888804545
0.5851,0.8328262076058512
0.5851500000000001,0.8324903888804545
0.5851999999999999,0.8324903888804545
0.58525,0.8324903888804545
0.5852999999999999,0.8324903888804545
0.58535,0.8324903888804545
0.5853999999999999,0.8328262076058512
0.58545,0.8324903888804545
0.5854999999999999,0.8324903888804545
0.58555,0.8324903888804545
0.5855999999999999,0.8324903888804545
0.58565,0.8324903888804545
0.5857000000000001,0.83282620760585
0.58575,0.8324903888804545
0.5858000000000001,0.8328262076058512
0.58585,0.8328262076058512
0.5859000000000001,0.8328262076058512
0.58595,0.8328262076058512
0.5860000000000001,0.8328262076058512
0.58605,0.8328262076058512
0.5861000000000001,0.8328262076058512
0.5861499999999999,0.8328262076058512
0.5862000000000001,0.8324903888804545
0.5862499999999999,0.8328262076058512
0.5863,0.8328262076058512
0.5863499999999999,0.8324903888804545
0.5864,0.8324903888804545
0.5864499999999999,0.8324903888804545
0.5865,0.8328262076058512
0.5865499999999999,0.8328262076058512
0.5866,0.8328262076058512
0.5866499999999999,0.8328262076058512
0.5867,0.8328262076058512
0.5867500000000001,0.8328262076058512
0.5868,0.8328262076058512
0.5868500000000001,0.8328262076058512
0.5869,0.8328262076058512
0.5869500000000001,0.8328262076058512
0.587,0.8328262076058512
0.5870500000000001,0.8328262076058512
0.5871,0.8324903888804545
0.5871500000000001,0.8328262076058512
0.5871999999999999,0.8328262076058512
0.58725,0.8328262076058512
0.5872999999999999,0.8328262076058512
0.58735,0.8328262076058512
0.5873999999999999,0.8328262076058512
0.58745,0.8328262076058512
0.5874999999999999,0.8328262076058512
0.58755,0.8328262076058512
0.5875999999999999,0.8328262076058512
0.58765,0.833162026331248
0.5876999999999999,0.833162026331248
0.58775,0.8328262076058512
0.5878000000000001,0.8328262076058525
0.58785,0.833162026331248
0.5879000000000001,0.8328262076058512
0.58795,0.833162026331248
0.5880000000000001,0.8328262076058512
0.58805,0.8328262076058512
0.5881000000000001,0.8328262076058512
0.58815,0.8328262076058512
0.5882000000000001,0.8328262076058512
0.5882499999999999,0.8328262076058512
0.5883,0.833162026331248
0.5883499999999999,0.833162026331248
0.5884,0.833162026331248
0.5884499999999999,0.833162026331248
0.5885,0.833162026331248
0.5885499999999999,0.833162026331248
0.5886,0.833162026331248
0.5886499999999999,0.8334978450566436
0.5887,0.833162026331248
0.5887500000000001,0.833162026331248
0.5888,0.833162026331248
0.5888500000000001,0.833162026331248
0.5889,0.833162026331248
0.5889500000000001,0.833162026331248
0.589,0.833162026331248
0.5890500000000001,0.833162026331248
0.5891,0.8328262076058512
0.5891500000000001,0.833162026331248
0.5891999999999999,0.833162026331248
0.5892500000000001,0.833162026331248
0.5892999999999999,0.833162026331248
0.58935,0.8334978450566448
0.5893999999999999,0.833162026331248
0.58945,0.833162026331248
0.5894999999999999,0.833162026331248
0.58955,0.833162026331248
0.5895999999999999,0.833162026331248
0.58965,0.833162026331248
0.5896999999999999,0.833162026331248
0.58975,0.833162026331248
0.5898000000000001,0.833162026331248
0.58985,0.833162026331248
0.5899000000000001,0.833162026331248
0.58995,0.833162026331248
0.5900000000000001,0.8328262076058512
0.59005,0.833162026331248
0.5901000000000001,0.833162026331248
0.59015,0.833162026331248
0.5902000000000001,0.833162026331248
0.5902499999999999,0.833162026331248
0.5903,0.833162026331248
0.5903499999999999,0.833162026331248
0.5904,0.8334978450566448
0.5904499999999999,0.833162026331248
0.5905,0.833162026331248
0.5905499999999999,0.833162026331248
0.5906,0.833162026331248
0.5906499999999999,0.833162026331248
0.5907,0.833162026331248
0.5907500000000001,0.833162026331248
0.5908,0.833162026331248
0.5908500000000001,0.833162026331248
0.5909,0.833162026331248
0.5909500000000001,0.833162026331248
0.591,0.833162026331248
0.5910500000000001,0.833162026331248
0.5911,0.833162026331248
0.5911500000000001,0.833162026331248
0.5911999999999999,0.833162026331248
0.5912500000000001,0.833162026331248
0.5912999999999999,0.833162026331248
0.59135,0.8334978450566448
0.5913999999999999,0.833162026331248
0.59145,0.833162026331248
0.5914999999999999,0.833162026331248
0.59155,0.833162026331248
0.5915999999999999,0.833162026331248
0.59165,0.833162026331248
0.5916999999999999,0.833162026331248
0.59175,0.833162026331248
0.5918000000000001,0.833162026331248
0.59185,0.833162026331248
0.5919000000000001,0.8331620263312493
0.59195,0.8334978450566448
0.5920000000000001,0.8334978450566448
0.59205,0.833162026331248
0.5921000000000001,0.833162026331248
0.59215,0.833162026331248
0.5922000000000001,0.8334978450566448
0.5922499999999999,0.8334978450566448
0.5923,0.8334978450566448
0.5923499999999999,0.8334978450566448
0.5924,0.833162026331248
0.5924499999999999,0.833162026331248
0.5925,0.8334978450566448
0.5925499999999999,0.8334978450566448
0.5926,0.8334978450566448
0.5926499999999999,0.8331620263312493
0.5927,0.833162026331248
0.5927500000000001,0.833162026331248
0.5928,0.833162026331248
0.5928500000000001,0.8328262076058525
0.5929,0.833162026331248
0.5929500000000001,0.833162026331248
0.593,0.8328262076058512
0.5930500000000001,0.8328262076058512
0.5931,0.8328262076058512
0.5931500000000001,0.833162026331248
0.5931999999999999,0.8328262076058512
0.5932500000000001,0.833162026331248
0.5932999999999999,0.8328262076058512
0.59335,0.8328262076058512
0.5933999999999999,0.8328262076058512
0.59345,0.8328262076058512
0.5934999999999999,0.833162026331248
0.59355,0.833162026331248
0.5935999999999999,0.833162026331248
0.59365,0.8328262076058512
0.5936999999999999,0.8328262076058512
0.59375,0.8328262076058512
0.5938000000000001,0.8328262076058512
0.59385,0.8328262076058512
0.5939000000000001,0.8328262076058525
0.59395,0.833162026331248
0.5940000000000001,0.833162026331248
0.59405,0.8328262076058512
0.5941000000000001,0.8328262076058512
0.59415,0.833162026331248
0.5942000000000001,0.833162026331248
0.5942499999999999,0.833162026331248
0.5943000000000001,0.833162026331248
0.5943499999999999,0.833162026331248
0.5944,0.8328262076058512
0.5944499999999999,0.833162026331248
0.5945,0.833162026331248
0.5945499999999999,0.833162026331248
0.5946,0.833162026331248
0.5946499999999999,0.8328262076058525
0.5947,0.833162026331248
0.5947499999999999,0.833162026331248
0.5948,0.833162026331248
0.5948500000000001,0.8328262076058512
0.5949,0.8328262076058512
0.5949500000000001,0.833162026331248
0.595,0.8328262076058512
0.5950500000000001,0.8328262076058512
0.5951,0.8328262076058512
0.5951500000000001,0.8328262076058512
0.5952,0.833162026331248
0.5952500000000001,0.8328262076058512
0.5952999999999999,0.8328262076058512
0.59535,0.8328262076058512
0.5953999999999999,0.8328262076058512
0.59545,0.8328262076058512
0.5954999999999999,0.8328262076058512
0.59555,0.8328262076058512
0.5955999999999999,0.8328262076058512
0.59565,0.833162026331248
0.5956999999999999,0.8328262076058525
0.59575,0.833162026331248
0.5958000000000001,0.8328262076058512
0.59585,0.8328262076058512
0.5959000000000001,0.8328262076058512
0.59595,0.8328262076058512
0.5960000000000001,0.8328262076058512
0.59605,0.8328262076058512
0.5961000000000001,0.8328262076058512
0.59615,0.8328262076058512
0.5962000000000001,0.8328262076058512
0.5962499999999999,0.833162026331248
0.5963000000000001,0.8328262076058512
0.5963499999999999,0.8328262076058512
0.5964,0.833162026331248
0.5964499999999999,0.833162026331248
0.5965,0.833162026331248
0.5965499999999999,0.8328262076058512
0.5966,0.833162026331248
0.5966499999999999,0.833162026331248
0.5967,0.8328262076058512
0.5967499999999999,0.8328262076058512
0.5968,0.8328262076058512
0.5968500000000001,0.8331620263312468
0.5969,0.8328262076058512
0.5969500000000001,0.8328262076058512
0.597,0.8328262076058512
0.5970500000000001,0.8328262076058512
0.5971,0.8328262076058512
0.5971500000000001,0.8328262076058512
0.5972,0.8328262076058512
0.5972500000000001,0.8328262076058512
0.5972999999999999,0.8328262076058512
0.59735,0.8328262076058512
0.5973999999999999,0.8328262076058512
0.59745,0.833162026331248
0.5974999999999999,0.833162026331248
0.59755,0.8328262076058512
0.5975999999999999,0.8328262076058512
0.59765,0.8328262076058512
0.5976999999999999,0.8328262076058512
0.59775,0.8328262076058512
0.5978000000000001,0.8328262076058512
0.59785,0.8328262076058512
0.5979000000000001,0.8328262076058512
0.59795,0.8328262076058512
0.5980000000000001,0.8328262076058512
0.59805,0.8328262076058512
0.5981000000000001,0.8328262076058512
0.59815,0.8328262076058512
0.5982000000000001,0.8328262076058512
0.5982499999999999,0.8328262076058512
0.5983000000000001,0.8328262076058512
0.5983499999999999,0.8328262076058512
0.5984,0.8328262076058512
0.5984499999999999,0.8328262076058512
0.5985,0.8328262076058512
0.5985499999999999,0.833162026331248
0.5986,0.8328262076058512
0.5986499999999999,0.8328262076058512
0.5987,0.8328262076058512
0.5987499999999999,0.8328262076058512
0.5988,0.8328262076058512
0.5988500000000001,0.8328262076058512
0.5989,0.8328262076058512
0.5989500000000001,0.8331620263312468
0.599,0.8328262076058512
0.5990500000000001,0.8328262076058512
0.5991,0.8328262076058512
0.5991500000000001,0.833162026331248
0.5992,0.8328262076058512
0.5992500000000001,0.8328262076058512
0.5992999999999999,0.8328262076058512
0.59935,0.8328262076058512
0.5993999999999999,0.8328262076058512
0.59945,0.833162026331248
0.5994999999999999,0.833162026331248
0.59955,0.8328262076058512
0.5995999999999999,0.8328262076058512
0.59965,0.8328262076058512
0.5996999999999999,0.8328262076058512
0.59975,0.8328262076058512
0.5998000000000001,0.8328262076058512
0.59985,0.8328262076058512
0.5999000000000001,0.8328262076058512
0.59995,0.8328262076058512
0.6000000000000001,0.8328262076058512
0.60005,0.8328262076058512
0.6001000000000001,0.8328262076058512
0.60015,0.8328262076058512
0.6002000000000001,0.8328262076058512
0.60025,0.8328262076058512
0.6003000000000001,0.8328262076058512
0.6003499999999999,0.8328262076058512
0.6004,0.8328262076058512
0.6004499999999999,0.8328262076058512
0.6005,0.8328262076058512
0.6005499999999999,0.8324903888804545
0.6006,0.8328262076058512
0.6006499999999999,0.8328262076058512
0.6007,0.8328262076058512
0.6007499999999999,0.8328262076058512
0.6008,0.8328262076058512
0.6008500000000001,0.8328262076058512
0.6009,0.8328262076058512
0.6009500000000001,0.8328262076058512
0.601,0.8328262076058512
0.6010500000000001,0.8328262076058512
0.6011,0.8328262076058512
0.6011500000000001,0.8328262076058512
0.6012,0.8328262076058512
0.6012500000000001,0.833162026331248
0.6012999999999999,0.8328262076058512
0.6013500000000001,0.8328262076058512
0.6013999999999999,0.8328262076058512
0.60145,0.8328262076058512
0.6014999999999999,0.8324903888804545
0.60155,0.8324903888804545
0.6015999999999999,0.8324903888804545
0.60165,0.8324903888804545
0.6016999999999999,0.83282620760585
0.60175,0.8328262076058512
0.6017999999999999,0.8328262076058512
0.60185,0.8324903888804545
0.6019000000000001,0.8324903888804545
0.60195,0.8324903888804545
0.6020000000000001,0.8324903888804545
0.60205,0.8324903888804545
0.6021000000000001,0.8324903888804545
0.60215,0.8324903888804545
0.6022000000000001,0.8324903888804545
0.60225,0.8324903888804545
0.6023000000000001,0.8324903888804545
0.6023499999999999,0.8324903888804545
0.6024,0.8324903888804545
0.6024499999999999,0.8324903888804545
0.6025,0.8324903888804545
0.6025499999999999,0.8324903888804545
0.6026,0.8324903888804545
0.6026499999999999,0.8324903888804545
0.6027,0.8324903888804545
0.6027499999999999,0.8324903888804545
0.6028,0.8324903888804545
0.6028500000000001,0.8324903888804545
0.6029,0.8324903888804545
0.6029500000000001,0.8324903888804557
0.603,0.8328262076058512
0.6030500000000001,0.8324903888804545
0.6031,0.8324903888804545
0.6031500000000001,0.8324903888804545
0.6032,0.8324903888804545
0.6032500000000001,0.8324903888804545
0.6032999999999999,0.8324903888804545
0.6033500000000001,0.8324903888804545
0.6033999999999999,0.8324903888804545
0.60345,0.8324903888804545
0.6034999999999999,0.8324903888804545
0.60355,0.8324903888804545
0.6035999999999999,0.8324903888804545
0.60365,0.8324903888804545
0.6036999999999999,0.8324903888804545
0.60375,0.8324903888804545
0.6037999999999999,0.8324903888804545
0.60385,0.8324903888804545
0.6039000000000001,0.8324903888804545
0.60395,0.8324903888804545
0.6040000000000001,0.8324903888804545
0.60405,0.8324903888804545
0.6041000000000001,0.8324903888804545
0.60415,0.8324903888804545
0.6042000000000001,0.8324903888804545
0.60425,0.8328262076058512
0.6043000000000001,0.8328262076058512
0.6043499999999999,0.8324903888804545
0.6044,0.8328262076058512
0.6044499999999999,0.8324903888804545
0.6045,0.8324903888804545
0.6045499999999999,0.8324903888804545
0.6046,0.8324903888804545
0.6046499999999999,0.8324903888804545
0.6047,0.8324903888804545
0.6047499999999999,0.8321545701550589
0.6048,0.8321545701550577
0.6048500000000001,0.8324903888804545
0.6049,0.8324903888804545
0.6049500000000001,0.8324903888804545
0.605,0.8324903888804545
0.6050500000000001,0.8324903888804545
0.6051,0.8324903888804545
0.6051500000000001,0.8324903888804545
0.6052,0.8324903888804545
0.6052500000000001,0.8324903888804545
0.6052999999999999,0.8324903888804545
0.6053500000000001,0.8324903888804545
0.6053999999999999,0.8324903888804545
0.60545,0.8328262076058512
0.6054999999999999,0.8324903888804545
0.60555,0.8328262076058512
0.6055999999999999,0.8324903888804545
0.60565,0.8324903888804545
0.6056999999999999,0.8324903888804545
0.60575,0.8328262076058512
0.6057999999999999,0.8324903888804557
0.60585,0.8328262076058512
0.6059000000000001,0.8324903888804557
0.60595,0.8328262076058512
0.6060000000000001,0.8324903888804557
0.60605,0.8328262076058512
0.6061000000000001,0.8328262076058512
0.60615,0.8328262076058512
0.6062000000000001,0.8328262076058512
0.60625,0.8324903888804545
0.6063000000000001,0.8328262076058512
0.6063499999999999,0.8324903888804545
0.6064000000000001,0.8328262076058512
0.6064499999999999,0.8324903888804545
0.6065,0.8328262076058512
0.6065499999999999,0.8328262076058512
0.6066,0.8324903888804545
0.6066499999999999,0.8328262076058512
0.6067,0.8328262076058512
0.6067499999999999,0.8328262076058512
0.6068,0.8324903888804545
0.6068499999999999,0.83282620760585
0.6069,0.8328262076058512
0.6069500000000001,0.8328262076058512
0.607,0.8328262076058512
0.6070500000000001,0.8328262076058512
0.6071,0.8328262076058512
0.6071500000000001,0.8328262076058512
0.6072,0.8328262076058512
0.6072500000000001,0.8328262076058512
0.6073,0.8328262076058512
0.6073500000000001,0.8328262076058512
0.6073999999999999,0.8328262076058512
0.60745,0.8328262076058512
0.6074999999999999,0.8328262076058512
0.60755,0.8328262076058512
0.6075999999999999,0.8328262076058512
0.60765,0.8328262076058512
0.6076999999999999,0.8328262076058512
0.60775,0.8328262076058512
0.6077999999999999,0.8328262076058512
0.60785,0.8324903888804545
0.6079000000000001,0.8328262076058512
0.60795,0.8328262076058512
0.6080000000000001,0.8328262076058512
0.60805,0.8328262076058512
0.6081000000000001,0.8328262076058512
0.60815,0.8328262076058512
0.6082000000000001,0.8328262076058512
0.60825,0.8328262076058512
0.6083000000000001,0.8328262076058512
0.6083499999999999,0.833162026331248
0.6084000000000001,0.833162026331248
0.6084499999999999,0.833162026331248
0.6085,0.833162026331248
0.6085499999999999,0.833162026331248
0.6086,0.833162026331248
0.6086499999999999,0.833162026331248
0.6087,0.833162026331248
0.6087499999999999,0.8328262076058525
0.6088,0.833162026331248
0.6088499999999999,0.833162026331248
0.6089,0.833162026331248
0.6089500000000001,0.833162026331248
0.609,0.833162026331248
0.6090500000000001,0.833162026331248
0.6091,0.833162026331248
0.6091500000000001,0.833162026331248
0.6092,0.833162026331248
0.6092500000000001,0.833162026331248
0.6093,0.833162026331248
0.6093500000000001,0.833162026331248
0.6093999999999999,0.833162026331248
0.60945,0.833162026331248
0.6094999999999999,0.833162026331248
0.60955,0.833162026331248
0.6095999999999999,0.833162026331248
0.60965,0.833162026331248
0.6096999999999999,0.833162026331248
0.60975,0.833162026331248
0.6097999999999999,0.833162026331248
0.60985,0.833162026331248
0.6099000000000001,0.833162026331248
0.60995,0.833162026331248
0.6100000000000001,0.833162026331248
0.61005,0.833162026331248
0.6101000000000001,0.833162026331248
0.61015,0.8328262076058512
0.6102000000000001,0.833162026331248
0.61025,0.833162026331248
0.6103000000000001,0.833162026331248
0.6103499999999999,0.833162026331248
0.6104000000000001,0.8334978450566448
0.6104499999999999,0.833162026331248
0.6105,0.833162026331248
0.6105499999999999,0.833162026331248
0.6106,0.833162026331248
0.6106499999999999,0.833162026331248
0.6107,0.833162026331248
0.6107499999999999,0.833162026331248
0.6108,0.833162026331248
0.6108499999999999,0.833162026331248
0.6109,0.8328262076058512
0.6109500000000001,0.833162026331248
0.611,0.833162026331248
0.6110500000000001,0.833162026331248
0.6111,0.833162026331248
0.6111500000000001,0.833162026331248
0.6112,0.833162026331248
0.6112500000000001,0.833162026331248
0.6113,0.833162026331248
0.6113500000000001,0.833162026331248
0.6113999999999999,0.8334978450566448
0.61145,0.8334978450566448
0.6114999999999999,0.8334978450566448
0.61155,0.8334978450566448
0.6115999999999999,0.833162026331248
0.61165,0.833162026331248
0.6116999999999999,0.8334978450566448
0.61175,0.8334978450566448
0.6117999999999999,0.8334978450566448
0.61185,0.833162026331248
0.6119000000000001,0.8334978450566448
0.61195,0.8334978450566448
0.6120000000000001,0.8334978450566436
0.61205,0.833162026331248
0.6121000000000001,0.8334978450566448
0.61215,0.8334978450566448
0.6122000000000001,0.8334978450566448
0.61225,0.833162026331248
0.6123000000000001,0.8334978450566448
0.6123499999999999,0.833162026331248
0.6124000000000001,0.833162026331248
0.6124499999999999,0.833162026331248
0.6125,0.833162026331248
0.6125499999999999,0.8334978450566448
0.6126,0.8334978450566448
0.6126499999999999,0.8334978450566448
0.6127,0.8334978450566448
0.6127499999999999,0.8331620263312493
0.6128,0.833162026331248
0.6128499999999999,0.833162026331248
0.6129,0.833162026331248
0.6129500000000001,0.833162026331248
0.613,0.833162026331248
0.6130500000000001,0.8328262076058512
0.6131,0.8328262076058512
0.6131500000000001,0.8328262076058512
0.6132,0.8328262076058512
0.6132500000000001,0.833162026331248
0.6133,0.8328262076058512
0.6133500000000001,0.8328262076058512
0.6133999999999999,0.8328262076058512
0.6134500000000001,0.8328262076058512
0.6134999999999999,0.833162026331248
0.61355,0.833162026331248
0.6135999999999999,0.833162026331248
0.61365,0.8328262076058512
0.6136999999999999,0.8328262076058512
0.61375,0.8328262076058512
0.6137999999999999,0.8328262076058512
0.61385,0.8328262076058512
0.6138999999999999,0.8328262076058512
0.61395,0.8328262076058512
0.6140000000000001,0.8328262076058525
0.61405,0.833162026331248
0.6141000000000001,0.8328262076058512
0.61415,0.8328262076058512
0.6142000000000001,0.833162026331248
0.61425,0.833162026331248
0.6143000000000001,0.8328262076058512
0.61435,0.8328262076058512
0.6144000000000001,0.8328262076058512
0.6144499999999999,0.8328262076058512
0.6145,0.8328262076058512
0.6145499999999999,0.833162026331248
0.6146,0.833162026331248
0.6146499999999999,0.8328262076058512
0.6147,0.8328262076058512
0.6147499999999999,0.8328262076058512
0.6148,0.8328262076058512
0.6148499999999999,0.8328262076058512
0.6149,0.8328262076058512
0.6149500000000001,0.8328262076058512
0.615,0.8328262076058512
0.6150500000000001,0.8328262076058512
0.6151,0.8328262076058512
0.6151500000000001,0.8328262076058512
0.6152,0.833162026331248
0.6152500000000001,0.833162026331248
0.6153,0.833162026331248
0.6153500000000001,0.833162026331248
0.6153999999999999,0.8328262076058512
0.6154500000000001,0.8328262076058512
0.6154999999999999,0.8328262076058512
0.61555,0.833162026331248
0.6155999999999999,0.8328262076058512
0.61565,0.8328262076058512
0.6156999999999999,0.8328262076058512
0.61575,0.8328262076058512
0.6157999999999999,0.8328262076058512
0.61585,0.8328262076058512
0.6158999999999999,0.8328262076058512
0.61595,0.8328262076058512
0.6160000000000001,0.8328262076058512
0.61605,0.8328262076058512
0.6161000000000001,0.8328262076058512
0.61615,0.8328262076058512
0.6162000000000001,0.8328262076058512
0.61625,0.833162026331248
0.6163000000000001,0.8328262076058512
0.61635,0.8328262076058512
0.6164000000000001,0.8328262076058512
0.6164499999999999,0.8328262076058512
0.6165,0.8328262076058512
0.6165499999999999,0.8328262076058512
0.6166,0.8328262076058512
0.6166499999999999,0.8328262076058512
0.6167,0.8328262076058512
0.6167499999999999,0.833162026331248
0.6168,0.8328262076058512
0.6168499999999999,0.8331620263312468
0.6169,0.833162026331248
0.6169500000000001,0.8328262076058512
0.617,0.8328262076058512
0.6170500000000001,0.8331620263312468
0.6171,0.8328262076058512
0.6171500000000001,0.8328262076058512
0.6172,0.833162026331248
0.6172500000000001,0.8328262076058512
0.6173,0.8328262076058512
0.6173500000000001,0.8328262076058512
0.6173999999999999,0.833162026331248
0.6174500000000001,0.8328262076058512
0.6174999999999999,0.833162026331248
0.61755,0.8328262076058512
0.6175999999999999,0.8328262076058512
0.61765,0.8328262076058512
0.6176999999999999,0.8328262076058512
0.61775,0.8328262076058512
0.6177999999999999,0.8328262076058512
0.61785,0.8328262076058512
0.6178999999999999,0.8328262076058512
0.61795,0.8328262076058512
0.6180000000000001,0.8328262076058512
0.61805,0.8328262076058512
0.6181000000000001,0.8328262076058512
0.61815,0.8328262076058512
0.6182000000000001,0.8328262076058512
0.61825,0.8328262076058512
0.6183000000000001,0.8328262076058512
0.61835,0.8328262076058512
0.6184000000000001,0.8328262076058512
0.6184499999999999,0.8328262076058512
0.6185,0.8328262076058512
0.6185499999999999,0.8328262076058512
0.6186,0.8328262076058512
0.6186499999999999,0.8328262076058512
0.6187,0.8328262076058512
0.6187499999999999,0.8328262076058512
0.6188,0.833162026331248
0.6188499999999999,0.833162026331248
0.6189,0.8328262076058512
0.6189499999999999,0.8328262076058512
0.619,0.8328262076058512
0.6190500000000001,0.8328262076058512
0.6191,0.8328262076058512
0.6191500000000001,0.8328262076058512
0.6192,0.8328262076058512
0.6192500000000001,0.8328262076058512
0.6193,0.8328262076058512
0.6193500000000001,0.8328262076058512
0.6194,0.8328262076058512
0.6194500000000001,0.8328262076058512
0.6194999999999999,0.8328262076058512
0.61955,0.8328262076058512
0.6195999999999999,0.8328262076058512
0.61965,0.8328262076058512
0.6196999999999999,0.833162026331248
0.61975,0.8328262076058512
0.6197999999999999,0.8328262076058512
0.61985,0.8328262076058512
0.6198999999999999,0.8328262076058512
0.61995,0.8328262076058512
0.6200000000000001,0.8328262076058525
0.62005,0.833162026331248
0.6201000000000001,0.8328262076058512
0.62015,0.8328262076058512
0.6202000000000001,0.8328262076058512
0.62025,0.8328262076058512
0.6203000000000001,0.8328262076058512
0.62035,0.8328262076058512
0.6204000000000001,0.8328262076058512
0.6204499999999999,0.8328262076058512
0.6205000000000001,0.8328262076058512
0.6205499999999999,0.8328262076058512
0.6206,0.8328262076058512
0.6206499999999999,0.8328262076058512
0.6207,0.8328262076058512
0.6207499999999999,0.833162026331248
0.6208,0.833162026331248
0.6208499999999999,0.833162026331248
0.6209,0.833162026331248
0.6209499999999999,0.833162026331248
0.621,0.8328262076058512
0.6210500000000001,0.8328262076058512
0.6211,0.8328262076058512
0.6211500000000001,0.8328262076058512
0.6212,0.8328262076058512
0.6212500000000001,0.833162026331248
0.6213,0.8328262076058512
0.6213500000000001,0.8328262076058512
0.6214,0.8328262076058512
0.6214500000000001,0.8328262076058512
0.6214999999999999,0.8328262076058512
0.62155,0.8328262076058512
0.6215999999999999,0.8324903888804545
0.62165,0.8328262076058512
0.6216999999999999,0.8328262076058512
0.62175,0.8324903888804545
0.6217999999999999,0.8324903888804545
0.62185,0.8324903888804545
0.6218999999999999,0.83282620760585
0.62195,0.8328262076058512
0.6220000000000001,0.8324903888804545
0.62205,0.8324903888804545
0.6221000000000001,0.8324903888804545
0.62215,0.8324903888804545
0.6222000000000001,0.8324903888804545
0.62225,0.8324903888804545
0.6223000000000001,0.8328262076058512
0.62235,0.8324903888804545
0.6224000000000001,0.8328262076058512
0.6224499999999999,0.8324903888804545
0.6225000000000001,0.8324903888804545
0.6225499999999999,0.8324903888804545
0.6226,0.8324903888804545
0.6226499999999999,0.8324903888804545
0.6227,0.8324903888804545
0.6227499999999999,0.8324903888804545
0.6228,0.8324903888804545
0.6228499999999999,0.8324903888804545
0.6229,0.8324903888804545
0.6229499999999999,0.8324903888804545
0.623,0.8324903888804545
0.6230500000000001,0.83282620760585
0.6231,0.8324903888804545
0.6231500000000001,0.8324903888804545
0.6232,0.8324903888804545
0.6232500000000001,0.8324903888804545
0.6233,0.8324903888804545
0.6233500000000001,0.8324903888804545
0.6234,0.8324903888804545
0.6234500000000001,0.8324903888804545
0.6234999999999999,0.8324903888804545
0.62355,0.8324903888804545
0.6235999999999999,0.8324903888804545
0.62365,0.8324903888804545
0.6236999999999999,0.8324903888804545
0.62375,0.8324903888804545
0.6237999999999999,0.8324903888804545
0.62385,0.8324903888804545
0.6238999999999999,0.8324903888804545
0.62395,0.8324903888804545
0.6240000000000001,0.8324903888804545
0.62405,0.8324903888804545
0.6241000000000001,0.8324903888804545
0.62415,0.8324903888804545
0.6242000000000001,0.8324903888804545
0.62425,0.8328262076058512
0.6243000000000001,0.8328262076058512
0.62435,0.8324903888804545
0.6244000000000001,0.8324903888804545
0.6244499999999999,0.8324903888804545
0.6245000000000001,0.8324903888804545
0.6245499999999999,0.8324903888804545
0.6246,0.8324903888804545
0.6246499999999999,0.8324903888804545
0.6247,0.8324903888804545
0.6247499999999999,0.8324903888804545
0.6248,0.8324903888804545
0.6248499999999999,0.8324903888804545
0.6249,0.8324903888804545
0.6249499999999999,0.8324903888804545
0.625,0.8324903888804545
0.6250500000000001,0.8324903888804545
0.6251,0.8324903888804545
0.6251500000000001,0.8324903888804545
0.6252,0.8324903888804545
0.6252500000000001,0.8324903888804545
0.6253,0.8324903888804545
0.6253500000000001,0.8328262076058512
0.6254,0.8324903888804545
0.6254500000000001,0.8324903888804545
0.6254999999999999,0.8324903888804545
0.6255500000000001,0.8324903888804545
0.6255999999999999,0.8324903888804545
0.62565,0.8324903888804545
0.6256999999999999,0.8324903888804545
0.62575,0.8328262076058512
0.6257999999999999,0.8328262076058512
0.62585,0.8328262076058512
0.6258999999999999,0.8328262076058512
0.62595,0.8328262076058512
0.6259999999999999,0.8328262076058512
0.62605,0.8324903888804545
0.6261000000000001,0.8328262076058512
0.62615,0.8328262076058512
0.6262000000000001,0.8324903888804545
0.62625,0.8328262076058512
0.6263000000000001,0.8328262076058512
0.62635,0.8328262076058512
0.6264000000000001,0.8324903888804545
0.62645,0.8324903888804545
0.6265000000000001,0.8324903888804545
0.6265499999999999,0.8328262076058512
0.6266,0.8324903888804545
0.6266499999999999,0.8324903888804545
0.6267,0.8328262076058512
0.6267499999999999,0.8324903888804545
0.6268,0.8324903888804545
0.6268499999999999,0.83282620760585
0.6269,0.8328262076058512
0.6269499999999999,0.8328262076058512
0.627,0.8328262076058512
0.6270500000000001,0.8328262076058512
0.6271,0.8328262076058512
0.6271500000000001,0.8328262076058512
0.6272,0.8328262076058512
0.6272500000000001,0.8328262076058512
0.6273,0.8328262076058512
0.6273500000000001,0.8328262076058512
0.6274,0.8328262076058512
0.6274500000000001,0.8328262076058512
0.6274999999999999,0.8328262076058512
0.6275500000000001,0.8328262076058512
0.6275999999999999,0.8328262076058512
0.62765,0.8328262076058512
0.6276999999999999,0.8328262076058512
0.62775,0.8328262076058512
0.6277999999999999,0.8328262076058512
0.62785,0.8328262076058512
0.6278999999999999,0.8328262076058512
0.62795,0.8328262076058512
0.6279999999999999,0.8328262076058512
0.62805,0.8328262076058512
0.6281000000000001,0.8328262076058512
0.62815,0.8328262076058512
0.6282000000000001,0.8328262076058512
0.62825,0.8328262076058512
0.6283000000000001,0.833162026331248
0.62835,0.833162026331248
0.6284000000000001,0.833162026331248
0.62845,0.8328262076058512
0.6285000000000001,0.833162026331248
0.6285499999999999,0.833162026331248
0.6286,0.833162026331248
0.6286499999999999,0.833162026331248
0.6287,0.833162026331248
0.6287499999999999,0.833162026331248
0.6288,0.833162026331248
0.6288499999999999,0.833162026331248
0.6289,0.833162026331248
0.6289499999999999,0.8328262076058525
0.629,0.8328262076058512
0.6290500000000001,0.833162026331248
0.6291,0.833162026331248
0.6291500000000001,0.833162026331248
0.6292,0.833162026331248
0.6292500000000001,0.833162026331248
0.6293,0.833162026331248
0.6293500000000001,0.833162026331248
0.6294,0.833162026331248
0.6294500000000001,0.833162026331248
0.6294999999999999,0.833162026331248
0.6295500000000001,0.833162026331248
0.6295999999999999,0.833162026331248
0.62965,0.833162026331248
0.6296999999999999,0.833162026331248
0.62975,0.833162026331248
0.6297999999999999,0.833162026331248
0.62985,0.833162026331248
0.6298999999999999,0.833162026331248
0.62995,0.833162026331248
0.6299999999999999,0.833162026331248
0.63005,0.833162026331248
0.6301000000000001,0.833162026331248
0.63015,0.833162026331248
0.6302000000000001,0.8334978450566448
0.63025,0.8334978450566448
0.6303000000000001,0.833162026331248
0.63035,0.833162026331248
0.6304000000000001,0.833162026331248
0.63045,0.833162026331248
0.6305000000000001,0.833162026331248
0.6305499999999999,0.833162026331248
0.6306,0.833162026331248
0.6306499999999999,0.833162026331248
0.6307,0.833162026331248
0.6307499999999999,0.833162026331248
0.6308,0.833162026331248
0.6308499999999999,0.833162026331248
0.6309,0.833162026331248
0.6309499999999999,0.833162026331248
0.631,0.833162026331248
0.6310500000000001,0.833162026331248
0.6311,0.833162026331248
0.6311500000000001,0.833162026331248
0.6312,0.833162026331248
0.6312500000000001,0.833162026331248
0.6313,0.833162026331248
0.6313500000000001,0.833162026331248
0.6314,0.833162026331248
0.6314500000000001,0.833162026331248
0.6315,0.833162026331248
0.6315500000000001,0.833162026331248
0.6315999999999999,0.833162026331248
0.63165,0.8334978450566448
0.6316999999999999,0.833162026331248
0.63175,0.833162026331248
0.6317999999999999,0.833162026331248
0.63185,0.833162026331248
0.6318999999999999,0.8334978450566436
0.63195,0.833162026331248
0.6319999999999999,0.8334978450566436
0.63205,0.8334978450566448
0.6321000000000001,0.8334978450566448
0.63215,0.8334978450566448
0.6322000000000001,0.8334978450566448
0.63225,0.8334978450566448
0.6323000000000001,0.8334978450566448
0.63235,0.8334978450566448
0.6324000000000001,0.8334978450566448
0.63245,0.833162026331248
0.6325000000000001,0.8334978450566448
0.6325499999999999,0.833162026331248
0.6326000000000001,0.8334978450566448
0.6326499999999999,0.8334978450566448
0.6327,0.8334978450566448
0.6327499999999999,0.833162026331248
0.6328,0.833162026331248
0.6328499999999999,0.833162026331248
0.6329,0.833162026331248
0.6329499999999999,0.833162026331248
0.633,0.833162026331248
0.6330499999999999,0.8328262076058525
0.6331,0.833162026331248
0.6331500000000001,0.833162026331248
0.6332,0.833162026331248
0.6332500000000001,0.833162026331248
0.6333,0.8328262076058512
0.6333500000000001,0.833162026331248
0.6334,0.833162026331248
0.6334500000000001,0.833162026331248
0.6335,0.833162026331248
0.6335500000000001,0.833162026331248
0.6335999999999999,0.8328262076058512
0.63365,0.8328262076058512
0.6336999999999999,0.833162026331248
0.63375,0.833162026331248
0.6337999999999999,0.833162026331248
0.63385,0.833162026331248
0.6338999999999999,0.8328262076058525
0.63395,0.833162026331248
0.6339999999999999,0.8328262076058525
0.63405,0.8328262076058512
0.6341000000000001,0.8328262076058512
0.63415,0.8328262076058512
0.6342000000000001,0.8328262076058512
0.63425,0.8328262076058512
0.6343000000000001,0.8328262076058512
0.63435,0.833162026331248
0.6344000000000001,0.8328262076058512
0.63445,0.8328262076058512
0.6345000000000001,0.8328262076058512
0.6345499999999999,0.833162026331248
0.6346000000000001,0.8328262076058512
0.6346499999999999,0.8328262076058512
0.6347,0.8328262076058512
0.6347499999999999,0.8328262076058512
0.6348,0.8328262076058512
0.6348499999999999,0.8328262076058512
0.6349,0.833162026331248
0.6349499999999999,0.833162026331248
0.635,0.8328262076058512
0.6350499999999999,0.8328262076058512
0.6351,0.8328262076058512
0.6351500000000001,0.8331620263312468
0.6352,0.8328262076058512
0.6352500000000001,0.8331620263312468
0.6353,0.8328262076058512
0.6353500000000001,0.8328262076058512
0.6354,0.833162026331248
0.6354500000000001,0.8328262076058512
0.6355,0.8328262076058512
0.6355500000000001,0.833162026331248
0.6355999999999999,0.833162026331248
0.63565,0.833162026331248
0.6356999999999999,0.833162026331248
0.63575,0.8328262076058512
0.6357999999999999,0.8328262076058512
0.63585,0.8328262076058512
0.6358999999999999,0.8328262076058512
0.63595,0.8328262076058512
0.6359999999999999,0.8328262076058512
0.63605,0.8328262076058512
0.6361000000000001,0.8331620263312468
0.63615,0.8328262076058512
0.6362000000000001,0.8328262076058512
0.63625,0.8328262076058512
0.6363000000000001,0.8328262076058512
0.63635,0.833162026331248
0.6364000000000001,0.8328262076058512
0.63645,0.8328262076058512
0.6365000000000001,0.8328262076058512
0.6365499999999999,0.8328262076058512
0.6366000000000001,0.8328262076058512
0.6366499999999999,0.8328262076058512
0.6367,0.8328262076058512
0.6367499999999999,0.8328262076058512
0.6368,0.8328262076058512
0.6368499999999999,0.8328262076058512
0.6369,0.8328262076058512
0.6369499999999999,0.8331620263312468
0.637,0.833162026331248
0.6370499999999999,0.8328262076058525
0.6371,0.8328262076058512
0.6371500000000001,0.8328262076058512
0.6372,0.8328262076058512
0.6372500000000001,0.8328262076058525
0.6373,0.833162026331248
0.6373500000000001,0.833162026331248
0.6374,0.8328262076058512
0.6374500000000001,0.8328262076058512
0.6375,0.8328262076058512
0.6375500000000001,0.8328262076058512
0.6375999999999999,0.8328262076058512
0.6376500000000001,0.833162026331248
0.6376999999999999,0.833162026331248
0.63775,0.8328262076058512
0.6377999999999999,0.8328262076058512
0.63785,0.8328262076058512
0.6378999999999999,0.8328262076058512
0.63795,0.8328262076058512
0.6379999999999999,0.8328262076058512
0.63805,0.8328262076058512
0.6380999999999999,0.8328262076058512
0.63815,0.8328262076058512
0.6382000000000001,0.8328262076058512
0.63825,0.8328262076058512
0.6383000000000001,0.8328262076058512
0.63835,0.8328262076058512
0.6384000000000001,0.8328262076058512
0.63845,0.8328262076058512
0.6385000000000001,0.8328262076058512
0.63855,0.833162026331248
0.6386000000000001,0.8328262076058512
0.6386499999999999,0.833162026331248
0.6387,0.8328262076058512
0.6387499999999999,0.8328262076058512
0.6388,0.8328262076058512
0.6388499999999999,0.8328262076058512
0.6389,0.8328262076058512
0.6389499999999999,0.8328262076058512
0.639,0.8328262076058512
0.6390499999999999,0.8328262076058512
0.6391,0.8328262076058512
0.6391500000000001,0.8328262076058512
0.6392,0.8328262076058512
0.6392500000000001,0.8328262076058512
0.6393,0.8328262076058512
0.6393500000000001,0.8328262076058512
0.6394,0.8328262076058512
0.6394500000000001,0.8328262076058512
0.6395,0.8328262076058512
0.6395500000000001,0.8328262076058512
0.6395999999999999,0.8328262076058512
0.6396500000000001,0.8328262076058512
0.6396999999999999,0.8328262076058512
0.63975,0.8328262076058512
0.6397999999999999,0.8328262076058512
0.63985,0.833162026331248
0.6398999999999999,0.8328262076058512
0.63995,0.8328262076058512
0.6399999999999999,0.8328262076058512
0.64005,0.8328262076058512
0.6400999999999999,0.8328262076058512
0.64015,0.8328262076058512
0.6402000000000001,0.8331620263312468
0.64025,0.8328262076058512
0.6403000000000001,0.8331620263312468
0.64035,0.8328262076058512
0.6404000000000001,0.8328262076058512
0.64045,0.8328262076058512
0.6405000000000001,0.8328262076058512
0.64055,0.8328262076058512
0.6406000000000001,0.8328262076058512
0.6406499999999999,0.8324903888804545
0.6407,0.8328262076058512
0.6407499999999999,0.8328262076058512
0.6408,0.8328262076058512
0.6408499999999999,0.8328262076058512
0.6409,0.8328262076058512
0.6409499999999999,0.8328262076058512
0.641,0.8328262076058512
0.6410499999999999,0.8328262076058512
0.6411,0.8328262076058512
0.6411500000000001,0.8328262076058512
0.6412,0.8328262076058512
0.6412500000000001,0.8328262076058512
0.6413,0.8328262076058512
0.6413500000000001,0.8328262076058512
0.6414,0.8328262076058512
0.6414500000000001,0.8324903888804545
0.6415,0.8324903888804545
0.6415500000000001,0.8324903888804545
0.6415999999999999,0.8324903888804545
0.6416500000000001,0.8324903888804545
0.6416999999999999,0.8324903888804545
0.64175,0.8324903888804545
0.6417999999999999,0.8324903888804545
0.64185,0.8324903888804545
0.6418999999999999,0.8324903888804545
0.64195,0.8324903888804545
0.6419999999999999,0.8324903888804545
0.64205,0.8324903888804545
0.6420999999999999,0.8324903888804545
0.64215,0.8324903888804545
0.6422000000000001,0.8324903888804545
0.64225,0.8324903888804545
0.6423000000000001,0.8324903888804545
0.64235,0.8324903888804545
0.6424000000000001,0.8324903888804545
0.64245,0.8324903888804545
0.6425000000000001,0.8324903888804545
0.64255,0.8324903888804545
0.6426000000000001,0.8324903888804545
0.6426499999999999,0.8324903888804545
0.6427,0.8324903888804545
0.6427499999999999,0.8324903888804545
0.6428,0.8328262076058512
0.6428499999999999,0.8328262076058512
0.6429,0.8324903888804545
0.6429499999999999,0.8328262076058512
0.643,0.8328262076058512
0.6430499999999999,0.8324903888804557
0.6431,0.8321545701550577
0.6431500000000001,0.8324903888804545
0.6432,0.8324903888804545
0.6432500000000001,0.8324903888804545
0.6433,0.8324903888804545
0.6433500000000001,0.8324903888804545
0.6434,0.8324903888804545
0.6434500000000001,0.8324903888804545
0.6435,0.8324903888804545
0.6435500000000001,0.8324903888804545
0.6435999999999999,0.8324903888804545
0.6436500000000001,0.8324903888804545
0.6436999999999999,0.8324903888804545
0.64375,0.8324903888804545
0.6437999999999999,0.8324903888804545
0.64385,0.8324903888804545
0.6438999999999999,0.8324903888804545
0.64395,0.8324903888804545
0.6439999999999999,0.8324903888804545
0.64405,0.8324903888804545
0.6440999999999999,0.83282620760585
0.64415,0.8324903888804545
0.6442000000000001,0.8324903888804545
0.64425,0.8324903888804545
0.6443000000000001,0.8324903888804545
0.64435,0.8324903888804545
0.6444000000000001,0.8324903888804545
0.64445,0.8324903888804545
0.6445000000000001,0.8324903888804545
0.64455,0.8324903888804545
0.6446000000000001,0.8324903888804545
0.6446499999999999,0.8324903888804545
0.6447000000000001,0.8324903888804545
0.6447499999999999,0.8324903888804545
0.6448,0.8324903888804545
0.6448499999999999,0.8324903888804545
0.6449,0.8324903888804545
0.6449499999999999,0.8324903888804545
0.645,0.8324903888804545
0.6450499999999999,0.8324903888804545
0.6451,0.8324903888804545
0.6451499999999999,0.8324903888804545
0.6452,0.8321545701550577
0.6452500000000001,0.8324903888804545
0.6453,0.8324903888804545
0.6453500000000001,0.8324903888804545
0.6454,0.8324903888804545
0.6454500000000001,0.8324903888804545
0.6455,0.8324903888804545
0.6455500000000001,0.8324903888804545
0.6456,0.8324903888804545
0.6456500000000001,0.8324903888804545
0.6456999999999999,0.8324903888804545
0.64575,0.8324903888804545
0.6457999999999999,0.8324903888804545
0.64585,0.8328262076058512
0.6458999999999999,0.8328262076058512
0.64595,0.8324903888804545
0.6459999999999999,0.83282620760585
0.64605,0.8328262076058512
0.6460999999999999,0.8328262076058512
0.64615,0.8324903888804545
0.6462000000000001,0.8324903888804545
0.64625,0.8324903888804545
0.6463000000000001,0.8324903888804557
0.64635,0.8328262076058512
0.6464000000000001,0.8328262076058512
0.64645,0.8328262076058512
0.6465000000000001,0.8328262076058512
0.64655,0.8324903888804545
0.6466000000000001,0.8324903888804545
0.6466499999999999,0.8324903888804545
0.6467000000000001,0.8324903888804545
0.6467499999999999,0.8328262076058512
0.6468,0.8328262076058512
0.6468499999999999,0.8324903888804545
0.6469,0.8328262076058512
0.6469499999999999,0.8328262076058512
0.647,0.8328262076058512
0.6470499999999999,0.8328262076058512
0.6471,0.8328262076058512
0.6471499999999999,0.8328262076058512
0.6472,0.8328262076058512
0.6472500000000001,0.8328262076058512
0.6473,0.8328262076058512
0.6473500000000001,0.83282620760585
0.6474,0.8324903888804545
0.6474500000000001,0.8324903888804545
0.6475,0.8324903888804545
0.6475500000000001,0.8324903888804545
0.6476,0.8328262076058512
0.6476500000000001,0.8324903888804545
0.6476999999999999,0.8328262076058512
0.64775,0.8328262076058512
0.6477999999999999,0.8328262076058512
0.64785,0.8328262076058512
0.6478999999999999,0.8328262076058512
0.64795,0.8328262076058512
0.6479999999999999,0.8328262076058512
0.64805,0.8328262076058512
0.6480999999999999,0.8328262076058512
0.64815,0.8328262076058512
0.6482000000000001,0.8328262076058512
0.64825,0.8328262076058512
0.6483000000000001,0.833162026331248
0.64835,0.833162026331248
0.6484000000000001,0.833162026331248
0.64845,0.833162026331248
0.6485000000000001,0.833162026331248
0.64855,0.8328262076058512
0.6486000000000001,0.833162026331248
0.6486499999999999,0.833162026331248
0.6487000000000001,0.833162026331248
0.6487499999999999,0.833162026331248
0.6488,0.833162026331248
0.6488499999999999,0.833162026331248
0.6489,0.833162026331248
0.6489499999999999,0.833162026331248
0.649,0.833162026331248
0.6490499999999999,0.833162026331248
0.6491,0.833162026331248
0.6491499999999999,0.833162026331248
0.6492,0.833162026331248
0.6492500000000001,0.833162026331248
0.6493,0.833162026331248
0.6493500000000001,0.833162026331248
0.6494,0.833162026331248
0.6494500000000001,0.833162026331248
0.6495,0.833162026331248
0.6495500000000001,0.833162026331248
0.6496,0.833162026331248
0.6496500000000001,0.833162026331248
0.6496999999999999,0.833162026331248
0.64975,0.833162026331248
0.6497999999999999,0.833162026331248
0.64985,0.833162026331248
0.6498999999999999,0.833162026331248
0.64995,0.833162026331248
0.6499999999999999,0.833162026331248
0.65005,0.8334978450566448
0.6500999999999999,0.8331620263312493
0.65015,0.833162026331248
0.6501999999999999,0.833162026331248
0.65025,0.833162026331248
0.6503000000000001,0.833162026331248
0.65035,0.833162026331248
0.6504000000000001,0.833162026331248
0.65045,0.833162026331248
0.6505000000000001,0.8334978450566448
0.65055,0.833162026331248
0.6506000000000001,0.833162026331248
0.65065,0.833162026331248
0.6507000000000001,0.833162026331248
0.6507499999999999,0.833162026331248
0.6508,0.833162026331248
0.6508499999999999,0.833162026331248
0.6509,0.833162026331248
0.6509499999999999,0.833162026331248
0.651,0.833162026331248
0.6510499999999999,0.833162026331248
0.6511,0.833162026331248
0.6511499999999999,0.833162026331248
0.6512,0.833162026331248
0.6512500000000001,0.8328262076058525
0.6513,0.833162026331248
0.6513500000000001,0.833162026331248
0.6514,0.833162026331248
0.6514500000000001,0.833162026331248
0.6515,0.8334978450566448
0.6515500000000001,0.833162026331248
0.6516,0.833162026331248
0.6516500000000001,0.833162026331248
0.6516999999999999,0.833162026331248
0.6517500000000001,0.833162026331248
0.6517999999999999,0.833162026331248
0.65185,0.8334978450566448
0.6518999999999999,0.8334978450566448
0.65195,0.8334978450566448
0.6519999999999999,0.833162026331248
0.65205,0.833162026331248
0.6520999999999999,0.8334978450566436
0.65215,0.833162026331248
0.6521999999999999,0.833162026331248
0.65225,0.833162026331248
0.6523000000000001,0.833162026331248
0.65235,0.833162026331248
0.6524000000000001,0.833162026331248
0.65245,0.833162026331248
0.6525000000000001,0.8334978450566448
0.65255,0.833162026331248
0.6526000000000001,0.833162026331248
0.65265,0.833162026331248
0.6527000000000001,0.833162026331248
0.6527499999999999,0.833162026331248
0.6528,0.833162026331248
0.6528499999999999,0.8328262076058512
0.6529,0.833162026331248
0.6529499999999999,0.8328262076058512
0.653,0.833162026331248
0.6530499999999999,0.833162026331248
0.6531,0.833162026331248
0.6531499999999999,0.8328262076058525
0.6532,0.833162026331248
0.6532500000000001,0.8331620263312468
0.6533,0.8328262076058512
0.6533500000000001,0.8328262076058525
0.6534,0.833162026331248
0.6534500000000001,0.833162026331248
0.6535,0.833162026331248
0.6535500000000001,0.833162026331248
0.6536,0.8328262076058512
0.6536500000000001,0.833162026331248
0.6536999999999999,0.833162026331248
0.6537500000000001,0.8328262076058512
0.6537999999999999,0.8328262076058512
0.65385,0.8328262076058512
0.6538999999999999,0.833162026331248
0.65395,0.833162026331248
0.6539999999999999,0.8328262076058512
0.65405,0.8328262076058512
0.6540999999999999,0.8328262076058512
0.65415,0.8328262076058512
0.6541999999999999,0.8328262076058512
0.65425,0.8328262076058512
0.6543000000000001,0.8328262076058512
0.65435,0.8328262076058512
0.6544000000000001,0.8328262076058512
0.65445,0.8328262076058512
0.6545000000000001,0.8328262076058512
0.65455,0.8328262076058512
0.6546000000000001,0.833162026331248
0.65465,0.8328262076058512
0.6547000000000001,0.8328262076058512
0.6547499999999999,0.8328262076058512
0.6548,0.8328262076058512
0.6548499999999999,0.8328262076058512
0.6549,0.8328262076058512
0.6549499999999999,0.833162026331248
0.655,0.833162026331248
0.6550499999999999,0.8328262076058512
0.6551,0.8328262076058512
0.6551499999999999,0.8328262076058512
0.6552,0.8328262076058512
0.6552500000000001,0.8328262076058512
0.6553,0.8328262076058512
0.6553500000000001,0.8328262076058512
0.6554,0.8328262076058512
0.6554500000000001,0.8328262076058512
0.6555,0.8328262076058512
0.6555500000000001,0.833162026331248
0.6556,0.8328262076058512
0.6556500000000001,0.8328262076058512
0.6556999999999999,0.8328262076058512
0.6557500000000001,0.8328262076058512
0.6557999999999999,0.833162026331248
0.65585,0.833162026331248
0.6558999999999999,0.8328262076058512
0.65595,0.8328262076058512
0.6559999999999999,0.8328262076058512
0.65605,0.8328262076058512
0.6560999999999999,0.8328262076058512
0.65615,0.8328262076058512
0.6561999999999999,0.8328262076058512
0.65625,0.8328262076058512
0.6563000000000001,0.8328262076058512
0.65635,0.8328262076058512
0.6564000000000001,0.8328262076058512
0.65645,0.8328262076058512
0.6565000000000001,0.8328262076058512
0.65655,0.8328262076058512
0.6566000000000001,0.833162026331248
0.65665,0.8328262076058512
0.6567000000000001,0.8328262076058512
0.6567499999999999,0.8328262076058512
0.6568000000000001,0.8328262076058512
0.6568499999999999,0.8328262076058512
0.6569,0.8328262076058512
0.6569499999999999,0.8328262076058512
0.657,0.8328262076058512
0.6570499999999999,0.8328262076058512
0.6571,0.8328262076058512
0.6571499999999999,0.8324903888804557
0.6572,0.8328262076058512
0.6572499999999999,0.8328262076058512
0.6573,0.8328262076058512
0.6573500000000001,0.8328262076058512
0.6574,0.8328262076058512
0.6574500000000001,0.8328262076058512
0.6575,0.8328262076058512
0.6575500000000001,0.8328262076058512
0.6576,0.8328262076058512
0.6576500000000001,0.8328262076058512
0.6577,0.8328262076058512
0.6577500000000001,0.8328262076058512
0.6577999999999999,0.8328262076058512
0.65785,0.8328262076058512
0.6578999999999999,0.8328262076058512
0.65795,0.8328262076058512
0.6579999999999999,0.8328262076058512
0.65805,0.8328262076058512
0.6580999999999999,0.8328262076058512
0.65815,0.8328262076058512
0.6581999999999999,0.8328262076058512
0.65825,0.8328262076058512
0.6583000000000001,0.8328262076058512
0.65835,0.8328262076058512
0.6584000000000001,0.8328262076058512
0.65845,0.8328262076058512
0.6585000000000001,0.8328262076058512
0.65855,0.8328262076058512
0.6586000000000001,0.8328262076058512
0.65865,0.8328262076058512
0.6587000000000001,0.8328262076058512
0.6587499999999999,0.8328262076058512
0.6588000000000001,0.8328262076058512
0.6588499999999999,0.8328262076058512
0.6589,0.8328262076058512
0.6589499999999999,0.8328262076058512
0.659,0.8328262076058512
0.6590499999999999,0.8328262076058512
0.6591,0.8328262076058512
0.6591499999999999,0.8328262076058512
0.6592,0.8328262076058512
0.6592499999999999,0.8331620263312468
0.6593,0.833162026331248
0.6593500000000001,0.8328262076058512
0.6594,0.8328262076058512
0.6594500000000001,0.8328262076058512
0.6595,0.8328262076058512
0.6595500000000001,0.8328262076058512
0.6596,0.8328262076058512
0.6596500000000001,0.8328262076058512
0.6597,0.8328262076058512
0.6597500000000001,0.8328262076058512
0.6597999999999999,0.8328262076058512
0.65985,0.8328262076058512
0.6598999999999999,0.8328262076058512
0.65995,0.8328262076058512
0.6599999999999999,0.8328262076058512
0.66005,0.8328262076058512
0.6600999999999999,0.8328262076058512
0.66015,0.8328262076058512
0.6601999999999999,0.8328262076058512
0.66025,0.8328262076058512
0.6603000000000001,0.8328262076058512
0.66035,0.8328262076058512
0.6604000000000001,0.8328262076058512
0.66045,0.8328262076058512
0.6605000000000001,0.8328262076058512
0.66055,0.8328262076058512
0.6606000000000001,0.8328262076058512
0.66065,0.8328262076058512
0.6607000000000001,0.8328262076058512
0.6607499999999999,0.8328262076058512
0.6608000000000001,0.8328262076058512
0.6608499999999999,0.8328262076058512
0.6609,0.8328262076058512
0.6609499999999999,0.8328262076058512
0.661,0.8328262076058512
0.6610499999999999,0.8328262076058512
0.6611,0.8328262076058512
0.6611499999999999,0.8328262076058512
0.6612,0.833162026331248
0.6612499999999999,0.8328262076058525
0.6613,0.8328262076058512
0.6613500000000001,0.8328262076058512
0.6614,0.8328262076058512
0.6614500000000001,0.8324903888804557
0.6615,0.8328262076058512
0.6615500000000001,0.8324903888804545
0.6616,0.8324903888804545
0.6616500000000001,0.8324903888804545
0.6617,0.8324903888804545
0.6617500000000001,0.8324903888804545
0.6617999999999999,0.8324903888804545
0.66185,0.8324903888804545
0.6618999999999999,0.8324903888804545
0.66195,0.8324903888804545
0.6619999999999999,0.8324903888804545
0.66205,0.8324903888804545
0.6620999999999999,0.8324903888804545
0.66215,0.8324903888804545
0.6621999999999999,0.8324903888804545
0.66225,0.8324903888804545
0.6623000000000001,0.8324903888804545
0.66235,0.8324903888804545
0.6624000000000001,0.8324903888804545
0.66245,0.8324903888804545
0.6625000000000001,0.8324903888804545
0.66255,0.8324903888804545
0.6626000000000001,0.8324903888804545
0.66265,0.8324903888804545
0.6627000000000001,0.8324903888804545
0.66275,0.8324903888804545
0.6628000000000001,0.8324903888804545
0.6628499999999999,0.8324903888804545
0.6629,0.8324903888804545
0.6629499999999999,0.8324903888804545
0.663,0.8328262076058512
0.6630499999999999,0.8324903888804545
0.6631,0.8324903888804545
0.6631499999999999,0.8324903888804545
0.6632,0.8324903888804545
0.6632499999999999,0.8324903888804545
0.6633,0.8324903888804545
0.6633500000000001,0.8324903888804545
0.6634,0.8324903888804545
0.6634500000000001,0.8324903888804545
0.6635,0.8324903888804545
0.6635500000000001,0.8324903888804545
0.6636,0.8324903888804545
0.6636500000000001,0.8324903888804545
0.6637,0.8324903888804545
0.6637500000000001,0.8324903888804545
0.6637999999999999,0.8328262076058512
0.6638500000000001,0.8324903888804545
0.6638999999999999,0.8324903888804545
0.66395,0.8324903888804545
0.6639999999999999,0.8324903888804545
0.66405,0.8324903888804545
0.6640999999999999,0.8324903888804545
0.66415,0.8324903888804545
0.6641999999999999,0.8324903888804545
0.66425,0.8324903888804545
0.6642999999999999,0.8324903888804545
0.66435,0.8324903888804545
0.6644000000000001,0.8324903888804545
0.66445,0.8324903888804545
0.6645000000000001,0.8324903888804545
0.66455,0.8324903888804545
0.6646000000000001,0.8324903888804545
0.66465,0.8324903888804545
0.6647000000000001,0.8324903888804545
0.66475,0.8324903888804545
0.6648000000000001,0.8324903888804545
0.6648499999999999,0.8324903888804545
0.6649,0.8324903888804545
0.6649499999999999,0.8324903888804545
0.665,0.8324903888804545
0.6650499999999999,0.8324903888804545
0.6651,0.8324903888804545
0.6651499999999999,0.8324903888804545
0.6652,0.8324903888804545
0.6652499999999999,0.8324903888804545
0.6653,0.8324903888804545
0.6653500000000001,0.8324903888804545
0.6654,0.8324903888804545
0.6654500000000001,0.8328262076058512
0.6655,0.8328262076058512
0.6655500000000001,0.8328262076058512
0.6656,0.8328262076058512
0.6656500000000001,0.8328262076058512
0.6657,0.8328262076058512
0.6657500000000001,0.8328262076058512
0.6657999999999999,0.8324903888804545
0.6658500000000001,0.8328262076058512
0.6658999999999999,0.8328262076058512
0.66595,0.8328262076058512
0.6659999999999999,0.8324903888804545
0.66605,0.8328262076058512
0.6660999999999999,0.8324903888804545
0.66615,0.8328262076058512
0.6661999999999999,0.8328262076058512
0.66625,0.8328262076058512
0.6662999999999999,0.8328262076058512
0.66635,0.8328262076058512
0.6664000000000001,0.8328262076058512
0.66645,0.8328262076058512
0.6665000000000001,0.8328262076058512
0.66655,0.8328262076058512
0.6666000000000001,0.8328262076058512
0.66665,0.8328262076058512
0.6667000000000001,0.8328262076058512
0.66675,0.8328262076058512
0.6668000000000001,0.8328262076058512
0.6668499999999999,0.8328262076058512
0.6669,0.8328262076058512
0.6669499999999999,0.8328262076058512
0.667,0.8328262076058512
0.6670499999999999,0.8328262076058512
0.6671,0.8328262076058512
0.6671499999999999,0.8328262076058512
0.6672,0.8328262076058512
0.6672499999999999,0.8328262076058512
0.6673,0.8328262076058512
0.6673500000000001,0.83282620760585
0.6674,0.8324903888804545
0.6674500000000001,0.8328262076058512
0.6675,0.8328262076058512
0.6675500000000001,0.8328262076058512
0.6676,0.8328262076058512
0.6676500000000001,0.8328262076058512
0.6677,0.8328262076058512
0.6677500000000001,0.8328262076058512
0.6677999999999999,0.8328262076058512
0.6678500000000001,0.8328262076058512
0.6678999999999999,0.8328262076058512
0.66795,0.8328262076058512
0.6679999999999999,0.8328262076058512
0.66805,0.8328262076058512
0.6680999999999999,0.8328262076058512
0.66815,0.8328262076058512
0.6681999999999999,0.8331620263312468
0.66825,0.833162026331248
0.6682999999999999,0.8328262076058525
0.66835,0.833162026331248
0.6684000000000001,0.8328262076058512
0.66845,0.8328262076058512
0.6685000000000001,0.8328262076058512
0.66855,0.8328262076058512
0.6686000000000001,0.8328262076058512
0.66865,0.8328262076058512
0.6687000000000001,0.8328262076058512
0.66875,0.8328262076058512
0.6688000000000001,0.8328262076058512
0.6688499999999999,0.833162026331248
0.6689000000000001,0.8328262076058512
0.6689499999999999,0.833162026331248
0.669,0.8334978450566448
0.6690499999999999,0.8334978450566448
0.6691,0.8338336637820416
0.6691499999999999,0.8341694825074382
0.6692,0.834505301232835
0.6692499999999999,0.8348411199582305
0.6693,0.8355127574090253
0.6693499999999999,0.8361843948598162
0.6694,0.8368560323106122
0.6694500000000001,0.8381993072122028
0.6695,0.8392067633883895
0.6695500000000001,0.8402142195645796
0.6696,0.8412216757407698
0.6696500000000001,0.8429007693677537
0.6697,0.8442440442693406
0.6697500000000001,0.8459231378963243
0.6698,0.8479380502487048
0.6698500000000001,0.8496171438756885
0.6698999999999999,0.8519678749534658
0.66995,0.8546544247566397
0.6699999999999999,0.8573409745598137
0.67005,0.8606991618137811
0.6700999999999999,0.8643931677931453
0.67015,0.8687588112233029
0.6701999999999999,0.8741319108296313
0.67025,0.8805124666121891
0.6702999999999999,0.8885721160216815
0.67035,0.8989824965090101
0.6704000000000001,0.9140943391519514
0.67045,0.9382732873804291
0.6705000000000001,0.9876386400141196
0.67055,1.089055895083567
0.6706000000000001,1.226405753770836
0.67065,1.373830174220007
0.6707000000000001,1.523941144472352
0.67075,1.676067027077077
0.6708000000000001,1.829872003308786
0.6708499999999999,1.984684435716686
0.6709000000000001,2.140168505575379
0.6709499999999999,2.296324212884865
0.671,2.452815738919748
0.6710499999999999,2.609643083680028
0.6711,2.737925836781584
0.6711499999999999,2.750686948346661
0.6712,2.750686948346661
0.6712499999999999,2.750686948346661
0.6713,2.750686948346661
0.6713499999999999,2.750686948346661
0.6714,2.750686948346661
0.6714500000000001,2.750686948346661
0.6715,2.750686948346661
0.6715500000000001,2.750686948346661
0.6716,2.750686948346661
0.6716500000000001,2.750686948346661
0.6717,2.750686948346661
0.6717500000000001,2.750686948346661
0.6718,2.750686948346661
0.6718500000000001,2.750686948346661
0.6718999999999999,2.750686948346661
0.67195,2.750686948346661
0.6719999999999999,2.750686948346661
0.67205,2.750686948346661
0.6720999999999999,2.750686948346661
0.67215,2.750686948346661
0.6721999999999999,2.750686948346661
0.67225,2.750686948346661
0.6722999999999999,2.750686948346661
0.67235,2.750686948346661
0.6724000000000001,2.750686948346661
0.67245,2.750686948346661
0.6725000000000001,2.750686948346661
0.67255,2.750686948346661
0.6726000000000001,2.750686948346661
0.67265,2.750686948346661
0.6727000000000001,2.750686948346661
0.67275,2.750686948346661
0.6728000000000001,2.750686948346661
0.6728499999999999,2.750686948346661
0.6729000000000001,2.750686948346661
0.6729499999999999,2.750686948346661
0.673,2.750686948346661
0.6730499999999999,2.750686948346661
0.6731,2.750686948346661
0.6731499999999999,2.750686948346661
0.6732,2.750686948346661
0.6732499999999999,2.750686948346661
0.6733,2.750686948346661
0.6733499999999999,2.750686948346661
0.6734,2.750686948346661
0.6734500000000001,2.750686948346661
0.6735,2.750686948346661
0.6735500000000001,2.750686948346661
0.6736,2.750686948346661
0.6736500000000001,2.750686948346661
0.6737,2.750686948346661
0.6737500000000001,2.750686948346661
0.6738,2.750686948346661
0.6738500000000001,2.750686948346661
0.6738999999999999,2.750686948346661
0.67395,2.750686948346661
0.6739999999999999,2.750686948346661
0.67405,2.750686948346661
0.6740999999999999,2.750686948346661
0.67415,2.750686948346661
0.6741999999999999,2.750686948346661
0.67425,2.750686948346661
0.6742999999999999,2.750686948346661
0.67435,2.750686948346661
0.6744000000000001,2.750686948346661
0.67445,2.750686948346661
0.6745000000000001,2.750686948346661
0.67455,2.750686948346661
0.6746000000000001,2.750686948346661
0.67465,2.750686948346661
0.6747000000000001,2.750686948346661
0.67475,2.750686948346661
0.6748000000000001,2.750686948346661
0.6748499999999999,2.750686948346661
0.6749000000000001,2.750686948346661
0.6749499999999999,2.750686948346661
0.675,2.750686948346661
0.6750499999999999,2.750686948346661
0.6751,2.750686948346661
0.6751499999999999,2.750686948346661
0.6752,2.750686948346661
0.6752499999999999,2.750686948346661
0.6753,2.750686948346661
0.6753499999999999,2.750686948346661
0.6754,2.750686948346661
0.6754500000000001,2.750686948346661
0.6755,2.750686948346661
0.6755500000000001,2.750686948346661
0.6756,2.750686948346661
0.6756500000000001,2.750686948346661
0.6757,2.750686948346661
0.6757500000000001,2.750686948346661
0.6758,2.750686948346661
0.6758500000000001,2.750686948346661
0.6758999999999999,2.750686948346661
0.6759500000000001,2.750686948346661
0.6759999999999999,2.750686948346661
0.67605,2.750686948346661
0.6760999999999999,2.750686948346661
0.67615,2.750686948346661
0.6761999999999999,2.750686948346661
0.67625,2.750686948346661
0.6762999999999999,2.750686948346661
0.67635,2.750686948346661
0.6763999999999999,2.750686948346661
0.67645,2.750686948346661
0.6765000000000001,2.750686948346661
0.67655,2.750686948346661
0.6766000000000001,2.750686948346661
0.67665,2.750686948346661
0.6767000000000001,2.750686948346661
0.67675,2.750686948346661
0.6768000000000001,2.750686948346661
0.67685,2.750686948346661
0.6769000000000001,2.750686948346661
0.6769499999999999,2.750686948346661
0.677,2.750686948346661
0.6770499999999999,2.750686948346661
0.6771,2.750686948346661
0.6771499999999999,2.750686948346661
0.6772,2.750686948346661
0.6772499999999999,2.750686948346661
0.6773,2.750686948346661
0.6773499999999999,2.750686948346661
0.6774,2.750686948346661
0.6774500000000001,2.750686948346661
0.6775,2.750686948346661
0.6775500000000001,2.750686948346661
0.6776,2.750686948346661
0.6776500000000001,2.750686948346661
0.6777,2.750686948346661
0.6777500000000001,2.750686948346661
0.6778,2.750686948346661
0.6778500000000001,2.750686948346661
0.6778999999999999,2.750686948346661
0.6779500000000001,2.750686948346661
0.6779999999999999,2.750686948346661
0.67805,2.750686948346661
0.6780999999999999,2.750686948346661
0.67815,2.750686948346661
0.6781999999999999,2.750686948346661
0.67825,2.750686948346661
0.6782999999999999,2.750686948346661
0.67835,2.750686948346661
0.6783999999999999,2.750686948346661
0.67845,2.750686948346661
0.6785000000000001,2.750686948346661
0.67855,2.750686948346661
0.6786000000000001,2.750686948346661
0.67865,2.750686948346661
0.6787000000000001,2.750686948346661
0.67875,2.750686948346661
0.6788000000000001,2.750686948346661
0.67885,2.750686948346661
0.6789000000000001,2.750686948346661
0.6789499999999999,2.750686948346661
0.679,2.750686948346661
0.6790499999999999,2.750686948346661
0.6791,2.750686948346661
0.6791499999999999,2.750686948346661
0.6792,2.750686948346661
0.6792499999999999,2.750686948346661
0.6793,2.750686948346661
0.6793499999999999,2.750686948346661
0.6794,2.750686948346661
0.6794500000000001,2.750686948346661
0.6795,2.750686948346661
0.6795500000000001,2.750686948346661
0.6796,2.750686948346661
0.6796500000000001,2.750686948346661
0.6797,2.750686948346661
0.6797500000000001,2.750686948346661
0.6798,2.750686948346661
0.6798500000000001,2.750686948346661
0.6798999999999999,2.750686948346661
0.6799500000000001,2.750686948346661
0.6799999999999999,2.750686948346661
0.68005,2.750686948346661
0.6800999999999999,2.750686948346661
0.68015,2.750686948346661
0.6801999999999999,2.750686948346661
0.68025,2.750686948346661
0.6802999999999999,2.750686948346661
0.68035,2.750686948346661
0.6803999999999999,2.750686948346661
0.68045,2.750686948346661
0.6805000000000001,2.750686948346661
0.68055,2.750686948346661
0.6806000000000001,2.750686948346661
0.68065,2.750686948346661
0.6807000000000001,2.750686948346661
0.68075,2.750686948346661
0.6808000000000001,2.750686948346661
0.68085,2.750686948346661
0.6809000000000001,2.750686948346661
0.6809499999999999,2.750686948346661
0.681,2.750686948346661
0.6810499999999999,2.750686948346661
0.6811,2.750686948346661
0.6811499999999999,2.750686948346661
0.6812,2.750686948346661
0.6812499999999999,2.750686948346661
0.6813,2.750686948346661
0.6813499999999999,2.750686948346661
0.6814,2.750686948346661
0.6814499999999999,2.750686948346661
0.6815,2.750686948346661
0.6815500000000001,2.750686948346661
0.6816,2.750686948346661
0.6816500000000001,2.750686948346661
0.6817,2.750686948346661
0.6817500000000001,2.750686948346661
0.6818,2.750686948346661
0.6818500000000001,2.750686948346661
0.6819,2.750686948346661
0.6819500000000001,2.750686948346661
0.6819999999999999,2.750686948346661
0.68205,2.750686948346661
0.6820999999999999,2.750686948346661
0.68215,2.750686948346661
0.6821999999999999,2.750686948346661
0.68225,2.750686948346661
0.6822999999999999,2.750686948346661
0.68235,2.750686948346661
0.6823999999999999,2.750686948346661
0.68245,2.750686948346661
0.6825000000000001,2.750686948346661
0.68255,2.750686948346661
0.6826000000000001,2.750686948346661
0.68265,2.750686948346661
0.6827000000000001,2.750686948346661
0.68275,2.750686948346661
0.6828000000000001,2.750686948346661
0.68285,2.750686948346661
0.6829000000000001,2.750686948346661
0.6829499999999999,2.750686948346661
0.6830000000000001,2.750686948346661
0.6830499999999999,2.750686948346661
0.6831,2.750686948346661
0.6831499999999999,2.750686948346661
0.6832,2.750686948346661
0.6832499999999999,2.750686948346661
0.6833,2.750686948346661
0.6833499999999999,2.750686948346661
0.6834,2.750686948346661
0.6834499999999999,2.750686948346661
0.6835,2.750686948346661
0.6835500000000001,2.750686948346661
0.6836,2.750686948346661
0.6836500000000001,2.750686948346661
0.6837,2.750686948346661
0.6837500000000001,2.750686948346661
0.6838,2.750686948346661
0.6838500000000001,2.750686948346661
0.6839,2.750686948346661
0.6839500000000001,2.750686948346661
0.6839999999999999,2.750686948346661
0.68405,2.750686948346661
0.6840999999999999,2.750686948346661
0.68415,2.750686948346661
0.6841999999999999,2.750686948346661
0.68425,2.750686948346661
0.6842999999999999,2.750686948346661
0.68435,2.750686948346661
0.6843999999999999,2.750686948346661
0.68445,2.750686948346661
0.6845000000000001,2.750686948346661
0.68455,2.750686948346661
0.6846000000000001,2.75068694834665
0.68465,2.74766457981809
0.6847000000000001,2.646247324748273
0.68475,2.495464717045135
0.6848000000000001,2.342667196989616
0.68485,2.187183127130923
0.6849000000000001,2.03069160109604
0.6849499999999999,1.874200075061156
0.6850000000000001,1.718380186477067
0.6850499999999999,1.565582666421548
0.6851,1.416143333619997
0.6851499999999999,1.270733825523206
0.6852,1.132712329385144
0.6852499999999999,1.011145950791523
0.6853,0.940959837183603
0.6853499999999999,0.9127510642503791
0.6854,0.8973034028820261
0.6854499999999999,0.8865572036693694
0.6855,0.8784975542598086
0.6855500000000001,0.8717811797518554
0.6856,0.8667438988709224
0.6856500000000001,0.8620424367153546
0.6857,0.8583484307360039
0.6857500000000001,0.8549902434820364
0.6858,0.8519678749534658
0.6858500000000001,0.8496171438756885
0.6859,0.8472664127979113
0.6859500000000001,0.8452515004455308
0.6859999999999999,0.8435724068185471
0.68605,0.8418933131915634
0.6860999999999999,0.8402142195645796
0.68615,0.8392067633883895
0.6861999999999999,0.8378634884868024
0.68625,0.8368560323106122
0.6862999999999999,0.8358485761344219
0.68635,0.8351769386836285
0.6863999999999999,0.8345053012328374
0.68645,0.8338336637820416
0.6865000000000001,0.8334978450566436
0.68655,0.833162026331248
0.6866000000000001,0.8328262076058512
0.68665,0.8328262076058512
0.6867000000000001,0.8324903888804545
0.68675,0.8324903888804545
0.6868000000000001,0.8324903888804545
0.68685,0.8324903888804545
0.6869000000000001,0.8324903888804545
0.6869499999999999,0.8324903888804545
0.6870000000000001,0.8324903888804545
0.6870499999999999,0.8324903888804545
0.6871,0.8324903888804545
0.6871499999999999,0.8324903888804545
0.6872,0.8324903888804545
0.6872499999999999,0.8324903888804545
0.6873,0.8324903888804545
0.6873499999999999,0.8324903888804545
0.6874,0.8324903888804545
0.6874499999999999,0.8324903888804545
0.6875,0.8324903888804545
0.6875500000000001,0.8324903888804545
0.6876,0.8324903888804545
0.6876500000000001,0.8324903888804545
0.6877,0.8324903888804545
0.6877500000000001,0.8324903888804545
0.6878,0.8324903888804545
0.6878500000000001,0.8324903888804545
0.6879,0.8324903888804545
0.6879500000000001,0.8328262076058512
0.6879999999999999,0.8324903888804545
0.6880500000000001,0.8328262076058512
0.6880999999999999,0.8328262076058512
0.68815,0.8328262076058512
0.6881999999999999,0.8328262076058512
0.68825,0.8328262076058512
0.6882999999999999,0.8328262076058512
0.68835,0.833162026331248
0.6883999999999999,0.833162026331248
0.68845,0.833162026331248
0.6884999999999999,0.8328262076058525
0.68855,0.8328262076058512
0.6886000000000001,0.8328262076058512
0.68865,0.8328262076058512
0.6887000000000001,0.8328262076058512
0.68875,0.833162026331248
0.6888000000000001,0.8328262076058512
0.68885,0.833162026331248
0.6889000000000001,0.833162026331248
0.68895,0.8328262076058512
0.6890000000000001,0.833162026331248
0.6890499999999999,0.833162026331248
0.6891,0.8328262076058512
0.6891499999999999,0.8328262076058512
0.6892,0.833162026331248
0.6892499999999999,0.833162026331248
0.6893,0.833162026331248
0.6893499999999999,0.833162026331248
0.6894,0.833162026331248
0.6894499999999999,0.833162026331248
0.6895,0.833162026331248
0.6895500000000001,0.833162026331248
0.6896,0.833162026331248
0.6896500000000001,0.833162026331248
0.6897,0.833162026331248
0.6897500000000001,0.833162026331248
0.6898,0.833162026331248
0.6898500000000001,0.833162026331248
0.6899,0.833162026331248
0.6899500000000001,0.833162026331248
0.6899999999999999,0.833162026331248
0.6900500000000001,0.833162026331248
0.6900999999999999,0.833162026331248
0.69015,0.833162026331248
0.6901999999999999,0.833162026331248
0.69025,0.833162026331248
0.6902999999999999,0.833162026331248
0.69035,0.833162026331248
0.6903999999999999,0.833162026331248
0.69045,0.833162026331248
0.6904999999999999,0.833162026331248
0.69055,0.833162026331248
0.6906000000000001,0.833162026331248
0.69065,0.833162026331248
0.6907000000000001,0.8328262076058525
0.69075,0.833162026331248
0.6908000000000001,0.833162026331248
0.69085,0.8328262076058512
0.6909000000000001,0.8328262076058512
0.69095,0.8328262076058512
0.6910000000000001,0.833162026331248
0.6910499999999999,0.833162026331248
0.6911,0.833162026331248
0.6911499999999999,0.833162026331248
0.6912,0.833162026331248
0.6912499999999999,0.833162026331248
0.6913,0.833162026331248
0.6913499999999999,0.833162026331248
0.6914,0.8334978450566448
0.6914499999999999,0.8331620263312493
0.6915,0.833162026331248
0.6915500000000001,0.833162026331248
0.6916,0.833162026331248
0.6916500000000001,0.8331620263312493
0.6917,0.8334978450566448
0.6917500000000001,0.833162026331248
0.6918,0.8334978450566448
0.6918500000000001,0.833162026331248
0.6919,0.8334978450566448
0.6919500000000001,0.8334978450566448
0.6919999999999999,0.833162026331248
0.6920500000000001,0.833162026331248
0.6920999999999999,0.833162026331248
0.69215,0.833162026331248
0.6921999999999999,0.833162026331248
0.69225,0.833162026331248
0.6922999999999999,0.833162026331248
0.69235,0.833162026331248
0.6923999999999999,0.833162026331248
0.69245,0.833162026331248
0.6924999999999999,0.833162026331248
0.69255,0.833162026331248
0.6926000000000001,0.833162026331248
0.69265,0.833162026331248
0.6927000000000001,0.8331620263312468
0.69275,0.8328262076058512
0.6928000000000001,0.8328262076058512
0.69285,0.8328262076058512
0.6929000000000001,0.8328262076058512
0.69295,0.8328262076058512
0.6930000000000001,0.8328262076058512
0.6930499999999999,0.8328262076058512
0.6931,0.8328262076058512
0.6931499999999999,0.8328262076058512
0.6932,0.8328262076058512
0.6932499999999999,0.8328262076058512
0.6933,0.8328262076058512
0.6933499999999999,0.8328262076058512
0.6934,0.8328262076058512
0.6934499999999999,0.8328262076058512
0.6935,0.833162026331248
0.6935500000000001,0.833162026331248
0.6936,0.833162026331248
0.6936500000000001,0.833162026331248
0.6937,0.833162026331248
0.6937500000000001,0.833162026331248
0.6938,0.8328262076058512
0.6938500000000001,0.8328262076058512
0.6939,0.8328262076058512
0.6939500000000001,0.8328262076058512
0.694,0.8328262076058512
0.6940500000000001,0.8328262076058512
0.6940999999999999,0.8328262076058512
0.69415,0.8328262076058512
0.6941999999999999,0.8328262076058512
0.69425,0.8328262076058512
0.6942999999999999,0.8328262076058512
0.69435,0.8328262076058512
0.6943999999999999,0.8331620263312468
0.69445,0.833162026331248
0.6944999999999999,0.833162026331248
0.69455,0.833162026331248
0.6946000000000001,0.833162026331248
0.69465,0.833162026331248
0.6947000000000001,0.8328262076058512
0.69475,0.8328262076058512
0.6948000000000001,0.8328262076058512
0.69485,0.8328262076058512
0.6949000000000001,0.8328262076058512
0.69495,0.8328262076058512
0.6950000000000001,0.833162026331248
0.6950499999999999,0.8328262076058512
0.6951000000000001,0.8328262076058512
0.6951499999999999,0.8328262076058512
0.6952,0.8328262076058512
0.6952499999999999,0.8328262076058512
0.6953,0.8328262076058512
0.6953499999999999,0.8328262076058512
0.6954,0.8328262076058512
0.6954499999999999,0.8328262076058512
0.6955,0.8328262076058512
0.6955499999999999,0.8328262076058512
0.6956,0.8328262076058512
0.6956500000000001,0.8328262076058512
0.6957,0.8328262076058512
0.6957500000000001,0.8328262076058512
0.6958,0.8328262076058512
0.6958500000000001,0.8328262076058512
0.6959,0.8328262076058512
0.6959500000000001,0.8328262076058512
0.696,0.8328262076058512
0.6960500000000001,0.8328262076058512
0.6960999999999999,0.8328262076058512
0.69615,0.8328262076058512
0.6961999999999999,0.8328262076058512
0.69625,0.8328262076058512
0.6962999999999999,0.8328262076058512
0.69635,0.8328262076058512
0.6963999999999999,0.8328262076058512
0.69645,0.8328262076058512
0.6964999999999999,0.8328262076058512
0.69655,0.8328262076058512
0.6966000000000001,0.8328262076058512
0.69665,0.8328262076058512
0.6967000000000001,0.8328262076058512
0.69675,0.8328262076058512
0.6968000000000001,0.8328262076058512
0.69685,0.8328262076058512
0.6969000000000001,0.8328262076058512
0.69695,0.8328262076058512
0.6970000000000001,0.8328262076058512
0.6970499999999999,0.8328262076058512
0.6971000000000001,0.833162026331248
0.6971499999999999,0.8328262076058512
0.6972,0.8328262076058512
0.6972499999999999,0.8328262076058512
0.6973,0.8328262076058512
0.6973499999999999,0.8328262076058512
0.6974,0.8328262076058512
0.6974499999999999,0.8328262076058512
0.6975,0.8328262076058512
0.6975499999999999,0.8328262076058512
0.6976,0.8328262076058512
0.6976500000000001,0.833162026331248
0.6977,0.833162026331248
0.6977500000000001,0.8328262076058512
0.6978,0.8328262076058512
0.6978500000000001,0.8328262076058512
0.6979,0.833162026331248
0.6979500000000001,0.8328262076058512
0.698,0.833162026331248
0.6980500000000001,0.8328262076058512
0.6980999999999999,0.8328262076058512
0.69815,0.8328262076058512
0.6981999999999999,0.833162026331248
0.69825,0.8328262076058512
0.6982999999999999,0.8328262076058512
0.69835,0.8328262076058512
0.6983999999999999,0.8328262076058512
0.69845,0.8328262076058512
0.6984999999999999,0.8328262076058512
0.69855,0.833162026331248
0.6986000000000001,0.833162026331248
0.69865,0.833162026331248
0.6987000000000001,0.8331620263312468
0.69875,0.8328262076058512
0.6988000000000001,0.8328262076058512
0.69885,0.8328262076058512
0.6989000000000001,0.8328262076058512
0.69895,0.8328262076058512
0.6990000000000001,0.8328262076058512
0.6990499999999999,0.8324903888804545
0.6991000000000001,0.8328262076058512
0.6991499999999999,0.8328262076058512
0.6992,0.8328262076058512
0.6992499999999999,0.8328262076058512
0.6993,0.8328262076058512
0.6993499999999999,0.8328262076058512
0.6994,0.8328262076058512
0.6994499999999999,0.8328262076058512
0.6995,0.8328262076058512
0.6995499999999999,0.8328262076058512
0.6996,0.8328262076058512
0.6996500000000001,0.8328262076058512
0.6997,0.8328262076058512
0.6997500000000001,0.8328262076058512
0.6998,0.8328262076058512
0.6998500000000001,0.8328262076058512
0.6999,0.8328262076058512
0.6999500000000001,0.8328262076058512
0.7,0.8328262076058512
0.7000500000000001,0.8328262076058512
0.7000999999999999,0.8328262076058512
0.7001500000000001,0.8328262076058512
0.7001999999999999,0.8328262076058512
0.70025,0.8328262076058512
0.7002999999999999,0.8328262076058512
0.70035,0.8328262076058512
0.7003999999999999,0.8328262076058512
0.70045,0.8328262076058512
0.7004999999999999,0.8328262076058512
0.70055,0.8328262076058512
0.7005999999999999,0.8328262076058512
0.70065,0.8324903888804545
0.7007000000000001,0.8328262076058512
0.70075,0.8328262076058512
0.7008000000000001,0.8328262076058512
0.70085,0.8328262076058512
0.7009000000000001,0.8328262076058512
0.70095,0.8328262076058512
0.7010000000000001,0.8328262076058512
0.70105,0.8328262076058512
0.7011000000000001,0.8328262076058512
0.7011499999999999,0.8328262076058512
0.7012,0.8328262076058512
0.7012499999999999,0.8328262076058512
0.7013,0.8328262076058512
0.7013499999999999,0.8328262076058512
0.7014,0.8328262076058512
0.7014499999999999,0.8328262076058512
0.7015,0.8324903888804545
0.7015499999999999,0.8324903888804545
0.7016,0.8324903888804545
0.7016500000000001,0.8324903888804545
0.7017,0.8324903888804545
0.7017500000000001,0.8324903888804545
0.7018,0.8324903888804545
0.7018500000000001,0.8324903888804545
0.7019,0.8324903888804545
0.7019500000000001,0.8328262076058512
0.702,0.8324903888804545
0.7020500000000001,0.8324903888804545
0.7020999999999999,0.8324903888804545
0.7021500000000001,0.8324903888804545
0.7021999999999999,0.8324903888804545
0.70225,0.8324903888804545
0.7022999999999999,0.8324903888804545
0.70235,0.8324903888804545
0.7023999999999999,0.8324903888804545
0.70245,0.8324903888804545
0.7024999999999999,0.8324903888804545
0.70255,0.8324903888804545
0.7025999999999999,0.8324903888804545
0.70265,0.8324903888804545
0.7027000000000001,0.8324903888804545
0.70275,0.8324903888804545
0.7028000000000001,0.8324903888804545
0.70285,0.8324903888804545
0.7029000000000001,0.8324903888804545
0.70295,0.8328262076058512
0.7030000000000001,0.8328262076058512
0.70305,0.8324903888804545
0.7031000000000001,0.8324903888804545
0.7031499999999999,0.8324903888804545
0.7032,0.8324903888804545
0.7032499999999999,0.8324903888804545
0.7033,0.8324903888804545
0.7033499999999999,0.8324903888804545
0.7034,0.8324903888804545
0.7034499999999999,0.8324903888804545
0.7035,0.8324903888804545
0.7035499999999999,0.8324903888804545
0.7036,0.8324903888804545
0.7036500000000001,0.8324903888804545
0.7037,0.8324903888804545
0.7037500000000001,0.83282620760585
0.7038,0.8324903888804545
0.7038500000000001,0.8324903888804545
0.7039,0.8324903888804545
0.7039500000000001,0.8324903888804545
0.704,0.8324903888804545
0.7040500000000001,0.8324903888804545
0.7040999999999999,0.8324903888804545
0.7041500000000001,0.8324903888804545
0.7041999999999999,0.8324903888804545
0.70425,0.8324903888804545
0.7042999999999999,0.8324903888804545
0.70435,0.8324903888804545
0.7043999999999999,0.8324903888804545
0.70445,0.8324903888804545
0.7044999999999999,0.8324903888804545
0.70455,0.8324903888804545
0.7045999999999999,0.8324903888804545
0.70465,0.8324903888804545
0.7047000000000001,0.8324903888804545
0.70475,0.8324903888804545
0.7048000000000001,0.8324903888804545
0.70485,0.8324903888804545
0.7049000000000001,0.8324903888804545
0.70495,0.8324903888804545
0.7050000000000001,0.8324903888804545
0.70505,0.8324903888804545
0.7051000000000001,0.8324903888804545
0.7051499999999999,0.8324903888804545
0.7052,0.8324903888804545
0.7052499999999999,0.8324903888804545
0.7053,0.8328262076058512
0.7053499999999999,0.8324903888804545
0.7054,0.8324903888804545
0.7054499999999999,0.8324903888804545
0.7055,0.8324903888804545
0.7055499999999999,0.83282620760585
0.7056,0.8324903888804545
0.7056500000000001,0.8324903888804545
0.7057,0.8324903888804545
0.7057500000000001,0.8324903888804545
0.7058,0.8324903888804545
0.7058500000000001,0.8324903888804545
0.7059,0.8324903888804545
0.7059500000000001,0.8328262076058512
0.706,0.8328262076058512
0.7060500000000001,0.8328262076058512
0.7060999999999999,0.8324903888804545
0.7061500000000001,0.8328262076058512
0.7061999999999999,0.8328262076058512
0.70625,0.8324903888804545
0.7062999999999999,0.8328262076058512
0.70635,0.8328262076058512
0.7063999999999999,0.8328262076058512
0.70645,0.8328262076058512
0.7064999999999999,0.8328262076058512
0.70655,0.8328262076058512
0.7065999999999999,0.8328262076058512
0.70665,0.8328262076058512
0.7067000000000001,0.8328262076058512
0.70675,0.8328262076058512
0.7068000000000001,0.8328262076058512
0.70685,0.8328262076058512
0.7069000000000001,0.8328262076058512
0.70695,0.8324903888804545
0.7070000000000001,0.8328262076058512
0.70705,0.8328262076058512
0.7071000000000001,0.8324903888804545
0.7071499999999999,0.8328262076058512
0.7072000000000001,0.8328262076058512
0.7072499999999999,0.8328262076058512
0.7073,0.8328262076058512
0.7073499999999999,0.8328262076058512
0.7074,0.8328262076058512
0.7074499999999999,0.8328262076058512
0.7075,0.8328262076058512
0.7075499999999999,0.8328262076058512
0.7076,0.8328262076058512
0.7076499999999999,0.8328262076058512
0.7077,0.8328262076058512
0.7077500000000001,0.8328262076058512
0.7078,0.8328262076058512
0.7078500000000001,0.8328262076058512
0.7079,0.8328262076058512
0.7079500000000001,0.8328262076058512
0.708,0.8328262076058512
0.7080500000000001,0.8328262076058512
0.7081,0.8328262076058512
0.7081500000000001,0.833162026331248
0.7081999999999999,0.833162026331248
0.70825,0.833162026331248
0.7082999999999999,0.833162026331248
0.70835,0.833162026331248
0.7083999999999999,0.833162026331248
0.70845,0.833162026331248
0.7084999999999999,0.833162026331248
0.70855,0.833162026331248
0.7085999999999999,0.833162026331248
0.70865,0.8328262076058512
0.7087000000000001,0.833162026331248
0.70875,0.833162026331248
0.7088000000000001,0.833162026331248
0.70885,0.833162026331248
0.7089000000000001,0.833162026331248
0.70895,0.833162026331248
0.7090000000000001,0.833162026331248
0.70905,0.833162026331248
0.7091000000000001,0.833162026331248
0.7091499999999999,0.833162026331248
0.7092000000000001,0.833162026331248
0.7092499999999999,0.833162026331248
0.7093,0.8334978450566448
0.7093499999999999,0.8334978450566448
0.7094,0.833162026331248
0.7094499999999999,0.833162026331248
0.7095,0.833162026331248
0.7095499999999999,0.833162026331248
0.7096,0.833162026331248
0.7096499999999999,0.8334978450566436
0.7097,0.833162026331248
0.7097500000000001,0.833162026331248
0.7098,0.833162026331248
0.7098500000000001,0.833162026331248
0.7099,0.833162026331248
0.7099500000000001,0.833162026331248
0.71,0.833162026331248
0.7100500000000001,0.833162026331248
0.7101,0.833162026331248
0.7101500000000001,0.833162026331248
0.7101999999999999,0.8334978450566448
0.71025,0.833162026331248
0.7102999999999999,0.833162026331248
0.71035,0.833162026331248
0.7103999999999999,0.833162026331248
0.71045,0.833162026331248
0.7104999999999999,0.833162026331248
0.71055,0.833162026331248
0.7105999999999999,0.833162026331248
0.71065,0.833162026331248
0.7107000000000001,0.833162026331248
0.71075,0.833162026331248
0.7108000000000001,0.833162026331248
0.71085,0.833162026331248
0.7109000000000001,0.833162026331248
0.71095,0.833162026331248
0.7110000000000001,0.833162026331248
0.71105,0.833162026331248
0.7111000000000001,0.833162026331248
0.7111499999999999,0.833162026331248
0.7112000000000001,0.8334978450566448
0.7112499999999999,0.833162026331248
0.7113,0.833162026331248
0.7113499999999999,0.833162026331248
0.7114,0.8334978450566448
0.7114499999999999,0.8334978450566448
0.7115,0.8334978450566448
0.7115499999999999,0.8334978450566448
0.7116,0.8334978450566448
0.7116499999999999,0.8334978450566448
0.7117,0.833162026331248
0.7117500000000001,0.833162026331248
0.7118,0.833162026331248
0.7118500000000001,0.833162026331248
0.7119,0.833162026331248
0.7119500000000001,0.833162026331248
0.712,0.833162026331248
0.7120500000000001,0.833162026331248
0.7121,0.8334978450566448
0.7121500000000001,0.8334978450566448
0.7121999999999999,0.8334978450566448
0.71225,0.8334978450566448
0.7122999999999999,0.8334978450566448
0.71235,0.833162026331248
0.7123999999999999,0.833162026331248
0.71245,0.833162026331248
0.7124999999999999,0.833162026331248
0.71255,0.833162026331248
0.7125999999999999,0.833162026331248
0.71265,0.833162026331248
0.7126999999999999,0.8328262076058525
0.71275,0.833162026331248
0.7128000000000001,0.833162026331248
0.71285,0.833162026331248
0.7129000000000001,0.833162026331248
0.71295,0.833162026331248
0.7130000000000001,0.833162026331248
0.71305,0.8328262076058512
0.7131000000000001,0.8328262076058512
0.71315,0.8328262076058512
0.7132000000000001,0.8328262076058512
0.7132499999999999,0.833162026331248
0.7133,0.833162026331248
0.7133499999999999,0.833162026331248
0.7134,0.833162026331248
0.7134499999999999,0.8328262076058512
0.7135,0.8328262076058512
0.7135499999999999,0.8328262076058512
0.7136,0.8328262076058512
0.7136499999999999,0.8328262076058512
0.7137,0.8328262076058512
0.7137500000000001,0.8328262076058512
0.7138,0.8328262076058512
0.7138500000000001,0.8328262076058512
0.7139,0.8328262076058512
0.7139500000000001,0.8328262076058512
0.714,0.8328262076058512
0.7140500000000001,0.8328262076058512
0.7141,0.8328262076058512
0.7141500000000001,0.8328262076058512
0.7141999999999999,0.833162026331248
0.7142500000000001,0.833162026331248
0.7142999999999999,0.8328262076058512
0.71435,0.8328262076058512
0.7143999999999999,0.8328262076058512
0.71445,0.8328262076058512
0.7144999999999999,0.8328262076058512
0.71455,0.8328262076058512
0.7145999999999999,0.8328262076058512
0.71465,0.8328262076058512
0.7146999999999999,0.8331620263312468
0.71475,0.8328262076058512
0.7148000000000001,0.8331620263312468
0.71485,0.8328262076058512
0.7149000000000001,0.833162026331248
0.71495,0.8328262076058512
0.7150000000000001,0.8328262076058512
0.71505,0.8328262076058512
0.7151000000000001,0.8328262076058512
0.71515,0.8328262076058512
0.7152000000000001,0.8328262076058512
0.7152499999999999,0.8328262076058512
0.7153,0.8328262076058512
0.7153499999999999,0.8328262076058512
0.7154,0.833162026331248
0.7154499999999999,0.8328262076058512
0.7155,0.833162026331248
0.7155499999999999,0.833162026331248
0.7156,0.8328262076058512
0.7156499999999999,0.8331620263312468
0.7157,0.833162026331248
0.7157500000000001,0.8328262076058512
0.7158,0.8328262076058512
0.7158500000000001,0.8328262076058512
0.7159,0.8328262076058512
0.7159500000000001,0.833162026331248
0.716,0.833162026331248
0.7160500000000001,0.8328262076058512
0.7161,0.8328262076058512
0.7161500000000001,0.833162026331248
0.7161999999999999,0.833162026331248
0.7162500000000001,0.833162026331248
0.7162999999999999,0.833162026331248
0.71635,0.8328262076058512
0.7163999999999999,0.8328262076058512
0.71645,0.8328262076058512
0.7164999999999999,0.8328262076058512
0.71655,0.8328262076058512
0.7165999999999999,0.8328262076058512
0.71665,0.833162026331248
0.7166999999999999,0.8328262076058525
0.71675,0.833162026331248
0.7168000000000001,0.8328262076058512
0.71685,0.8328262076058512
0.7169000000000001,0.8328262076058512
0.71695,0.8328262076058512
0.7170000000000001,0.8328262076058512
0.71705,0.8328262076058512
0.7171000000000001,0.833162026331248
0.71715,0.8328262076058512
0.7172000000000001,0.8328262076058512
0.7172499999999999,0.8328262076058512
0.7173,0.833162026331248
0.7173499999999999,0.8328262076058512
0.7174,0.8328262076058512
0.7174499999999999,0.8328262076058512
0.7175,0.8328262076058512
0.7175499999999999,0.8328262076058512
0.7176,0.8328262076058512
0.7176499999999999,0.8328262076058512
0.7177,0.8328262076058512
0.7177500000000001,0.8328262076058512
0.7178,0.8328262076058512
0.7178500000000001,0.8328262076058512
0.7179,0.8328262076058512
0.7179500000000001,0.8328262076058512
0.718,0.833162026331248
0.7180500000000001,0.833162026331248
0.7181,0.8328262076058512
0.7181500000000001,0.833162026331248
0.7181999999999999,0.833162026331248
0.7182500000000001,0.8328262076058512
0.7182999999999999,0.8328262076058512
0.71835,0.8328262076058512
0.7183999999999999,0.8328262076058512
0.71845,0.8328262076058512
0.7184999999999999,0.8328262076058512
0.71855,0.8328262076058512
0.7185999999999999,0.8328262076058512
0.71865,0.8328262076058512
0.7186999999999999,0.8331620263312468
0.71875,0.8328262076058512
0.7188000000000001,0.8328262076058525
0.71885,0.833162026331248
0.7189000000000001,0.8328262076058525
0.71895,0.833162026331248
0.7190000000000001,0.8328262076058512
0.71905,0.8328262076058512
0.7191000000000001,0.8328262076058512
0.71915,0.8328262076058512
0.7192000000000001,0.8328262076058512
0.7192499999999999,0.8328262076058512
0.7193000000000001,0.8328262076058512
0.7193499999999999,0.8328262076058512
0.7194,0.8328262076058512
0.7194499999999999,0.8328262076058512
0.7195,0.8328262076058512
0.7195499999999999,0.8328262076058512
0.7196,0.8328262076058512
0.7196499999999999,0.8328262076058512
0.7197,0.8328262076058512
0.7197499999999999,0.8328262076058512
0.7198,0.8328262076058512
0.7198500000000001,0.8328262076058512
0.7199,0.8328262076058512
0.7199500000000001,0.8328262076058512
0.72,0.8328262076058512
0.7200500000000001,0.8328262076058512
0.7201,0.8328262076058512
0.7201500000000001,0.8328262076058512
0.7202,0.8328262076058512
0.7202500000000001,0.8328262076058512
0.7202999999999999,0.8328262076058512
0.72035,0.8328262076058512
0.7203999999999999,0.8328262076058512
0.72045,0.8328262076058512
0.7204999999999999,0.8328262076058512
0.72055,0.8328262076058512
0.7205999999999999,0.8328262076058512
0.72065,0.8328262076058512
0.7206999999999999,0.8328262076058512
0.72075,0.8328262076058512
0.7208000000000001,0.8328262076058512
0.72085,0.8328262076058512
0.7209000000000001,0.8328262076058512
0.72095,0.8328262076058512
0.7210000000000001,0.8328262076058512
0.72105,0.8328262076058512
0.7211000000000001,0.8328262076058512
0.72115,0.8328262076058512
0.7212000000000001,0.833162026331248
0.7212499999999999,0.833162026331248
0.7213000000000001,0.833162026331248
0.7213499999999999,0.8328262076058512
0.7214,0.8328262076058512
0.7214499999999999,0.8328262076058512
0.7215,0.8328262076058512
0.7215499999999999,0.8328262076058512
0.7216,0.8328262076058512
0.7216499999999999,0.8328262076058512
0.7217,0.8324903888804545
0.7217499999999999,0.8324903888804545
0.7218,0.8324903888804545
0.7218500000000001,0.8324903888804545
0.7219,0.8324903888804545
0.7219500000000001,0.8324903888804545
0.722,0.8324903888804545
0.7220500000000001,0.8324903888804545
0.7221,0.8324903888804545
0.7221500000000001,0.8324903888804545
0.7222,0.8324903888804545
0.7222500000000001,0.8324903888804545
0.7222999999999999,0.8324903888804545
0.72235,0.8324903888804545
0.7223999999999999,0.8324903888804545
0.72245,0.8324903888804545
0.7224999999999999,0.8324903888804545
0.72255,0.8324903888804545
0.7225999999999999,0.8324903888804545
0.72265,0.8328262076058512
0.7226999999999999,0.8324903888804557
0.72275,0.8324903888804545
0.7228000000000001,0.8324903888804545
0.72285,0.8324903888804545
0.7229000000000001,0.8324903888804557
0.72295,0.8328262076058512
0.7230000000000001,0.8324903888804545
0.72305,0.8324903888804545
0.7231000000000001,0.8324903888804545
0.72315,0.8324903888804545
0.7232000000000001,0.8324903888804545
0.7232499999999999,0.8324903888804545
0.7233000000000001,0.8324903888804545
0.7233499999999999,0.8324903888804545
0.7234,0.8324903888804545
0.7234499999999999,0.8324903888804545
0.7235,0.8324903888804545
0.7235499999999999,0.8328262076058512
0.7236,0.8324903888804545
0.7236499999999999,0.8324903888804545
0.7237,0.8324903888804545
0.7237499999999999,0.8324903888804545
0.7238,0.8324903888804545
0.7238500000000001,0.8324903888804545
0.7239,0.8324903888804545
0.7239500000000001,0.8324903888804545
0.724,0.8324903888804545
0.7240500000000001,0.8324903888804545
0.7241,0.8324903888804545
0.7241500000000001,0.8324903888804545
0.7242,0.8324903888804545
0.7242500000000001,0.8324903888804545
0.7242999999999999,0.8324903888804545
0.72435,0.8324903888804545
0.7243999999999999,0.8324903888804545
0.72445,0.8321545701550577
0.7244999999999999,0.8321545701550577
0.72455,0.8324903888804545
0.7245999999999999,0.8324903888804545
0.72465,0.8324903888804545
0.7246999999999999,0.8324903888804545
0.72475,0.8324903888804545
0.7248000000000001,0.8324903888804545
0.72485,0.8324903888804545
0.7249000000000001,0.8324903888804545
0.72495,0.8324903888804545
0.7250000000000001,0.8324903888804545
0.72505,0.8324903888804545
0.7251000000000001,0.8324903888804545
0.72515,0.8324903888804545
0.7252000000000001,0.8324903888804545
0.72525,0.8324903888804545
0.7253000000000001,0.8324903888804545
0.7253499999999999,0.8324903888804545
0.7254,0.8324903888804545
0.7254499999999999,0.8324903888804545
0.7255,0.8324903888804545
0.7255499999999999,0.8324903888804545
0.7256,0.8324903888804545
0.7256499999999999,0.8324903888804545
0.7257,0.8324903888804545
0.7257499999999999,0.8324903888804545
0.7258,0.8328262076058512
0.7258500000000001,0.8328262076058512
0.7259,0.8328262076058512
0.7259500000000001,0.8328262076058512
0.726,0.8328262076058512
0.7260500000000001,0.8324903888804545
0.7261,0.8328262076058512
0.7261500000000001,0.8324903888804545
0.7262,0.8324903888804545
0.7262500000000001,0.8324903888804545
0.7262999999999999,0.8324903888804545
0.7263500000000001,0.8324903888804545
0.7263999999999999,0.8328262076058512
0.72645,0.8328262076058512
0.7264999999999999,0.8324903888804545
0.72655,0.8328262076058512
0.7265999999999999,0.8328262076058512
0.72665,0.8328262076058512
0.7266999999999999,0.8328262076058512
0.72675,0.8324903888804545
0.7267999999999999,0.83282620760585
0.72685,0.8328262076058512
0.7269000000000001,0.8324903888804557
0.72695,0.8328262076058512
0.7270000000000001,0.8328262076058512
0.72705,0.8328262076058512
0.7271000000000001,0.8328262076058512
0.72715,0.8328262076058512
0.7272000000000001,0.8328262076058512
0.72725,0.8328262076058512
0.7273000000000001,0.8328262076058512
0.7273499999999999,0.8328262076058512
0.7274,0.8328262076058512
0.7274499999999999,0.8328262076058512
0.7275,0.8328262076058512
0.7275499999999999,0.8328262076058512
0.7276,0.8328262076058512
0.7276499999999999,0.8328262076058512
0.7277,0.8328262076058512
0.7277499999999999,0.8328262076058512
0.7278,0.8328262076058512
0.7278500000000001,0.8328262076058512
0.7279,0.8328262076058512
0.7279500000000001,0.8328262076058512
0.728,0.8328262076058512
0.7280500000000001,0.8328262076058512
0.7281,0.8328262076058512
0.7281500000000001,0.8328262076058512
0.7282,0.833162026331248
0.7282500000000001,0.833162026331248
0.7282999999999999,0.833162026331248
0.7283500000000001,0.833162026331248
0.7283999999999999,0.833162026331248
0.72845,0.833162026331248
0.7284999999999999,0.833162026331248
0.72855,0.833162026331248
0.7285999999999999,0.8328262076058512
0.72865,0.833162026331248
0.7286999999999999,0.8328262076058525
0.72875,0.8328262076058512
0.7287999999999999,0.8331620263312468
0.72885,0.833162026331248
0.7289000000000001,0.833162026331248
0.72895,0.833162026331248
0.7290000000000001,0.833162026331248
0.72905,0.833162026331248
0.7291000000000001,0.833162026331248
0.72915,0.833162026331248
0.7292000000000001,0.833162026331248
0.72925,0.833162026331248
0.7293000000000001,0.8334978450566448
0.7293499999999999,0.8334978450566448
0.7294,0.833162026331248
0.7294499999999999,0.833162026331248
0.7295,0.833162026331248
0.7295499999999999,0.833162026331248
0.7296,0.833162026331248
0.7296499999999999,0.833162026331248
0.7297,0.833162026331248
0.7297499999999999,0.833162026331248
0.7298,0.833162026331248
0.7298500000000001,0.833162026331248
0.7299,0.833162026331248
0.7299500000000001,0.833162026331248
0.73,0.833162026331248
0.7300500000000001,0.833162026331248
0.7301,0.833162026331248
0.7301500000000001,0.833162026331248
0.7302,0.8334978450566448
0.7302500000000001,0.8334978450566448
0.7302999999999999,0.833162026331248
0.7303500000000001,0.833162026331248
0.7303999999999999,0.833162026331248
0.73045,0.833162026331248
0.7304999999999999,0.833162026331248
0.73055,0.8328262076058512
0.7305999999999999,0.833162026331248
0.73065,0.8328262076058512
0.7306999999999999,0.8331620263312468
0.73075,0.833162026331248
0.7307999999999999,0.833162026331248
0.73085,0.833162026331248
0.7309000000000001,0.833162026331248
0.73095,0.833162026331248
0.7310000000000001,0.833162026331248
0.73105,0.833162026331248
0.7311000000000001,0.833162026331248
0.73115,0.833162026331248
0.7312000000000001,0.833162026331248
0.73125,0.833162026331248
0.7313000000000001,0.833162026331248
0.7313499999999999,0.833162026331248
0.7314000000000001,0.833162026331248
0.7314499999999999,0.833162026331248
0.7315,0.8334978450566448
0.7315499999999999,0.8334978450566448
0.7316,0.8334978450566448
0.7316499999999999,0.833162026331248
0.7317,0.833162026331248
0.7317499999999999,0.833162026331248
0.7318,0.833162026331248
0.7318499999999999,0.833162026331248
0.7319,0.833162026331248
0.7319500000000001,0.8334978450566448
0.732,0.8334978450566448
0.7320500000000001,0.8334978450566448
0.7321,0.8334978450566448
0.7321500000000001,0.8334978450566448
0.7322,0.833162026331248
0.7322500000000001,0.833162026331248
0.7323,0.8334978450566448
0.7323500000000001,0.8334978450566448
0.7323999999999999,0.8334978450566448
0.73245,0.8334978450566448
0.7324999999999999,0.8334978450566448
0.73255,0.8334978450566448
0.7325999999999999,0.8334978450566448
0.73265,0.833162026331248
0.7326999999999999,0.833162026331248
0.73275,0.833162026331248
0.7327999999999999,0.8328262076058525
0.73285,0.8328262076058512
0.7329000000000001,0.8328262076058525
0.73295,0.833162026331248
0.7330000000000001,0.833162026331248
0.73305,0.833162026331248
0.7331000000000001,0.833162026331248
0.73315,0.8328262076058512
0.7332000000000001,0.8328262076058512
0.73325,0.8328262076058512
0.7333000000000001,0.8328262076058512
0.7333499999999999,0.8328262076058512
0.7334000000000001,0.8328262076058512
0.7334499999999999,0.8328262076058512
0.7335,0.8328262076058512
0.7335499999999999,0.8328262076058512
0.7336,0.8328262076058512
0.7336499999999999,0.8328262076058512
0.7337,0.8328262076058512
0.7337499999999999,0.8328262076058512
0.7338,0.8328262076058512
0.7338499999999999,0.8328262076058512
0.7339,0.8328262076058512
0.7339500000000001,0.8328262076058512
0.734,0.8328262076058512
0.7340500000000001,0.8328262076058512
0.7341,0.8328262076058512
0.7341500000000001,0.8328262076058512
0.7342,0.8328262076058512
0.7342500000000001,0.8328262076058512
0.7343,0.8328262076058512
0.7343500000000001,0.8328262076058512
0.7343999999999999,0.8328262076058512
0.73445,0.833162026331248
0.7344999999999999,0.8328262076058512
0.73455,0.8328262076058512
0.7345999999999999,0.833162026331248
0.73465,0.833162026331248
0.7346999999999999,0.8328262076058525
0.73475,0.8328262076058512
0.7347999999999999,0.8328262076058512
0.73485,0.8328262076058512
0.7349000000000001,0.8328262076058512
0.73495,0.8328262076058512
0.7350000000000001,0.8328262076058512
0.73505,0.8328262076058512
0.7351000000000001,0.8328262076058512
0.73515,0.8328262076058512
0.7352000000000001,0.8328262076058512
0.73525,0.8328262076058512
0.7353000000000001,0.8328262076058512
0.7353499999999999,0.8328262076058512
0.7354000000000001,0.8328262076058512
0.7354499999999999,0.8328262076058512
0.7355,0.8328262076058512
0.7355499999999999,0.8328262076058512
0.7356,0.8328262076058512
0.7356499999999999,0.8328262076058512
0.7357,0.8328262076058512
0.7357499999999999,0.8328262076058512
0.7358,0.8328262076058512
0.7358499999999999,0.8328262076058512
0.7359,0.8328262076058512
0.7359500000000001,0.8328262076058512
0.736,0.8328262076058512
0.7360500000000001,0.8328262076058512
0.7361,0.8328262076058512
0.7361500000000001,0.833162026331248
0.7362,0.833162026331248
0.7362500000000001,0.8328262076058512
0.7363,0.8328262076058512
0.7363500000000001,0.8328262076058512
0.7363999999999999,0.8328262076058512
0.73645,0.8328262076058512
0.7364999999999999,0.8328262076058512
0.73655,0.8328262076058512
0.7365999999999999,0.8328262076058512
0.73665,0.8328262076058512
0.7366999999999999,0.8328262076058512
0.73675,0.833162026331248
0.7367999999999999,0.8328262076058525
0.73685,0.8328262076058512
0.7369000000000001,0.8328262076058512
0.73695,0.8328262076058512
0.7370000000000001,0.8328262076058512
0.73705,0.8328262076058512
0.7371000000000001,0.8328262076058512
0.73715,0.8328262076058512
0.7372000000000001,0.8328262076058512
0.73725,0.8328262076058512
0.7373000000000001,0.8328262076058512
0.7373499999999999,0.8328262076058512
0.7374000000000001,0.833162026331248
0.7374499999999999,0.8328262076058512
0.7375,0.8328262076058512
0.7375499999999999,0.8328262076058512
0.7376,0.8328262076058512
0.7376499999999999,0.8328262076058512
0.7377,0.8328262076058512
0.7377499999999999,0.8328262076058512
0.7378,0.8328262076058512
0.7378499999999999,0.8328262076058512
0.7379,0.8328262076058512
0.7379500000000001,0.8328262076058512
0.738,0.8328262076058512
0.7380500000000001,0.8328262076058512
0.7381,0.8328262076058512
0.7381500000000001,0.8328262076058512
0.7382,0.8328262076058512
0.7382500000000001,0.8328262076058512
0.7383,0.8328262076058512
0.7383500000000001,0.8328262076058512
0.7383999999999999,0.8328262076058512
0.7384500000000001,0.8328262076058512
0.7384999999999999,0.8328262076058512
0.73855,0.8328262076058512
0.7385999999999999,0.8328262076058512
0.73865,0.8328262076058512
0.7386999999999999,0.8328262076058512
0.73875,0.8328262076058512
0.7387999999999999,0.8328262076058512
0.73885,0.8328262076058512
0.7388999999999999,0.8324903888804557
0.73895,0.8328262076058512
0.7390000000000001,0.8331620263312468
0.73905,0.8328262076058512
0.7391000000000001,0.8328262076058512
0.73915,0.8328262076058512
0.7392000000000001,0.8328262076058512
0.73925,0.8328262076058512
0.7393000000000001,0.8328262076058512
0.73935,0.8328262076058512
0.7394000000000001,0.8328262076058512
0.7394499999999999,0.8328262076058512
0.7395,0.8328262076058512
0.7395499999999999,0.8328262076058512
0.7396,0.8328262076058512
0.7396499999999999,0.8328262076058512
0.7397,0.8328262076058512
0.7397499999999999,0.8328262076058512
0.7398,0.8324903888804545
0.7398499999999999,0.8324903888804545
0.7399,0.8328262076058512
0.7399500000000001,0.8328262076058512
0.74,0.8328262076058512
0.7400500000000001,0.8328262076058512
0.7401,0.8328262076058512
0.7401500000000001,0.8328262076058512
0.7402,0.8328262076058512
0.7402500000000001,0.8328262076058512
0.7403,0.8328262076058512
0.7403500000000001,0.8328262076058512
0.7403999999999999,0.8324903888804545
0.7404500000000001,0.8328262076058512
0.7404999999999999,0.8328262076058512
0.74055,0.8328262076058512
0.7405999999999999,0.8328262076058512
0.74065,0.8328262076058512
0.7406999999999999,0.8328262076058512
0.74075,0.8328262076058512
0.7407999999999999,0.8328262076058512
0.74085,0.8328262076058512
0.7408999999999999,0.8328262076058512
0.74095,0.8328262076058512
0.7410000000000001,0.8328262076058512
0.74105,0.8328262076058512
0.7411000000000001,0.8328262076058512
0.74115,0.8328262076058512
0.7412000000000001,0.8328262076058512
0.74125,0.8328262076058512
0.7413000000000001,0.8328262076058512
0.74135,0.8328262076058512
0.7414000000000001,0.8328262076058512
0.7414499999999999,0.8324903888804545
0.7415,0.8324903888804545
0.7415499999999999,0.8324903888804545
0.7416,0.8324903888804545
0.7416499999999999,0.8324903888804545
0.7417,0.8324903888804545
0.7417499999999999,0.8324903888804545
0.7418,0.8324903888804545
0.7418499999999999,0.8324903888804545
0.7419,0.8324903888804545
0.7419500000000001,0.8324903888804545
0.742,0.8324903888804545
0.7420500000000001,0.8324903888804545
0.7421,0.8324903888804545
0.7421500000000001,0.8324903888804545
0.7422,0.8324903888804545
0.7422500000000001,0.8324903888804545
0.7423,0.8324903888804545
0.7423500000000001,0.8324903888804545
0.7423999999999999,0.8324903888804545
0.7424500000000001,0.8324903888804545
0.7424999999999999,0.8324903888804545
0.74255,0.8324903888804545
0.7425999999999999,0.8324903888804545
0.74265,0.8324903888804545
0.7426999999999999,0.8324903888804545
0.74275,0.8324903888804545
0.7427999999999999,0.8324903888804545
0.74285,0.8324903888804545
0.7428999999999999,0.83282620760585
0.74295,0.8328262076058512
0.7430000000000001,0.8324903888804545
0.74305,0.8324903888804545
0.7431000000000001,0.8324903888804545
0.74315,0.8324903888804545
0.7432000000000001,0.8324903888804545
0.74325,0.8324903888804545
0.7433000000000001,0.8324903888804545
0.74335,0.8324903888804545
0.7434000000000001,0.8324903888804545
0.7434499999999999,0.8328262076058512
0.7435,0.8324903888804545
0.7435499999999999,0.8324903888804545
0.7436,0.8324903888804545
0.7436499999999999,0.8324903888804545
0.7437,0.8328262076058512
0.7437499999999999,0.8328262076058512
0.7438,0.8324903888804545
0.7438499999999999,0.8324903888804545
0.7439,0.8324903888804545
0.7439499999999999,0.8324903888804545
0.744,0.8324903888804545
0.7440500000000001,0.8324903888804545
0.7441,0.8324903888804545
0.7441500000000001,0.8324903888804545
0.7442,0.8324903888804545
0.7442500000000001,0.8324903888804545
0.7443,0.8324903888804545
0.7443500000000001,0.8324903888804545
0.7444,0.8324903888804545
0.7444500000000001,0.8324903888804545
0.7444999999999999,0.8324903888804545
0.74455,0.8324903888804545
0.7445999999999999,0.8324903888804545
0.74465,0.8324903888804545
0.7446999999999999,0.8324903888804545
0.74475,0.8324903888804545
0.7447999999999999,0.8324903888804545
0.74485,0.8324903888804545
0.7448999999999999,0.8324903888804545
0.74495,0.8324903888804545
0.7450000000000001,0.8324903888804545
0.74505,0.8324903888804545
0.7451000000000001,0.8324903888804545
0.74515,0.8324903888804545
0.7452000000000001,0.8324903888804545
0.74525,0.8324903888804545
0.7453000000000001,0.8324903888804545
0.74535,0.8324903888804545
0.7454000000000001,0.8324903888804545
0.7454499999999999,0.8324903888804545
0.7455000000000001,0.8324903888804545
0.7455499999999999,0.8324903888804545
0.7456,0.8324903888804545
0.7456499999999999,0.8328262076058512
0.7457,0.8328262076058512
0.7457499999999999,0.8328262076058512
0.7458,0.8324903888804545
0.7458499999999999,0.8324903888804545
0.7459,0.8324903888804545
0.7459499999999999,0.8324903888804545
0.746,0.8328262076058512
0.7460500000000001,0.8328262076058512
0.7461,0.8328262076058512
0.7461500000000001,0.8328262076058512
0.7462,0.8328262076058512
0.7462500000000001,0.8328262076058512
0.7463,0.8328262076058512
0.7463500000000001,0.8328262076058512
0.7464,0.8328262076058512
0.7464500000000001,0.8324903888804545
0.7464999999999999,0.8328262076058512
0.74655,0.8328262076058512
0.7465999999999999,0.8328262076058512
0.74665,0.8328262076058512
0.7466999999999999,0.8328262076058512
0.74675,0.833162026331248
0.7467999999999999,0.8328262076058525
0.74685,0.833162026331248
0.7468999999999999,0.8328262076058525
0.74695,0.8328262076058512
0.7470000000000001,0.8328262076058512
0.74705,0.8328262076058512
0.7471000000000001,0.8331620263312468
0.74715,0.8328262076058512
0.7472000000000001,0.8328262076058512
0.74725,0.8328262076058512
0.7473000000000001,0.8328262076058512
0.74735,0.8328262076058512
0.7474000000000001,0.8328262076058512
0.7474499999999999,0.8328262076058512
0.7475000000000001,0.8328262076058512
0.7475499999999999,0.8328262076058512
0.7476,0.8328262076058512
0.7476499999999999,0.8328262076058512
0.7477,0.8328262076058512
0.7477499999999999,0.8328262076058512
0.7478,0.8328262076058512
0.7478499999999999,0.8328262076058512
0.7479,0.8328262076058512
0.7479499999999999,0.8328262076058512
0.748,0.8328262076058512
0.7480500000000001,0.8328262076058512
0.7481,0.8328262076058512
0.7481500000000001,0.8328262076058525
0.7482,0.833162026331248
0.7482500000000001,0.833162026331248
0.7483,0.833162026331248
0.7483500000000001,0.833162026331248
0.7484,0.833162026331248
0.7484500000000001,0.833162026331248
0.7484999999999999,0.833162026331248
0.74855,0.833162026331248
0.7485999999999999,0.833162026331248
0.74865,0.833162026331248
0.7486999999999999,0.833162026331248
0.74875,0.8328262076058512
0.7487999999999999,0.833162026331248
0.74885,0.833162026331248
0.7488999999999999,0.833162026331248
0.74895,0.833162026331248
0.7490000000000001,0.833162026331248
0.74905,0.833162026331248
0.7491000000000001,0.833162026331248
0.74915,0.833162026331248
0.7492000000000001,0.833162026331248
0.74925,0.833162026331248
0.7493000000000001,0.833162026331248
0.74935,0.8334978450566448
0.7494000000000001,0.833162026331248
0.7494499999999999,0.8334978450566448
0.7495000000000001,0.833162026331248
0.7495499999999999,0.833162026331248
0.7496,0.833162026331248
0.7496499999999999,0.833162026331248
0.7497,0.833162026331248
0.7497499999999999,0.833162026331248
0.7498,0.833162026331248
0.7498499999999999,0.8334978450566436
0.7499,0.833162026331248
0.7499499999999999,0.833162026331248
0.75,0.833162026331248
0.7500500000000001,0.833162026331248
0.7501,0.833162026331248
0.7501500000000001,0.833162026331248
0.7502,0.833162026331248
0.7502500000000001,0.8334978450566448
0.7503,0.833162026331248
0.7503500000000001,0.833162026331248
0.7504,0.833162026331248
0.7504500000000001,0.833162026331248
0.7504999999999999,0.833162026331248
0.7505500000000001,0.8328262076058512
0.7505999999999999,0.833162026331248
0.75065,0.833162026331248
0.7506999999999999,0.833162026331248
0.75075,0.8328262076058512
0.7507999999999999,0.833162026331248
0.75085,0.833162026331248
0.7508999999999999,0.833162026331248
0.75095,0.833162026331248
0.7509999999999999,0.833162026331248
0.75105,0.833162026331248
0.7511000000000001,0.833162026331248
0.75115,0.833162026331248
0.7512000000000001,0.833162026331248
0.75125,0.833162026331248
0.7513000000000001,0.8334978450566448
0.75135,0.833162026331248
0.7514000000000001,0.833162026331248
0.75145,0.833162026331248
0.7515000000000001,0.833162026331248
0.7515499999999999,0.833162026331248
0.7516,0.833162026331248
0.7516499999999999,0.833162026331248
0.7517,0.833162026331248
0.7517499999999999,0.8334978450566448
0.7518,0.833162026331248
0.7518499999999999,0.833162026331248
0.7519,0.833162026331248
0.7519499999999999,0.8334978450566436
0.752,0.8334978450566448
0.7520500000000001,0.8331620263312493
0.7521,0.8334978450566448
0.7521500000000001,0.8334978450566448
0.7522,0.8334978450566448
0.7522500000000001,0.8334978450566448
0.7523,0.8334978450566448
0.7523500000000001,0.8334978450566448
0.7524,0.833162026331248
0.7524500000000001,0.833162026331248
0.7524999999999999,0.833162026331248
0.7525500000000001,0.833162026331248
0.7525999999999999,0.833162026331248
0.75265,0.833162026331248
0.7526999999999999,0.833162026331248
0.75275,0.833162026331248
0.7527999999999999,0.833162026331248
0.75285,0.833162026331248
0.7528999999999999,0.833162026331248
0.75295,0.833162026331248
0.7529999999999999,0.8328262076058525
0.75305,0.833162026331248
0.7531000000000001,0.8328262076058525
0.75315,0.833162026331248
0.7532000000000001,0.8331620263312468
0.75325,0.8328262076058512
0.7533000000000001,0.8328262076058512
0.75335,0.8328262076058512
0.7534000000000001,0.8328262076058512
0.75345,0.8328262076058512
0.7535000000000001,0.8328262076058512
0.7535499999999999,0.833162026331248
0.7536,0.8328262076058512
0.7536499999999999,0.8328262076058512
0.7537,0.8328262076058512
0.7537499999999999,0.8328262076058512
0.7538,0.8328262076058512
0.7538499999999999,0.8328262076058512
0.7539,0.8328262076058512
0.7539499999999999,0.8328262076058512
0.754,0.8328262076058512
0.7540500000000001,0.8328262076058512
0.7541,0.8328262076058512
0.7541500000000001,0.8328262076058512
0.7542,0.8328262076058512
0.7542500000000001,0.833162026331248
0.7543,0.8328262076058512
0.7543500000000001,0.833162026331248
0.7544,0.8328262076058512
0.7544500000000001,0.8328262076058512
0.7544999999999999,0.8328262076058512
0.7545500000000001,0.833162026331248
0.7545999999999999,0.8328262076058512
0.75465,0.833162026331248
0.7546999999999999,0.833162026331248
0.75475,0.833162026331248
0.7547999999999999,0.8328262076058512
0.75485,0.8328262076058512
0.7548999999999999,0.8331620263312468
0.75495,0.833162026331248
0.7549999999999999,0.8328262076058525
0.75505,0.8328262076058512
0.7551000000000001,0.8328262076058512
0.75515,0.8328262076058512
0.7552000000000001,0.8328262076058512
0.75525,0.8328262076058512
0.7553000000000001,0.8328262076058512
0.75535,0.8328262076058512
0.7554000000000001,0.8328262076058512
0.75545,0.8328262076058512
0.7555000000000001,0.833162026331248
0.7555499999999999,0.833162026331248
0.7556,0.8328262076058512
0.7556499999999999,0.8328262076058512
0.7557,0.8328262076058512
0.7557499999999999,0.8328262076058512
0.7558,0.8328262076058512
0.7558499999999999,0.8328262076058512
0.7559,0.8328262076058512
0.7559499999999999,0.8328262076058512
0.756,0.8328262076058512
0.7560500000000001,0.8328262076058512
0.7561,0.8328262076058512
0.7561500000000001,0.8328262076058512
0.7562,0.8328262076058512
0.7562500000000001,0.8328262076058512
0.7563,0.833162026331248
0.7563500000000001,0.833162026331248
0.7564,0.833162026331248
0.7564500000000001,0.8328262076058512
0.7565,0.833162026331248
0.7565500000000001,0.833162026331248
0.7565999999999999,0.8328262076058512
0.75665,0.833162026331248
0.7566999999999999,0.8328262076058512
0.75675,0.8328262076058512
0.7567999999999999,0.833162026331248
0.75685,0.8328262076058512
0.7568999999999999,0.8328262076058512
0.75695,0.833162026331248
0.7569999999999999,0.833162026331248
0.75705,0.833162026331248
0.7571000000000001,0.8331620263312468
0.75715,0.8328262076058512
0.7572000000000001,0.8331620263312468
0.75725,0.8328262076058512
0.7573000000000001,0.8328262076058512
0.75735,0.8328262076058512
0.7574000000000001,0.8328262076058512
0.75745,0.8328262076058512
0.7575000000000001,0.8328262076058512
0.7575499999999999,0.8328262076058512
0.7576000000000001,0.8328262076058512
0.7576499999999999,0.8328262076058512
0.7577,0.8328262076058512
0.7577499999999999,0.8328262076058512
0.7578,0.8328262076058512
0.7578499999999999,0.8328262076058512
0.7579,0.8328262076058512
0.7579499999999999,0.8328262076058512
0.758,0.833162026331248
0.7580499999999999,0.8328262076058525
0.7581,0.8328262076058512
0.7581500000000001,0.8328262076058512
0.7582,0.8328262076058512
0.7582500000000001,0.8328262076058512
0.7583,0.8328262076058512
0.7583500000000001,0.8328262076058512
0.7584,0.8328262076058512
0.7584500000000001,0.8328262076058512
0.7585,0.8328262076058512
0.7585500000000001,0.8328262076058512
0.7585999999999999,0.8328262076058512
0.75865,0.8328262076058512
0.7586999999999999,0.8328262076058512
0.75875,0.8328262076058512
0.7587999999999999,0.8328262076058512
0.75885,0.833162026331248
0.7588999999999999,0.8328262076058525
0.75895,0.8328262076058512
0.7589999999999999,0.8328262076058512
0.75905,0.8328262076058512
0.7591000000000001,0.8328262076058512
0.75915,0.8328262076058512
0.7592000000000001,0.8328262076058512
0.75925,0.8328262076058512
0.7593000000000001,0.8328262076058512
0.75935,0.833162026331248
0.7594000000000001,0.8328262076058512
0.75945,0.8328262076058512
0.7595000000000001,0.8328262076058512
0.7595499999999999,0.8328262076058512
0.7596000000000001,0.8328262076058512
0.7596499999999999,0.8328262076058512
0.7597,0.8328262076058512
0.7597499999999999,0.8328262076058512
0.7598,0.8328262076058512
0.7598499999999999,0.8328262076058512
0.7599,0.8328262076058512
0.7599499999999999,0.8328262076058512
0.76,0.8328262076058512
0.7600499999999999,0.8328262076058512
0.7601,0.8328262076058512
0.7601500000000001,0.8328262076058512
0.7602,0.8328262076058512
0.7602500000000001,0.8328262076058512
0.7603,0.8328262076058512
0.7603500000000001,0.833162026331248
0.7604,0.8328262076058512
0.7604500000000001,0.8328262076058512
0.7605,0.8328262076058512
0.7605500000000001,0.8328262076058512
0.7605999999999999,0.8328262076058512
0.76065,0.8328262076058512
0.7606999999999999,0.8328262076058512
0.76075,0.8328262076058512
0.7607999999999999,0.8328262076058512
0.76085,0.8328262076058512
0.7608999999999999,0.8328262076058512
0.76095,0.8328262076058512
0.7609999999999999,0.8328262076058512
0.76105,0.8328262076058512
0.7611000000000001,0.8328262076058512
0.76115,0.8328262076058512
0.7612000000000001,0.8328262076058512
0.76125,0.8328262076058512
0.7613000000000001,0.8328262076058512
0.76135,0.8328262076058512
0.7614000000000001,0.8328262076058512
0.76145,0.8324903888804545
0.7615000000000001,0.8328262076058512
0.7615499999999999,0.8328262076058512
0.7616000000000001,0.8324903888804545
0.7616499999999999,0.8328262076058512
0.7617,0.8324903888804545
0.7617499999999999,0.8324903888804545
0.7618,0.8324903888804545
0.7618499999999999,0.8324903888804545
0.7619,0.8324903888804545
0.7619499999999999,0.8324903888804545
0.762,0.8324903888804545
0.7620499999999999,0.8324903888804545
0.7621,0.8324903888804545
0.7621500000000001,0.8324903888804545
0.7622,0.8324903888804545
0.7622500000000001,0.8324903888804545
0.7623,0.8324903888804545
0.7623500000000001,0.8324903888804545
0.7624,0.8324903888804545
0.7624500000000001,0.8324903888804545
0.7625,0.8324903888804545
0.7625500000000001,0.8324903888804545
0.7625999999999999,0.8324903888804545
0.7626500000000001,0.8324903888804545
0.7626999999999999,0.8324903888804545
0.76275,0.8324903888804545
0.7627999999999999,0.8324903888804545
0.76285,0.8324903888804545
0.7628999999999999,0.8328262076058512
0.76295,0.8324903888804545
0.7629999999999999,0.8324903888804545
0.76305,0.8324903888804545
0.7630999999999999,0.8324903888804545
0.76315,0.8324903888804545
0.7632000000000001,0.8324903888804545
0.76325,0.8324903888804545
0.7633000000000001,0.8324903888804545
0.76335,0.8324903888804545
0.7634000000000001,0.8324903888804545
0.76345,0.8324903888804545
0.7635000000000001,0.8324903888804545
0.76355,0.8324903888804545
0.7636000000000001,0.8324903888804545
0.7636499999999999,0.8324903888804545
0.7637,0.8324903888804545
0.7637499999999999,0.8324903888804545
0.7638,0.8324903888804545
0.7638499999999999,0.8324903888804545
0.7639,0.8324903888804545
0.7639499999999999,0.8324903888804545
0.764,0.8324903888804545
0.7640499999999999,0.8324903888804545
0.7641,0.8324903888804545
0.7641500000000001,0.8324903888804545
0.7642,0.8324903888804545
0.7642500000000001,0.8324903888804545
0.7643,0.8324903888804545
0.7643500000000001,0.8324903888804545
0.7644,0.8324903888804545
0.7644500000000001,0.8324903888804545
0.7645,0.8324903888804545
0.7645500000000001,0.8324903888804545
0.7645999999999999,0.8324903888804545
0.7646500000000001,0.8324903888804545
0.7646999999999999,0.8324903888804545
0.76475,0.8324903888804545
0.7647999999999999,0.8324903888804545
0.76485,0.8324903888804545
0.7648999999999999,0.8324903888804545
0.76495,0.8324903888804545
0.7649999999999999,0.83282620760585
0.76505,0.8324903888804545
0.7650999999999999,0.8324903888804545
0.76515,0.8324903888804545
0.7652000000000001,0.8324903888804545
0.76525,0.8324903888804545
0.7653000000000001,0.8324903888804545
0.76535,0.8324903888804545
0.7654000000000001,0.8324903888804545
0.76545,0.8324903888804545
0.7655000000000001,0.8324903888804545
0.76555,0.8324903888804545
0.7656000000000001,0.8324903888804545
0.7656499999999999,0.8324903888804545
0.7657,0.8328262076058512
0.7657499999999999,0.8328262076058512
0.7658,0.8324903888804545
0.7658499999999999,0.8324903888804545
0.7659,0.8324903888804545
0.7659499999999999,0.8324903888804545
0.766,0.8324903888804545
0.7660499999999999,0.8324903888804545
0.7661,0.8328262076058512
0.7661500000000001,0.8324903888804557
0.7662,0.8328262076058512
0.7662500000000001,0.8324903888804557
0.7663,0.8328262076058512
0.7663500000000001,0.8328262076058512
0.7664,0.8328262076058512
0.7664500000000001,0.8328262076058512
0.7665,0.8328262076058512
0.7665500000000001,0.8328262076058512
0.7665999999999999,0.8328262076058512
0.7666500000000001,0.8328262076058512
0.7666999999999999,0.8328262076058512
0.76675,0.8324903888804545
0.7667999999999999,0.8324903888804545
0.76685,0.8324903888804545
0.7668999999999999,0.8328262076058512
0.76695,0.8328262076058512
0.7669999999999999,0.8328262076058512
0.76705,0.8328262076058512
0.7670999999999999,0.8328262076058512
0.76715,0.8328262076058512
0.7672000000000001,0.8328262076058512
0.76725,0.8328262076058512
0.7673000000000001,0.8324903888804545
0.76735,0.8324903888804545
0.7674000000000001,0.8328262076058512
0.76745,0.8328262076058512
0.7675000000000001,0.8328262076058512
0.76755,0.8328262076058512
0.7676000000000001,0.8324903888804545
0.7676499999999999,0.8328262076058512
0.7677,0.8328262076058512
0.7677499999999999,0.8328262076058512
0.7678,0.8328262076058512
0.7678499999999999,0.8328262076058512
0.7679,0.8328262076058512
0.7679499999999999,0.8328262076058512
0.768,0.8328262076058512
0.7680499999999999,0.8328262076058512
0.7681,0.8328262076058512
0.7681500000000001,0.8328262076058525
0.7682,0.833162026331248
0.7682500000000001,0.833162026331248
0.7683,0.833162026331248
0.7683500000000001,0.833162026331248
0.7684,0.833162026331248
0.7684500000000001,0.833162026331248
0.7685,0.833162026331248
0.7685500000000001,0.833162026331248
0.7685999999999999,0.833162026331248
0.7686500000000001,0.833162026331248
0.7686999999999999,0.833162026331248
0.76875,0.833162026331248
0.7687999999999999,0.833162026331248
0.76885,0.833162026331248
0.7688999999999999,0.833162026331248
0.76895,0.833162026331248
0.7689999999999999,0.833162026331248
0.76905,0.8334978450566448
0.7690999999999999,0.8331620263312493
0.76915,0.8334978450566448
0.7692000000000001,0.8331620263312493
0.76925,0.8334978450566448
0.7693000000000001,0.8334978450566436
0.76935,0.833162026331248
0.7694000000000001,0.833162026331248
0.76945,0.833162026331248
0.7695000000000001,0.833162026331248
0.76955,0.833162026331248
0.7696000000000001,0.833162026331248
0.7696499999999999,0.833162026331248
0.7697000000000001,0.833162026331248
0.7697499999999999,0.833162026331248
0.7698,0.833162026331248
0.7698499999999999,0.833162026331248
0.7699,0.833162026331248
0.7699499999999999,0.833162026331248
0.77,0.833162026331248
0.7700499999999999,0.833162026331248
0.7701,0.833162026331248
0.7701499999999999,0.833162026331248
0.7702,0.833162026331248
0.7702500000000001,0.833162026331248
0.7703,0.833162026331248
0.7703500000000001,0.833162026331248
0.7704,0.833162026331248
0.7704500000000001,0.833162026331248
0.7705,0.833162026331248
0.7705500000000001,0.833162026331248
0.7706,0.833162026331248
0.7706500000000001,0.833162026331248
0.7706999999999999,0.833162026331248
0.77075,0.833162026331248
0.7707999999999999,0.833162026331248
0.77085,0.833162026331248
0.7708999999999999,0.833162026331248
0.77095,0.833162026331248
0.7709999999999999,0.833162026331248
0.77105,0.833162026331248
0.7710999999999999,0.833162026331248
0.77115,0.833162026331248
0.7712000000000001,0.833162026331248
0.77125,0.833162026331248
0.7713000000000001,0.833162026331248
0.77135,0.833162026331248
0.7714000000000001,0.833162026331248
0.77145,0.833162026331248
0.7715000000000001,0.833162026331248
0.77155,0.833162026331248
0.7716000000000001,0.833162026331248
0.7716499999999999,0.833162026331248
0.7717000000000001,0.8334978450566448
0.7717499999999999,0.833162026331248
0.7718,0.8334978450566448
0.7718499999999999,0.833162026331248
0.7719,0.833162026331248
0.7719499999999999,0.833162026331248
0.772,0.833162026331248
0.7720499999999999,0.833162026331248
0.7721,0.833162026331248
0.7721499999999999,0.833162026331248
0.7722,0.8334978450566448
0.7722500000000001,0.8334978450566448
0.7723,0.8334978450566448
0.7723500000000001,0.8334978450566448
0.7724,0.8334978450566448
0.7724500000000001,0.833162026331248
0.7725,0.833162026331248
0.7725500000000001,0.833162026331248
0.7726,0.833162026331248
0.7726500000000001,0.833162026331248
0.7726999999999999,0.833162026331248
0.77275,0.8328262076058512
0.7727999999999999,0.833162026331248
0.77285,0.833162026331248
0.7728999999999999,0.8328262076058512
0.77295,0.8328262076058512
0.7729999999999999,0.833162026331248
0.77305,0.8328262076058512
0.7730999999999999,0.8328262076058512
0.77315,0.833162026331248
0.7732000000000001,0.8328262076058512
0.77325,0.8328262076058512
0.7733000000000001,0.8331620263312468
0.77335,0.8328262076058512
0.7734000000000001,0.8328262076058512
0.77345,0.8328262076058512
0.7735000000000001,0.8328262076058512
0.77355,0.833162026331248
0.7736000000000001,0.8328262076058512
0.7736499999999999,0.8328262076058512
0.7737000000000001,0.8328262076058512
0.7737499999999999,0.8328262076058512
0.7738,0.8328262076058512
0.7738499999999999,0.8328262076058512
0.7739,0.833162026331248
0.7739499999999999,0.8328262076058512
0.774,0.833162026331248
0.7740499999999999,0.8328262076058525
0.7741,0.833162026331248
0.7741499999999999,0.833162026331248
0.7742,0.8328262076058512
0.7742500000000001,0.8328262076058512
0.7743,0.8328262076058512
0.7743500000000001,0.8331620263312468
0.7744,0.8328262076058512
0.7744500000000001,0.8328262076058512
0.7745,0.833162026331248
0.7745500000000001,0.833162026331248
0.7746,0.833162026331248
0.7746500000000001,0.8328262076058512
0.7746999999999999,0.833162026331248
0.77475,0.8328262076058512
0.7747999999999999,0.8328262076058512
0.77485,0.8328262076058512
0.7748999999999999,0.8328262076058512
0.77495,0.8328262076058512
0.7749999999999999,0.833162026331248
0.77505,0.8328262076058512
0.7750999999999999,0.8328262076058512
0.77515,0.8328262076058512
0.7751999999999999,0.8328262076058512
0.77525,0.833162026331248
0.7753000000000001,0.833162026331248
0.77535,0.833162026331248
0.7754000000000001,0.833162026331248
0.77545,0.833162026331248
0.7755000000000001,0.8328262076058512
0.77555,0.833162026331248
0.7756000000000001,0.833162026331248
0.77565,0.8328262076058512
0.7757000000000001,0.8328262076058512
0.7757499999999999,0.8328262076058512
0.7758,0.8328262076058512
0.7758499999999999,0.8328262076058512
0.7759,0.8328262076058512
0.7759499999999999,0.8328262076058512
0.776,0.833162026331248
0.7760499999999999,0.833162026331248
0.7761,0.833162026331248
0.7761499999999999,0.833162026331248
0.7762,0.833162026331248
0.7762500000000001,0.8328262076058512
0.7763,0.8328262076058512
0.7763500000000001,0.8328262076058512
0.7764,0.8328262076058512
0.7764500000000001,0.8328262076058512
0.7765,0.8328262076058512
0.7765500000000001,0.8328262076058512
0.7766,0.8328262076058512
0.7766500000000001,0.8328262076058512
0.7766999999999999,0.8328262076058512
0.7767500000000001,0.833162026331248
0.7767999999999999,0.8328262076058512
0.77685,0.833162026331248
0.7768999999999999,0.8328262076058512
0.77695,0.8328262076058512
0.7769999999999999,0.8328262076058512
0.77705,0.8328262076058512
0.7770999999999999,0.8328262076058512
0.77715,0.8328262076058512
0.7771999999999999,0.8328262076058512
0.77725,0.8328262076058512
0.7773000000000001,0.8331620263312468
0.77735,0.8328262076058512
0.7774000000000001,0.8328262076058512
0.77745,0.8328262076058512
0.7775000000000001,0.8328262076058512
0.77755,0.8328262076058512
0.7776000000000001,0.8328262076058512
0.77765,0.8328262076058512
0.7777000000000001,0.8328262076058512
0.7777499999999999,0.8328262076058512
0.7778,0.8328262076058512
0.7778499999999999,0.8328262076058512
0.7779,0.8328262076058512
0.7779499999999999,0.8328262076058512
0.778,0.8328262076058512
0.7780499999999999,0.8328262076058512
0.7781,0.8328262076058512
0.7781499999999999,0.8328262076058512
0.7782,0.8328262076058512
0.7782500000000001,0.8328262076058512
0.7783,0.8328262076058512
0.7783500000000001,0.8328262076058512
0.7784,0.8328262076058512
0.7784500000000001,0.8328262076058512
0.7785,0.833162026331248
0.7785500000000001,0.8328262076058512
0.7786,0.8328262076058512
0.7786500000000001,0.8328262076058512
0.7786999999999999,0.8328262076058512
0.7787500000000001,0.8328262076058512
0.7787999999999999,0.8328262076058512
0.77885,0.8328262076058512
0.7788999999999999,0.8328262076058512
0.77895,0.8328262076058512
0.7789999999999999,0.8328262076058512
0.77905,0.8328262076058512
0.7790999999999999,0.8331620263312468
0.77915,0.8328262076058512
0.7791999999999999,0.8328262076058512
0.77925,0.8328262076058512
0.7793000000000001,0.8328262076058512
0.77935,0.8328262076058512
0.7794000000000001,0.8328262076058512
0.77945,0.8328262076058512
0.7795000000000001,0.8328262076058512
0.77955,0.8328262076058512
0.7796000000000001,0.8328262076058512
0.77965,0.8328262076058512
0.7797000000000001,0.833162026331248
0.7797499999999999,0.8328262076058512
0.7798,0.833162026331248
0.7798499999999999,0.8328262076058512
0.7799,0.8328262076058512
0.7799499999999999,0.833162026331248
0.78,0.8328262076058512
0.7800499999999999,0.8328262076058512
0.7801,0.8328262076058512
0.7801499999999999,0.8328262076058512
0.7802,0.8328262076058512
0.7802500000000001,0.833162026331248
0.7803,0.833162026331248
0.7803500000000001,0.833162026331248
0.7804,0.833162026331248
0.7804500000000001,0.8328262076058512
0.7805,0.8328262076058512
0.7805500000000001,0.8328262076058512
0.7806,0.8328262076058512
0.7806500000000001,0.8328262076058512
0.7806999999999999,0.8328262076058512
0.7807500000000001,0.833162026331248
0.7807999999999999,0.8328262076058512
0.78085,0.833162026331248
0.7808999999999999,0.833162026331248
0.78095,0.833162026331248
0.7809999999999999,0.8328262076058512
0.78105,0.8328262076058512
0.7810999999999999,0.8328262076058512
0.78115,0.8328262076058512
0.7811999999999999,0.8331620263312468
0.78125,0.8328262076058512
0.7813000000000001,0.8328262076058512
0.78135,0.8328262076058512
0.7814000000000001,0.8328262076058512
0.78145,0.8328262076058512
0.7815000000000001,0.8328262076058512
0.78155,0.8328262076058512
0.7816000000000001,0.8324903888804545
0.78165,0.8324903888804545
0.7817000000000001,0.8324903888804545
0.7817499999999999,0.8324903888804545
0.7818000000000001,0.8324903888804545
0.7818499999999999,0.8324903888804545
0.7819,0.8324903888804545
0.7819499999999999,0.8324903888804545
0.782,0.8328262076058512
0.7820499999999999,0.8324903888804545
0.7821,0.8324903888804545
0.7821499999999999,0.8324903888804545
0.7822,0.8324903888804545
0.7822499999999999,0.8324903888804545
0.7823,0.8328262076058512
0.7823500000000001,0.83282620760585
0.7824,0.8324903888804545
0.7824500000000001,0.8324903888804545
0.7825,0.8324903888804545
0.7825500000000001,0.8324903888804545
0.7826,0.8324903888804545
0.7826500000000001,0.8324903888804545
0.7827,0.8324903888804545
0.7827500000000001,0.8324903888804545
0.7827999999999999,0.8324903888804545
0.78285,0.8324903888804545
0.7828999999999999,0.8328262076058512
0.78295,0.8324903888804545
0.7829999999999999,0.8324903888804545
0.78305,0.8324903888804545
0.7830999999999999,0.8324903888804545
0.78315,0.8324903888804545
0.7831999999999999,0.8324903888804545
0.78325,0.8324903888804545
0.7833000000000001,0.8324903888804545
0.78335,0.8324903888804545
0.7834000000000001,0.8324903888804545
0.78345,0.8324903888804545
0.7835000000000001,0.8324903888804545
0.78355,0.8324903888804545
0.7836000000000001,0.8324903888804545
0.78365,0.8324903888804545
0.7837000000000001,0.8324903888804545
0.7837499999999999,0.8324903888804545
0.7838000000000001,0.8324903888804545
0.7838499999999999,0.8324903888804545
0.7839,0.8324903888804545
0.7839499999999999,0.8324903888804545
0.784,0.8324903888804545
0.7840499999999999,0.8324903888804545
0.7841,0.8324903888804545
0.7841499999999999,0.8324903888804545
0.7842,0.8324903888804545
0.7842499999999999,0.8324903888804545
0.7843,0.8324903888804545
0.7843500000000001,0.8324903888804545
0.7844,0.8324903888804545
0.7844500000000001,0.8324903888804545
0.7845,0.8324903888804545
0.7845500000000001,0.8324903888804545
0.7846,0.8324903888804545
0.7846500000000001,0.8324903888804545
0.7847,0.8324903888804545
0.7847500000000001,0.8324903888804545
0.7847999999999999,0.8324903888804545
0.78485,0.8324903888804545
0.7848999999999999,0.8324903888804545
0.78495,0.8324903888804545
0.7849999999999999,0.8324903888804545
0.78505,0.8324903888804545
0.7850999999999999,0.8324903888804545
0.78515,0.8324903888804545
0.7851999999999999,0.8324903888804545
0.78525,0.8324903888804545
0.7853000000000001,0.8324903888804545
0.78535,0.8324903888804545
0.7854000000000001,0.8324903888804557
0.78545,0.8328262076058512
0.7855000000000001,0.8324903888804545
0.78555,0.8324903888804545
0.7856000000000001,0.8328262076058512
0.78565,0.8328262076058512
0.7857000000000001,0.8328262076058512
0.7857499999999999,0.8328262076058512
0.7858000000000001,0.8328262076058512
0.7858499999999999,0.8328262076058512
0.7859,0.8328262076058512
0.7859499999999999,0.8328262076058512
0.786,0.8328262076058512
0.7860499999999999,0.8324903888804545
0.7861,0.8328262076058512
0.7861499999999999,0.8328262076058512
0.7862,0.8328262076058512
0.7862499999999999,0.8328262076058512
0.7863,0.8328262076058512
0.7863500000000001,0.8328262076058512
0.7864,0.8328262076058512
0.7864500000000001,0.8324903888804557
0.7865,0.8328262076058512
0.7865500000000001,0.8328262076058512
0.7866,0.8324903888804545
0.7866500000000001,0.8324903888804545
0.7867,0.8324903888804545
0.7867500000000001,0.8328262076058512
0.7867999999999999,0.8324903888804545
0.78685,0.8328262076058512
0.7868999999999999,0.8328262076058512
0.78695,0.8328262076058512
0.7869999999999999,0.8328262076058512
0.78705,0.8328262076058512
0.7870999999999999,0.8328262076058512
0.78715,0.8328262076058512
0.7871999999999999,0.8328262076058512
0.78725,0.8328262076058512
0.7873000000000001,0.8328262076058512
0.78735,0.8328262076058512
0.7874000000000001,0.8328262076058512
0.78745,0.8328262076058512
0.7875000000000001,0.8328262076058512
0.78755,0.8328262076058512
0.7876000000000001,0.8328262076058512
0.78765,0.8328262076058512
0.7877000000000001,0.8328262076058512
0.78775,0.8328262076058512
0.7878000000000001,0.8328262076058512
0.7878499999999999,0.8328262076058512
0.7879,0.8328262076058512
0.7879499999999999,0.8328262076058512
0.788,0.8328262076058512
0.7880499999999999,0.8328262076058512
0.7881,0.833162026331248
0.7881499999999999,0.833162026331248
0.7882,0.833162026331248
0.7882499999999999,0.833162026331248
0.7883,0.833162026331248
0.7883500000000001,0.833162026331248
0.7884,0.833162026331248
0.7884500000000001,0.833162026331248
0.7885,0.833162026331248
0.7885500000000001,0.833162026331248
0.7886,0.833162026331248
0.7886500000000001,0.8334978450566448
0.7887,0.833162026331248
0.7887500000000001,0.833162026331248
0.7887999999999999,0.833162026331248
0.7888500000000001,0.833162026331248
0.7888999999999999,0.833162026331248
0.78895,0.833162026331248
0.7889999999999999,0.833162026331248
0.78905,0.833162026331248
0.7890999999999999,0.833162026331248
0.78915,0.833162026331248
0.7891999999999999,0.833162026331248
0.78925,0.8334978450566448
0.7892999999999999,0.8334978450566448
0.78935,0.8334978450566448
0.7894000000000001,0.833162026331248
0.78945,0.833162026331248
0.7895000000000001,0.833162026331248
0.78955,0.833162026331248
0.7896000000000001,0.833162026331248
0.78965,0.833162026331248
0.7897000000000001,0.833162026331248
0.78975,0.833162026331248
0.7898000000000001,0.833162026331248
0.7898499999999999,0.833162026331248
0.7899,0.833162026331248
0.7899499999999999,0.833162026331248
0.79,0.833162026331248
0.7900499999999999,0.833162026331248
0.7901,0.833162026331248
0.7901499999999999,0.833162026331248
0.7902,0.833162026331248
0.7902499999999999,0.833162026331248
0.7903,0.833162026331248
0.7903500000000001,0.8334978450566436
0.7904,0.833162026331248
0.7904500000000001,0.833162026331248
0.7905,0.833162026331248
0.7905500000000001,0.833162026331248
0.7906,0.833162026331248
0.7906500000000001,0.833162026331248
0.7907,0.833162026331248
0.7907500000000001,0.833162026331248
0.7907999999999999,0.833162026331248
0.7908500000000001,0.833162026331248
0.7908999999999999,0.833162026331248
0.79095,0.833162026331248
0.7909999999999999,0.833162026331248
0.79105,0.833162026331248
0.7910999999999999,0.833162026331248
0.79115,0.833162026331248
0.7911999999999999,0.833162026331248
0.79125,0.833162026331248
0.7912999999999999,0.833162026331248
0.79135,0.833162026331248
0.7914000000000001,0.833162026331248
0.79145,0.833162026331248
0.7915000000000001,0.833162026331248
0.79155,0.833162026331248
0.7916000000000001,0.8334978450566448
0.79165,0.833162026331248
0.7917000000000001,0.833162026331248
0.79175,0.833162026331248
0.7918000000000001,0.8334978450566448
0.7918499999999999,0.8334978450566448
0.7919,0.8334978450566448
0.7919499999999999,0.833162026331248
0.792,0.8334978450566448
0.7920499999999999,0.833162026331248
0.7921,0.8334978450566448
0.7921499999999999,0.8334978450566448
0.7922,0.833162026331248
0.7922499999999999,0.833162026331248
0.7923,0.833162026331248
0.7923500000000001,0.833162026331248
0.7924,0.833162026331248
0.7924500000000001,0.8331620263312493
0.7925,0.8334978450566448
0.7925500000000001,0.833162026331248
0.7926,0.833162026331248
0.7926500000000001,0.833162026331248
0.7927,0.833162026331248
0.7927500000000001,0.833162026331248
0.7927999999999999,0.8328262076058512
0.7928500000000001,0.8328262076058512
0.7928999999999999,0.8328262076058512
0.79295,0.833162026331248
0.7929999999999999,0.833162026331248
0.79305,0.833162026331248
0.7930999999999999,0.8328262076058512
0.79315,0.833162026331248
0.7931999999999999,0.833162026331248
0.79325,0.833162026331248
0.7932999999999999,0.8328262076058525
0.79335,0.833162026331248
0.7934000000000001,0.8328262076058512
0.79345,0.8328262076058512
0.7935000000000001,0.8328262076058512
0.79355,0.8328262076058512
0.7936000000000001,0.8328262076058512
0.79365,0.8328262076058512
0.7937000000000001,0.8328262076058512
0.79375,0.8328262076058512
0.7938000000000001,0.8328262076058512
0.7938499999999999,0.8328262076058512
0.7939000000000001,0.8328262076058512
0.7939499999999999,0.8328262076058512
0.794,0.8328262076058512
0.7940499999999999,0.8328262076058512
0.7941,0.8328262076058512
0.7941499999999999,0.8328262076058512
0.7942,0.833162026331248
0.7942499999999999,0.833162026331248
0.7943,0.8328262076058512
0.7943499999999999,0.8331620263312468
0.7944,0.8328262076058512
0.7944500000000001,0.8328262076058525
0.7945,0.833162026331248
0.7945500000000001,0.8328262076058512
0.7946,0.833162026331248
0.7946500000000001,0.8328262076058512
0.7947,0.833162026331248
0.7947500000000001,0.8328262076058512
0.7948,0.833162026331248
0.7948500000000001,0.8328262076058512
0.7948999999999999,0.8328262076058512
0.79495,0.8328262076058512
0.7949999999999999,0.8328262076058512
0.79505,0.8328262076058512
0.7950999999999999,0.8328262076058512
0.79515,0.8328262076058512
0.7951999999999999,0.8328262076058512
0.79525,0.8328262076058512
0.7952999999999999,0.8328262076058512
0.79535,0.8328262076058512
0.7954000000000001,0.8328262076058525
0.79545,0.833162026331248
0.7955000000000001,0.8328262076058525
0.79555,0.833162026331248
0.7956000000000001,0.8328262076058512
0.79565,0.833162026331248
0.7957000000000001,0.8328262076058512
0.79575,0.833162026331248
0.7958000000000001,0.833162026331248
0.7958499999999999,0.8328262076058512
0.7959000000000001,0.8328262076058512
0.7959499999999999,0.8328262076058512
0.796,0.8328262076058512
0.7960499999999999,0.8328262076058512
0.7961,0.8328262076058512
0.7961499999999999,0.8328262076058512
0.7962,0.8328262076058512
0.7962499999999999,0.8328262076058512
0.7963,0.8328262076058512
0.7963499999999999,0.8328262076058512
0.7964,0.8328262076058512
0.7964500000000001,0.8328262076058512
0.7965,0.8328262076058512
0.7965500000000001,0.8328262076058525
0.7966,0.833162026331248
0.7966500000000001,0.8328262076058512
0.7967,0.8328262076058512
0.7967500000000001,0.833162026331248
0.7968,0.8328262076058512
0.7968500000000001,0.8328262076058512
0.7968999999999999,0.8328262076058512
0.79695,0.8328262076058512
0.7969999999999999,0.8328262076058512
0.79705,0.8328262076058512
0.7970999999999999,0.8328262076058512
0.79715,0.8328262076058512
0.7971999999999999,0.8328262076058512
0.79725,0.833162026331248
0.7972999999999999,0.8328262076058525
0.79735,0.833162026331248
0.7974000000000001,0.8328262076058525
0.79745,0.833162026331248
0.7975000000000001,0.8328262076058512
0.79755,0.8328262076058512
0.7976000000000001,0.833162026331248
0.79765,0.833162026331248
0.7977000000000001,0.8328262076058512
0.79775,0.8328262076058512
0.7978000000000001,0.8328262076058512
0.7978499999999999,0.8328262076058512
0.7979000000000001,0.833162026331248
0.7979499999999999,0.8328262076058512
0.798,0.8328262076058512
0.7980499999999999,0.8328262076058512
0.7981,0.8328262076058512
0.7981499999999999,0.8328262076058512
0.7982,0.8328262076058512
0.7982499999999999,0.8328262076058512
0.7983,0.8328262076058512
0.7983499999999999,0.8328262076058512
0.7984,0.8328262076058512
0.7984500000000001,0.8328262076058512
0.7985,0.8328262076058512
0.7985500000000001,0.8328262076058512
0.7986,0.8328262076058512
0.7986500000000001,0.8328262076058512
0.7987,0.8328262076058512
0.7987500000000001,0.8328262076058512
0.7988,0.8328262076058512
0.7988500000000001,0.8328262076058512
0.7988999999999999,0.8328262076058512
0.79895,0.8328262076058512
0.7989999999999999,0.8328262076058512
0.79905,0.8328262076058512
0.7990999999999999,0.8328262076058512
0.79915,0.8328262076058512
0.7991999999999999,0.833162026331248
0.79925,0.833162026331248
0.7992999999999999,0.8328262076058525
0.79935,0.8328262076058512
0.7994000000000001,0.8331620263312468
0.79945,0.8328262076058512
0.7995000000000001,0.8328262076058512
0.79955,0.8328262076058512
0.7996000000000001,0.8328262076058512
0.79965,0.8328262076058512
0.7997000000000001,0.8328262076058512
0.79975,0.8328262076058512
0.7998000000000001,0.8328262076058512
0.7998499999999999,0.8328262076058512
0.7999000000000001,0.8328262076058512
0.7999499999999999,0.833162026331248
0.8,0.8328262076058512
0.8000499999999999,0.833162026331248
0.8001,0.8328262076058512
0.8001499999999999,0.8328262076058512
0.8002,0.8328262076058512
0.8002499999999999,0.8328262076058512
0.8003,0.8328262076058512
0.8003499999999999,0.8328262076058512
0.8004,0.8328262076058512
0.8004500000000001,0.8328262076058512
0.8005,0.8328262076058512
0.8005500000000001,0.8328262076058512
0.8006,0.8328262076058512
0.8006500000000001,0.833162026331248
0.8007,0.8328262076058512
0.8007500000000001,0.833162026331248
0.8008,0.833162026331248
0.8008500000000001,0.8328262076058512
0.8008999999999999,0.833162026331248
0.8009500000000001,0.8328262076058512
0.8009999999999999,0.8328262076058512
0.80105,0.8328262076058512
0.8010999999999999,0.8328262076058512
0.80115,0.8328262076058512
0.8011999999999999,0.8328262076058512
0.80125,0.8328262076058512
0.8012999999999999,0.8328262076058512
0.80135,0.8328262076058512
0.8013999999999999,0.8328262076058512
0.80145,0.8328262076058512
0.8015000000000001,0.83282620760585
0.80155,0.8324903888804545
0.8016000000000001,0.8324903888804545
0.80165,0.8324903888804545
0.8017000000000001,0.8324903888804545
0.80175,0.8324903888804545
0.8018000000000001,0.8324903888804545
0.80185,0.8324903888804545
0.8019000000000001,0.8324903888804545
0.8019499999999999,0.8324903888804545
0.802,0.8324903888804545
0.8020499999999999,0.8328262076058512
0.8021,0.8324903888804545
0.8021499999999999,0.8324903888804545
0.8022,0.8324903888804545
0.8022499999999999,0.8324903888804545
0.8023,0.8324903888804545
0.8023499999999999,0.8324903888804545
0.8024,0.8324903888804545
0.8024500000000001,0.8324903888804545
0.8025,0.8324903888804545
0.8025500000000001,0.8324903888804545
0.8026,0.8324903888804545
0.8026500000000001,0.8324903888804545
0.8027,0.8324903888804545
0.8027500000000001,0.8324903888804545
0.8028,0.8324903888804545
0.8028500000000001,0.8324903888804545
0.8028999999999999,0.8328262076058512
0.8029500000000001,0.8324903888804545
0.8029999999999999,0.8324903888804545
0.80305,0.8324903888804545
0.8030999999999999,0.8324903888804545
0.80315,0.8324903888804545
0.8031999999999999,0.8324903888804545
0.80325,0.8324903888804545
0.8032999999999999,0.8324903888804545
0.80335,0.8324903888804545
0.8033999999999999,0.8324903888804545
0.80345,0.8324903888804545
0.8035000000000001,0.8324903888804545
0.80355,0.8324903888804545
0.8036000000000001,0.8324903888804545
0.80365,0.8324903888804545
0.8037000000000001,0.8324903888804545
0.80375,0.8324903888804545
0.8038000000000001,0.8324903888804545
0.80385,0.8324903888804545
0.8039000000000001,0.8324903888804545
0.8039499999999999,0.8324903888804545
0.804,0.8324903888804545
0.8040499999999999,0.8324903888804545
0.8041,0.8324903888804545
0.8041499999999999,0.8324903888804545
0.8042,0.8324903888804545
0.8042499999999999,0.8324903888804545
0.8043,0.8324903888804545
0.8043499999999999,0.8324903888804545
0.8044,0.8324903888804545
0.8044500000000001,0.8324903888804532
0.8045,0.8321545701550577
0.8045500000000001,0.8321545701550577
0.8046,0.8321545701550577
0.8046500000000001,0.8321545701550577
0.8047,0.8324903888804545
0.8047500000000001,0.8321545701550577
0.8048,0.8324903888804545
0.8048500000000001,0.8324903888804545
0.8048999999999999,0.8324903888804545
0.8049500000000001,0.8324903888804545
0.8049999999999999,0.8324903888804545
0.80505,0.8324903888804545
0.8050999999999999,0.8324903888804545
0.80515,0.8324903888804545
0.8051999999999999,0.8324903888804545
0.80525,0.8324903888804545
0.8052999999999999,0.83282620760585
0.80535,0.8324903888804545
0.8053999999999999,0.8324903888804545
0.80545,0.8324903888804545
0.8055000000000001,0.8324903888804545
0.80555,0.8324903888804545
0.8056000000000001,0.8324903888804545
0.80565,0.8324903888804545
0.8057000000000001,0.8324903888804545
0.80575,0.8324903888804545
0.8058000000000001,0.8324903888804545
0.80585,0.8324903888804545
0.8059000000000001,0.8324903888804545
0.8059499999999999,0.8324903888804545
0.806,0.8324903888804545
0.8060499999999999,0.8328262076058512
0.8061,0.8328262076058512
0.8061499999999999,0.8324903888804545
0.8062,0.8328262076058512
0.8062499999999999,0.8328262076058512
0.8063,0.8328262076058512
0.8063499999999999,0.8328262076058512
0.8064,0.8328262076058512
0.8064499999999999,0.8328262076058512
0.8065,0.8328262076058512
0.8065500000000001,0.8328262076058512
0.8066,0.8328262076058512
0.8066500000000001,0.8328262076058512
0.8067,0.8328262076058512
0.8067500000000001,0.8328262076058512
0.8068,0.8328262076058512
0.8068500000000001,0.8328262076058512
0.8069,0.8328262076058512
0.8069500000000001,0.8328262076058512
0.8069999999999999,0.8328262076058512
0.80705,0.8328262076058512
0.8070999999999999,0.8328262076058512
0.80715,0.8328262076058512
0.8071999999999999,0.8324903888804545
0.80725,0.8328262076058512
0.8072999999999999,0.8328262076058512
0.80735,0.8328262076058512
0.8073999999999999,0.8328262076058512
0.80745,0.8328262076058512
0.8075000000000001,0.8328262076058512
0.80755,0.8328262076058512
0.8076000000000001,0.8328262076058512
0.80765,0.8328262076058512
0.8077000000000001,0.8328262076058512
0.80775,0.8328262076058512
0.8078000000000001,0.8328262076058512
0.80785,0.8328262076058512
0.8079000000000001,0.8328262076058512
0.8079499999999999,0.8328262076058512
0.8080000000000001,0.8328262076058512
0.8080499999999999,0.833162026331248
0.8081,0.833162026331248
0.8081499999999999,0.833162026331248
0.8082,0.833162026331248
0.8082499999999999,0.833162026331248
0.8083,0.833162026331248
0.8083499999999999,0.833162026331248
0.8084,0.833162026331248
0.8084499999999999,0.833162026331248
0.8085,0.833162026331248
0.8085500000000001,0.833162026331248
0.8086,0.833162026331248
0.8086500000000001,0.833162026331248
0.8087,0.833162026331248
0.8087500000000001,0.833162026331248
0.8088,0.833162026331248
0.8088500000000001,0.833162026331248
0.8089,0.833162026331248
0.8089500000000001,0.833162026331248
0.8089999999999999,0.833162026331248
0.80905,0.833162026331248
0.8090999999999999,0.833162026331248
0.80915,0.833162026331248
0.8091999999999999,0.833162026331248
0.80925,0.8334978450566448
0.8092999999999999,0.8334978450566448
0.80935,0.8334978450566448
0.8093999999999999,0.8334978450566448
0.80945,0.8334978450566448
0.8095000000000001,0.8331620263312493
0.80955,0.8334978450566448
0.8096000000000001,0.8331620263312493
0.80965,0.8334978450566448
0.8097000000000001,0.833162026331248
0.80975,0.833162026331248
0.8098000000000001,0.833162026331248
0.80985,0.833162026331248
0.8099000000000001,0.833162026331248
0.8099499999999999,0.833162026331248
0.8100000000000001,0.833162026331248
0.8100499999999999,0.833162026331248
0.8101,0.833162026331248
0.8101499999999999,0.833162026331248
0.8102,0.833162026331248
0.8102499999999999,0.833162026331248
0.8103,0.833162026331248
0.8103499999999999,0.833162026331248
0.8104,0.833162026331248
0.8104499999999999,0.8334978450566436
0.8105,0.8334978450566448
0.8105500000000001,0.8334978450566436
0.8106,0.833162026331248
0.8106500000000001,0.833162026331248
0.8107,0.833162026331248
0.8107500000000001,0.833162026331248
0.8108,0.8328262076058512
0.8108500000000001,0.8328262076058512
0.8109,0.8328262076058512
0.8109500000000001,0.833162026331248
0.8109999999999999,0.833162026331248
0.81105,0.833162026331248
0.8110999999999999,0.833162026331248
0.81115,0.833162026331248
0.8111999999999999,0.833162026331248
0.81125,0.833162026331248
0.8112999999999999,0.833162026331248
0.81135,0.833162026331248
0.8113999999999999,0.833162026331248
0.81145,0.833162026331248
0.8115000000000001,0.8331620263312493
0.81155,0.8334978450566448
0.8116000000000001,0.8331620263312493
0.81165,0.8334978450566448
0.8117000000000001,0.8334978450566448
0.81175,0.833162026331248
0.8118000000000001,0.8334978450566448
0.81185,0.833162026331248
0.8119000000000001,0.833162026331248
0.8119499999999999,0.833162026331248
0.8120000000000001,0.833162026331248
0.8120499999999999,0.8334978450566448
0.8121,0.8334978450566448
0.8121499999999999,0.833162026331248
0.8122,0.833162026331248
0.8122499999999999,0.8334978450566448
0.8123,0.8334978450566448
0.8123499999999999,0.8334978450566448
0.8124,0.833162026331248
0.8124499999999999,0.8334978450566436
0.8125,0.833162026331248
0.8125500000000001,0.833162026331248
0.8126,0.833162026331248
0.8126500000000001,0.8331620263312468
0.8127,0.8328262076058512
0.8127500000000001,0.8328262076058512
0.8128,0.8328262076058512
0.8128500000000001,0.8328262076058512
0.8129,0.8328262076058512
0.8129500000000001,0.8328262076058512
0.8129999999999999,0.8328262076058512
0.8130500000000001,0.8328262076058512
0.8130999999999999,0.8328262076058512
0.81315,0.833162026331248
0.8131999999999999,0.8328262076058512
0.81325,0.833162026331248
0.8132999999999999,0.833162026331248
0.81335,0.8328262076058512
0.8133999999999999,0.8328262076058512
0.81345,0.833162026331248
0.8134999999999999,0.8328262076058525
0.81355,0.833162026331248
0.8136000000000001,0.833162026331248
0.81365,0.833162026331248
0.8137000000000001,0.833162026331248
0.81375,0.833162026331248
0.8138000000000001,0.8328262076058512
0.81385,0.8328262076058512
0.8139000000000001,0.8328262076058512
0.81395,0.833162026331248
0.8140000000000001,0.8328262076058512
0.8140499999999999,0.833162026331248
0.8141,0.8328262076058512
0.8141499999999999,0.8328262076058512
0.8142,0.8328262076058512
0.8142499999999999,0.8328262076058512
0.8143,0.8328262076058512
0.8143499999999999,0.8328262076058512
0.8144,0.8328262076058512
0.8144499999999999,0.8328262076058512
0.8145,0.833162026331248
0.8145500000000001,0.8328262076058512
0.8146,0.8328262076058512
0.8146500000000001,0.8328262076058512
0.8147,0.8328262076058512
0.8147500000000001,0.833162026331248
0.8148,0.833162026331248
0.8148500000000001,0.833162026331248
0.8149,0.833162026331248
0.8149500000000001,0.833162026331248
0.8149999999999999,0.8328262076058512
0.8150500000000001,0.8328262076058512
0.8150999999999999,0.8328262076058512
0.81515,0.8328262076058512
0.8151999999999999,0.833162026331248
0.81525,0.8328262076058512
0.8152999999999999,0.8328262076058512
0.81535,0.833162026331248
0.8153999999999999,0.833162026331248
0.81545,0.833162026331248
0.8154999999999999,0.833162026331248
0.81555,0.8328262076058512
0.8156000000000001,0.8331620263312468
0.81565,0.8328262076058512
0.8157000000000001,0.833162026331248
0.81575,0.833162026331248
0.8158000000000001,0.8328262076058512
0.81585,0.8328262076058512
0.8159000000000001,0.8328262076058512
0.81595,0.8328262076058512
0.8160000000000001,0.8328262076058512
0.8160499999999999,0.8328262076058512
0.8161,0.8328262076058512
0.8161499999999999,0.8328262076058512
0.8162,0.8328262076058512
0.8162499999999999,0.8328262076058512
0.8163,0.8328262076058512
0.8163499999999999,0.8328262076058512
0.8164,0.8328262076058512
0.8164499999999999,0.8328262076058512
0.8165,0.8328262076058512
0.8165500000000001,0.8328262076058512
0.8166,0.8328262076058512
0.8166500000000001,0.8328262076058512
0.8167,0.8328262076058512
0.8167500000000001,0.8328262076058512
0.8168,0.8328262076058512
0.8168500000000001,0.8328262076058512
0.8169,0.8328262076058512
0.8169500000000001,0.8328262076058512
0.8169999999999999,0.8328262076058512
0.8170500000000001,0.833162026331248
0.8170999999999999,0.833162026331248
0.81715,0.8328262076058512
0.8171999999999999,0.8328262076058512
0.81725,0.8328262076058512
0.8172999999999999,0.8328262076058512
0.81735,0.8328262076058512
0.8173999999999999,0.8328262076058512
0.81745,0.8328262076058512
0.8174999999999999,0.8328262076058512
0.81755,0.8328262076058512
0.8176000000000001,0.8331620263312468
0.81765,0.8328262076058512
0.8177000000000001,0.8328262076058512
0.81775,0.8328262076058512
0.8178000000000001,0.8328262076058512
0.81785,0.8328262076058512
0.8179000000000001,0.8328262076058512
0.81795,0.8328262076058512
0.8180000000000001,0.8328262076058512
0.8180499999999999,0.8328262076058512
0.8181,0.8328262076058512
0.8181499999999999,0.8328262076058512
0.8182,0.8328262076058512
0.8182499999999999,0.8328262076058512
0.8183,0.8328262076058512
0.8183499999999999,0.8328262076058512
0.8184,0.833162026331248
0.8184499999999999,0.833162026331248
0.8185,0.8328262076058512
0.8185500000000001,0.8328262076058512
0.8186,0.8328262076058512
0.8186500000000001,0.8328262076058512
0.8187,0.8328262076058512
0.8187500000000001,0.8328262076058512
0.8188,0.8328262076058512
0.8188500000000001,0.8328262076058512
0.8189,0.8328262076058512
0.8189500000000001,0.8328262076058512
0.819,0.8328262076058512
0.8190500000000001,0.8328262076058512
0.8190999999999999,0.833162026331248
0.81915,0.8328262076058512
0.8191999999999999,0.833162026331248
0.81925,0.833162026331248
0.8192999999999999,0.8328262076058512
0.81935,0.8328262076058512
0.8193999999999999,0.8331620263312468
0.81945,0.8328262076058512
0.8194999999999999,0.8328262076058512
0.81955,0.8328262076058512
0.8196000000000001,0.8328262076058512
0.81965,0.8328262076058512
0.8197000000000001,0.8328262076058512
0.81975,0.8328262076058512
0.8198000000000001,0.8328262076058512
0.81985,0.8328262076058512
0.8199000000000001,0.8328262076058512
0.81995,0.8328262076058512
0.8200000000000001,0.8328262076058512
0.8200499999999999,0.8328262076058512
0.8201000000000001,0.8328262076058512
0.8201499999999999,0.8328262076058512
0.8202,0.8328262076058512
0.8202499999999999,0.833162026331248
0.8203,0.833162026331248
0.8203499999999999,0.833162026331248
0.8204,0.8328262076058512
0.8204499999999999,0.8331620263312468
0.8205,0.8328262076058512
0.8205499999999999,0.8328262076058512
0.8206,0.8328262076058512
0.8206500000000001,0.8328262076058512
0.8207,0.8328262076058512
0.8207500000000001,0.8328262076058512
0.8208,0.8328262076058512
0.8208500000000001,0.8328262076058512
0.8209,0.8328262076058512
0.8209500000000001,0.833162026331248
0.821,0.833162026331248
0.8210500000000001,0.833162026331248
0.8210999999999999,0.8328262076058512
0.82115,0.8328262076058512
0.8211999999999999,0.833162026331248
0.82125,0.8328262076058512
0.8212999999999999,0.8328262076058512
0.82135,0.8328262076058512
0.8213999999999999,0.8328262076058512
0.82145,0.8328262076058512
0.8214999999999999,0.8328262076058512
0.82155,0.8328262076058512
0.8216000000000001,0.8328262076058512
0.82165,0.8328262076058512
0.8217000000000001,0.8324903888804545
0.82175,0.8324903888804545
0.8218000000000001,0.8324903888804545
0.82185,0.8324903888804545
0.8219000000000001,0.8324903888804545
0.82195,0.8324903888804545
0.8220000000000001,0.8324903888804545
0.8220499999999999,0.8324903888804545
0.8221000000000001,0.8324903888804545
0.8221499999999999,0.8324903888804545
0.8222,0.8324903888804545
0.8222499999999999,0.8324903888804545
0.8223,0.8324903888804545
0.8223499999999999,0.8324903888804545
0.8224,0.8324903888804545
0.8224499999999999,0.8324903888804545
0.8225,0.8324903888804545
0.8225499999999999,0.83282620760585
0.8226,0.8324903888804545
0.8226500000000001,0.8324903888804557
0.8227,0.8328262076058512
0.8227500000000001,0.8328262076058512
0.8228,0.8328262076058512
0.8228500000000001,0.8328262076058512
0.8229,0.8328262076058512
0.8229500000000001,0.8324903888804545
0.823,0.8324903888804545
0.8230500000000001,0.8324903888804545
0.8230999999999999,0.8324903888804545
0.82315,0.8324903888804545
0.8231999999999999,0.8324903888804545
0.82325,0.8324903888804545
0.8232999999999999,0.8328262076058512
0.82335,0.8324903888804545
0.8233999999999999,0.8324903888804545
0.82345,0.8324903888804545
0.8234999999999999,0.8324903888804545
0.82355,0.8324903888804545
0.8236000000000001,0.8324903888804557
0.82365,0.8328262076058512
0.8237000000000001,0.8328262076058512
0.82375,0.8328262076058512
0.8238000000000001,0.8324903888804545
0.82385,0.8324903888804545
0.8239000000000001,0.8324903888804545
0.82395,0.8324903888804545
0.8240000000000001,0.8324903888804545
0.8240499999999999,0.8328262076058512
0.8241000000000001,0.8328262076058512
0.8241499999999999,0.8328262076058512
0.8242,0.8324903888804545
0.8242499999999999,0.8324903888804545
0.8243,0.8324903888804545
0.8243499999999999,0.8324903888804545
0.8244,0.8324903888804545
0.8244499999999999,0.8324903888804545
0.8245,0.8324903888804545
0.8245499999999999,0.8324903888804545
0.8246,0.8324903888804545
0.8246500000000001,0.8324903888804545
0.8247,0.8324903888804545
0.8247500000000001,0.8324903888804545
0.8248,0.8324903888804545
0.8248500000000001,0.8324903888804545
0.8249,0.8324903888804545
0.8249500000000001,0.8324903888804545
0.825,0.8324903888804545
0.8250500000000001,0.8324903888804545
0.8250999999999999,0.8328262076058512
0.8251500000000001,0.8324903888804545
0.8251999999999999,0.8324903888804545
0.82525,0.8328262076058512
0.8252999999999999,0.8324903888804545
0.82535,0.8324903888804545
0.8253999999999999,0.8328262076058512
0.82545,0.8324903888804545
0.8254999999999999,0.8324903888804545
0.82555,0.8324903888804545
0.8255999999999999,0.8324903888804545
0.82565,0.8324903888804545
0.8257000000000001,0.8328262076058512
0.82575,0.8328262076058512
0.8258000000000001,0.8328262076058512
0.82585,0.8328262076058512
0.8259000000000001,0.8328262076058512
0.82595,0.8328262076058512
0.8260000000000001,0.8328262076058512
0.82605,0.8328262076058512
0.8261000000000001,0.8324903888804545
0.8261499999999999,0.8324903888804545
0.8262,0.8328262076058512
0.8262499999999999,0.8324903888804545
0.8263,0.8328262076058512
0.8263499999999999,0.8328262076058512
0.8264,0.8328262076058512
0.8264499999999999,0.8328262076058512
0.8265,0.8328262076058512
0.8265499999999999,0.8328262076058512
0.8266,0.8328262076058512
0.8266500000000001,0.8328262076058512
0.8267,0.8328262076058512
0.8267500000000001,0.8328262076058512
0.8268,0.8328262076058512
0.8268500000000001,0.8328262076058512
0.8269,0.8328262076058512
0.8269500000000001,0.8328262076058512
0.827,0.8328262076058512
0.8270500000000001,0.8328262076058512
0.8270999999999999,0.8324903888804545
0.8271500000000001,0.8324903888804545
0.8271999999999999,0.8324903888804545
0.82725,0.8328262076058512
0.8272999999999999,0.8328262076058512
0.82735,0.8328262076058512
0.8273999999999999,0.8328262076058512
0.82745,0.8328262076058512
0.8274999999999999,0.8328262076058512
0.82755,0.8328262076058512
0.8275999999999999,0.8328262076058512
0.82765,0.8328262076058512
0.8277000000000001,0.8328262076058512
0.82775,0.8328262076058512
0.8278000000000001,0.8328262076058512
0.82785,0.8328262076058512
0.8279000000000001,0.8328262076058512
0.82795,0.8328262076058512
0.8280000000000001,0.8328262076058512
0.82805,0.8328262076058512
0.8281000000000001,0.8328262076058512
0.8281499999999999,0.8328262076058512
0.8282,0.833162026331248
0.8282499999999999,0.8328262076058512
0.8283,0.833162026331248
0.8283499999999999,0.833162026331248
0.8284,0.833162026331248
0.8284499999999999,0.833162026331248
0.8285,0.833162026331248
0.8285499999999999,0.833162026331248
0.8286,0.833162026331248
0.8286500000000001,0.833162026331248
0.8287,0.833162026331248
0.8287500000000001,0.8328262076058525
0.8288,0.833162026331248
0.8288500000000001,0.833162026331248
0.8289,0.833162026331248
0.8289500000000001,0.833162026331248
0.829,0.833162026331248
0.8290500000000001,0.833162026331248
0.8290999999999999,0.8334978450566448
0.8291500000000001,0.833162026331248
0.8291999999999999,0.833162026331248
0.82925,0.833162026331248
0.8292999999999999,0.833162026331248
0.82935,0.833162026331248
0.8293999999999999,0.833162026331248
0.82945,0.833162026331248
0.8294999999999999,0.833162026331248
0.82955,0.833162026331248
0.8295999999999999,0.833162026331248
0.82965,0.833162026331248
0.8297000000000001,0.833162026331248
0.82975,0.833162026331248
0.8298000000000001,0.833162026331248
0.82985,0.833162026331248
0.8299000000000001,0.833162026331248
0.82995,0.833162026331248
0.8300000000000001,0.833162026331248
0.83005,0.833162026331248
0.8301000000000001,0.833162026331248
0.8301499999999999,0.833162026331248
0.8302,0.833162026331248
0.8302499999999999,0.833162026331248
0.8303,0.833162026331248
0.8303499999999999,0.833162026331248
0.8304,0.833162026331248
0.8304499999999999,0.833162026331248
0.8305,0.833162026331248
0.8305499999999999,0.833162026331248
0.8306,0.833162026331248
0.8306500000000001,0.833162026331248
0.8307,0.833162026331248
0.8307500000000001,0.833162026331248
0.8308,0.833162026331248
0.8308500000000001,0.833162026331248
0.8309,0.833162026331248
0.8309500000000001,0.833162026331248
0.831,0.833162026331248
0.8310500000000001,0.833162026331248
0.8310999999999999,0.8334978450566448
0.8311500000000001,0.833162026331248
0.8311999999999999,0.833162026331248
0.83125,0.833162026331248
0.8312999999999999,0.8334978450566448
0.83135,0.833162026331248
0.8313999999999999,0.833162026331248
0.83145,0.8334978450566448
0.8314999999999999,0.8334978450566448
0.83155,0.833162026331248
0.8315999999999999,0.8334978450566436
0.83165,0.833162026331248
0.8317000000000001,0.8334978450566448
0.83175,0.8334978450566448
0.8318000000000001,0.8334978450566448
0.83185,0.8334978450566448
0.8319000000000001,0.833162026331248
0.83195,0.833162026331248
0.8320000000000001,0.8334978450566448
0.83205,0.833162026331248
0.8321000000000001,0.833162026331248
0.8321499999999999,0.833162026331248
0.8322000000000001,0.833162026331248
0.8322499999999999,0.833162026331248
0.8323,0.833162026331248
0.8323499999999999,0.833162026331248
0.8324,0.833162026331248
0.8324499999999999,0.833162026331248
0.8325,0.833162026331248
0.8325499999999999,0.833162026331248
0.8326,0.8328262076058512
0.8326499999999999,0.8328262076058512
0.8327,0.8328262076058512
0.8327500000000001,0.8328262076058512
0.8328,0.8328262076058512
0.8328500000000001,0.8328262076058512
0.8329,0.8328262076058512
0.8329500000000001,0.833162026331248
0.833,0.833162026331248
0.8330500000000001,0.833162026331248
0.8331,0.8338336637820416
0.8331500000000001,0.8341694825074382
0.8331999999999999,0.834505301232835
0.83325,0.8351769386836285
0.8332999999999999,0.8358485761344219
0.83335,0.8365202135852154
0.8333999999999999,0.8375276697614056
0.83345,0.8388709446629927
0.8334999999999999,0.8398784008391792
0.83355,0.8412216757407698
0.8335999999999999,0.842564950642352
0.83365,0.8442440442693406
0.8337000000000001,0.8459231378963304
0.83375,0.847602231523308
0.8338000000000001,0.8492813251502991
0.83385,0.8512962375026722
0.8339000000000001,0.8533111498550527
0.83395,0.8553260622074332
0.8340000000000001,0.8576767932852103
0.83405,0.8606991618137811
0.8341000000000001,0.863385711616955
0.8341499999999999,0.8667438988709224
0.8342000000000001,0.8701020861248898
0.8342499999999999,0.8744677295550476
0.8343,0.8795050104359987
0.8343499999999999,0.8855497474931402
0.8344,0.8932735781772654
0.8344499999999999,0.9040197773899612
0.8345,0.9198032574836081
0.8345499999999999,0.9473403929660411
0.8346,1.028272705786757
0.8346499999999999,1.251927976900175
0.8347,1.545097724172347
0.8347500000000001,1.843976389776538
0.8348,2.143190874103949
0.8348500000000001,2.44341281460961
0.8349,2.710388701299051
0.8349500000000001,2.750686948346661
0.835,2.750686948346661
0.8350500000000001,2.750686948346661
0.8351,2.750686948346661
0.8351500000000001,2.750686948346661
0.8351999999999999,2.750686948346661
0.83525,2.750686948346661
0.8352999999999999,2.750686948346661
0.83535,2.750686948346661
0.8353999999999999,2.750686948346661
0.83545,2.750686948346661
0.8354999999999999,2.750686948346661
0.83555,2.750686948346661
0.8355999999999999,2.750686948346661
0.83565,2.750686948346661
0.8357000000000001,2.750686948346661
0.83575,2.750686948346661
0.8358000000000001,2.750686948346661
0.83585,2.750686948346661
0.8359000000000001,2.750686948346661
0.83595,2.750686948346661
0.8360000000000001,2.750686948346661
0.83605,2.750686948346661
0.8361000000000001,2.750686948346661
0.8361499999999999,2.750686948346661
0.8362000000000001,2.750686948346661
0.8362499999999999,2.750686948346661
0.8363,2.750686948346661
0.8363499999999999,2.750686948346661
0.8364,2.750686948346661
0.8364499999999999,2.750686948346661
0.8365,2.750686948346661
0.8365499999999999,2.750686948346661
0.8366,2.750686948346661
0.8366499999999999,2.750686948346661
0.8367,2.750686948346661
0.8367500000000001,2.750686948346661
0.8368,2.750686948346661
0.8368500000000001,2.750686948346661
0.8369,2.750686948346661
0.8369500000000001,2.750686948346661
0.837,2.750686948346661
0.8370500000000001,2.750686948346661
0.8371,2.750686948346661
0.8371500000000001,2.750686948346661
0.8371999999999999,2.750686948346661
0.83725,2.750686948346661
0.8372999999999999,2.750686948346661
0.83735,2.750686948346661
0.8373999999999999,2.750686948346661
0.83745,2.750686948346661
0.8374999999999999,2.750686948346661
0.83755,2.750686948346661
0.8375999999999999,2.750686948346661
0.83765,2.750686948346661
0.8376999999999999,2.750686948346661
0.83775,2.750686948346661
0.8378000000000001,2.750686948346661
0.83785,2.750686948346661
0.8379000000000001,2.750686948346661
0.83795,2.750686948346661
0.8380000000000001,2.750686948346661
0.83805,2.750686948346661
0.8381000000000001,2.750686948346661
0.83815,2.750686948346661
0.8382000000000001,2.750686948346661
0.8382499999999999,2.750686948346661
0.8383,2.750686948346661
0.8383499999999999,2.750686948346661
0.8384,2.750686948346661
0.8384499999999999,2.750686948346661
0.8385,2.750686948346661
0.8385499999999999,2.750686948346661
0.8386,2.750686948346661
0.8386499999999999,2.750686948346661
0.8387,2.750686948346661
0.8387500000000001,2.750686948346661
0.8388,2.750686948346661
0.8388500000000001,2.750686948346661
0.8389,2.750686948346661
0.8389500000000001,2.750686948346661
0.839,2.750686948346661
0.8390500000000001,2.750686948346661
0.8391,2.750686948346661
0.8391500000000001,2.750686948346661
0.8391999999999999,2.750686948346661
0.8392500000000001,2.750686948346661
0.8392999999999999,2.750686948346661
0.83935,2.750686948346661
0.8393999999999999,2.750686948346661
0.83945,2.750686948346661
0.8394999999999999,2.750686948346661
0.83955,2.750686948346661
0.8395999999999999,2.750686948346661
0.83965,2.750686948346661
0.8396999999999999,2.750686948346661
0.83975,2.750686948346661
0.8398000000000001,2.750686948346661
0.83985,2.750686948346661
0.8399000000000001,2.750686948346661
0.83995,2.750686948346661
0.8400000000000001,2.750686948346661
0.84005,2.750686948346661
0.8401000000000001,2.750686948346661
0.84015,2.750686948346661
0.8402000000000001,2.750686948346661
0.8402499999999999,2.750686948346661
0.8403,2.750686948346661
0.8403499999999999,2.750686948346661
0.8404,2.750686948346661
0.8404499999999999,2.750686948346661
0.8405,2.750686948346661
0.8405499999999999,2.750686948346661
0.8406,2.750686948346661
0.8406499999999999,2.750686948346661
0.8407,2.750686948346661
0.8407500000000001,2.750686948346661
0.8408,2.750686948346661
0.8408500000000001,2.750686948346661
0.8409,2.750686948346661
0.8409500000000001,2.750686948346661
0.841,2.750686948346661
0.8410500000000001,2.750686948346661
0.8411,2.750686948346661
0.8411500000000001,2.750686948346661
0.8411999999999999,2.750686948346661
0.8412500000000001,2.750686948346661
0.8412999999999999,2.750686948346661
0.84135,2.750686948346661
0.8413999999999999,2.750686948346661
0.84145,2.750686948346661
0.8414999999999999,2.750686948346661
0.84155,2.750686948346661
0.8415999999999999,2.750686948346661
0.84165,2.750686948346661
0.8416999999999999,2.750686948346661
0.84175,2.750686948346661
0.8418000000000001,2.750686948346661
0.84185,2.750686948346661
0.8419000000000001,2.750686948346661
0.84195,2.750686948346661
0.8420000000000001,2.750686948346661
0.84205,2.750686948346661
0.8421000000000001,2.750686948346661
0.84215,2.750686948346661
0.8422000000000001,2.750686948346661
0.8422499999999999,2.750686948346661
0.8423,2.750686948346661
0.8423499999999999,2.750686948346661
0.8424,2.750686948346661
0.8424499999999999,2.750686948346661
0.8425,2.750686948346661
0.8425499999999999,2.750686948346661
0.8426,2.750686948346661
0.8426499999999999,2.750686948346661
0.8427,2.750686948346661
0.8427500000000001,2.750686948346661
0.8428,2.750686948346661
0.8428500000000001,2.750686948346661
0.8429,2.750686948346661
0.8429500000000001,2.750686948346661
0.843,2.750686948346661
0.8430500000000001,2.750686948346661
0.8431,2.750686948346661
0.8431500000000001,2.750686948346661
0.8431999999999999,2.750686948346661
0.8432500000000001,2.750686948346661
0.8432999999999999,2.750686948346661
0.84335,2.750686948346661
0.8433999999999999,2.750686948346661
0.84345,2.750686948346661
0.8434999999999999,2.750686948346661
0.84355,2.750686948346661
0.8435999999999999,2.750686948346661
0.84365,2.750686948346661
0.8436999999999999,2.750686948346661
0.84375,2.750686948346661
0.8438000000000001,2.750686948346661
0.84385,2.750686948346661
0.8439000000000001,2.750686948346661
0.84395,2.750686948346661
0.8440000000000001,2.750686948346661
0.84405,2.750686948346661
0.8441000000000001,2.750686948346661
0.84415,2.750686948346661
0.8442000000000001,2.750686948346661
0.8442499999999999,2.750686948346661
0.8443000000000001,2.750686948346661
0.8443499999999999,2.750686948346661
0.8444,2.750686948346661
0.8444499999999999,2.750686948346661
0.8445,2.750686948346661
0.8445499999999999,2.750686948346661
0.8446,2.750686948346661
0.8446499999999999,2.561621005948981
0.8447,2.16065344782458
0.8447499999999999,1.761364983329303
0.8448,1.380546548727942
0.8448500000000001,1.058496391072009
0.8449,0.9335718252248746
0.8449500000000001,0.9063705084677383
0.845,0.8926019407264718
0.8450500000000001,0.8835348351407597
0.8451,0.8768184606328249
0.8451500000000001,0.871445361026477
0.8452,0.867415536321716
0.8452500000000001,0.8637215303423518
0.8452999999999999,0.8606991618137811
0.84535,0.8580126120106071
0.8453999999999999,0.8556618809328298
0.84545,0.8533111498550527
0.8454999999999999,0.8512962375026722
0.84555,0.8499529626010853
0.8455999999999999,0.8482738689741077
0.84565,0.8469305940725145
0.8456999999999999,0.845923137896328
0.84575,0.844915681720134
0.8458000000000001,0.8435724068185422
0.84585,0.8422291319169601
0.8459000000000001,0.8412216757407673
0.84595,0.8405500382899764
0.8460000000000001,0.8395425821137861
0.84605,0.8385351259375959
0.8461000000000001,0.8378634884868024
0.84615,0.8368560323106122
0.8462000000000001,0.8361843948598187
0.8462499999999999,0.8355127574090253
0.8463000000000001,0.8348411199582317
0.8463499999999999,0.8341694825074382
0.8464,0.8338336637820416
0.8464499999999999,0.8334978450566448
0.8465,0.833162026331248
0.8465499999999999,0.8328262076058512
0.8466,0.8324903888804545
0.8466499999999999,0.8324903888804545
0.8467,0.8324903888804545
0.8467499999999999,0.8324903888804545
0.8468,0.8324903888804545
0.8468500000000001,0.8324903888804545
0.8469,0.8324903888804545
0.8469500000000001,0.8324903888804545
0.847,0.8324903888804545
0.8470500000000001,0.8324903888804545
0.8471,0.8324903888804545
0.8471500000000001,0.8328262076058512
0.8472,0.8324903888804545
0.8472500000000001,0.8324903888804545
0.8472999999999999,0.8324903888804545
0.84735,0.8324903888804545
0.8473999999999999,0.8324903888804545
0.84745,0.8324903888804545
0.8474999999999999,0.8324903888804545
0.84755,0.8324903888804545
0.8475999999999999,0.8328262076058512
0.84765,0.8328262076058512
0.8476999999999999,0.8328262076058512
0.84775,0.8328262076058512
0.8478000000000001,0.8328262076058512
0.84785,0.8328262076058512
0.8479000000000001,0.8324903888804557
0.84795,0.8328262076058512
0.8480000000000001,0.8328262076058512
0.84805,0.8328262076058512
0.8481000000000001,0.8328262076058512
0.84815,0.8328262076058512
0.8482000000000001,0.833162026331248
0.8482499999999999,0.833162026331248
0.8483000000000001,0.833162026331248
0.8483499999999999,0.833162026331248
0.8484,0.833162026331248
0.8484499999999999,0.833162026331248
0.8485,0.8328262076058512
0.8485499999999999,0.8328262076058512
0.8486,0.8328262076058512
0.8486499999999999,0.8328262076058512
0.8487,0.8328262076058512
0.8487499999999999,0.8328262076058512
0.8488,0.833162026331248
0.8488500000000001,0.833162026331248
0.8489,0.833162026331248
0.8489500000000001,0.833162026331248
0.849,0.833162026331248
0.8490500000000001,0.833162026331248
0.8491,0.833162026331248
0.8491500000000001,0.833162026331248
0.8492,0.833162026331248
0.8492500000000001,0.833162026331248
0.8492999999999999,0.833162026331248
0.84935,0.833162026331248
0.8493999999999999,0.833162026331248
0.84945,0.833162026331248
0.8494999999999999,0.833162026331248
0.84955,0.833162026331248
0.8495999999999999,0.833162026331248
0.84965,0.833162026331248
0.8496999999999999,0.833162026331248
0.84975,0.833162026331248
0.8498000000000001,0.833162026331248
0.84985,0.833162026331248
0.8499000000000001,0.833162026331248
0.84995,0.833162026331248
0.8500000000000001,0.833162026331248
0.85005,0.833162026331248
0.8501000000000001,0.833162026331248
0.85015,0.833162026331248
0.8502000000000001,0.833162026331248
0.85025,0.833162026331248
0.8503000000000001,0.833162026331248
0.8503499999999999,0.833162026331248
0.8504,0.833162026331248
0.8504499999999999,0.833162026331248
0.8505,0.833162026331248
0.8505499999999999,0.833162026331248
0.8506,0.8328262076058512
0.8506499999999999,0.8328262076058512
0.8507,0.8328262076058512
0.8507499999999999,0.8328262076058512
0.8508,0.8328262076058512
0.8508500000000001,0.8328262076058525
0.8509,0.833162026331248
0.8509500000000001,0.833162026331248
0.851,0.833162026331248
0.8510500000000001,0.833162026331248
0.8511,0.833162026331248
0.8511500000000001,0.833162026331248
0.8512,0.833162026331248
0.8512500000000001,0.833162026331248
0.8512999999999999,0.833162026331248
0.8513500000000001,0.833162026331248
0.8513999999999999,0.833162026331248
0.85145,0.833162026331248
0.8514999999999999,0.833162026331248
0.85155,0.8334978450566448
0.8515999999999999,0.833162026331248
0.85165,0.8334978450566448
0.8516999999999999,0.8334978450566448
0.85175,0.833162026331248
0.8517999999999999,0.833162026331248
0.85185,0.833162026331248
0.8519000000000001,0.833162026331248
0.85195,0.833162026331248
0.8520000000000001,0.8334978450566448
0.85205,0.8334978450566448
0.8521000000000001,0.8334978450566448
0.85215,0.833162026331248
0.8522000000000001,0.8334978450566448
0.85225,0.833162026331248
0.8523000000000001,0.833162026331248
0.8523499999999999,0.833162026331248
0.8524,0.833162026331248
0.8524499999999999,0.8334978450566448
0.8525,0.8334978450566448
0.8525499999999999,0.833162026331248
0.8526,0.833162026331248
0.8526499999999999,0.833162026331248
0.8527,0.833162026331248
0.8527499999999999,0.8328262076058525
0.8528,0.833162026331248
0.8528500000000001,0.833162026331248
0.8529,0.833162026331248
0.8529500000000001,0.8328262076058512
0.853,0.8328262076058512
0.8530500000000001,0.8328262076058512
0.8531,0.833162026331248
0.8531500000000001,0.833162026331248
0.8532,0.833162026331248
0.8532500000000001,0.833162026331248
0.8532999999999999,0.833162026331248
0.8533500000000001,0.833162026331248
0.8533999999999999,0.833162026331248
0.85345,0.833162026331248
0.8534999999999999,0.833162026331248
0.85355,0.833162026331248
0.8535999999999999,0.8328262076058512
0.85365,0.8328262076058512
0.8536999999999999,0.8328262076058512
0.85375,0.8328262076058512
0.8537999999999999,0.8328262076058512
0.85385,0.8328262076058512
0.8539000000000001,0.8331620263312468
0.85395,0.8328262076058512
0.8540000000000001,0.8328262076058512
0.85405,0.8328262076058512
0.8541000000000001,0.8328262076058512
0.85415,0.8328262076058512
0.8542000000000001,0.8328262076058512
0.85425,0.8328262076058512
0.8543000000000001,0.8328262076058512
0.8543499999999999,0.8328262076058512
0.8544,0.8328262076058512
0.8544499999999999,0.8328262076058512
0.8545,0.833162026331248
0.8545499999999999,0.833162026331248
0.8546,0.833162026331248
0.8546499999999999,0.8328262076058512
0.8547,0.8328262076058512
0.8547499999999999,0.8328262076058512
0.8548,0.8328262076058512
0.8548500000000001,0.8328262076058512
0.8549,0.8328262076058512
0.8549500000000001,0.8328262076058512
0.855,0.8328262076058512
0.8550500000000001,0.8328262076058512
0.8551,0.8328262076058512
0.8551500000000001,0.8328262076058512
0.8552,0.8328262076058512
0.8552500000000001,0.8328262076058512
0.8552999999999999,0.8328262076058512
0.8553500000000001,0.8328262076058512
0.8553999999999999,0.8328262076058512
0.85545,0.8328262076058512
0.8554999999999999,0.8328262076058512
0.85555,0.8328262076058512
0.8555999999999999,0.8328262076058512
0.85565,0.8328262076058512
0.8556999999999999,0.8328262076058512
0.85575,0.8328262076058512
0.8557999999999999,0.8331620263312468
0.85585,0.8328262076058512
0.8559000000000001,0.8328262076058512
0.85595,0.8328262076058512
0.8560000000000001,0.8331620263312468
0.85605,0.8328262076058512
0.8561000000000001,0.833162026331248
0.85615,0.8328262076058512
0.8562000000000001,0.8328262076058512
0.85625,0.8328262076058512
0.8563000000000001,0.8328262076058512
0.8563499999999999,0.8328262076058512
0.8564000000000001,0.8328262076058512
0.8564499999999999,0.8328262076058512
0.8565,0.8328262076058512
0.8565499999999999,0.8328262076058512
0.8566,0.8328262076058512
0.8566499999999999,0.8328262076058512
0.8567,0.8328262076058512
0.8567499999999999,0.8328262076058512
0.8568,0.8328262076058512
0.8568499999999999,0.8328262076058512
0.8569,0.8328262076058512
0.8569500000000001,0.8328262076058512
0.857,0.8328262076058512
0.8570500000000001,0.8328262076058512
0.8571,0.8328262076058512
0.8571500000000001,0.8328262076058512
0.8572,0.8328262076058512
0.8572500000000001,0.833162026331248
0.8573,0.8328262076058512
0.8573500000000001,0.8328262076058512
0.8573999999999999,0.8328262076058512
0.85745,0.8328262076058512
0.8574999999999999,0.8328262076058512
0.85755,0.8328262076058512
0.8575999999999999,0.833162026331248
0.85765,0.8328262076058512
0.8576999999999999,0.8328262076058512
0.85775,0.8328262076058512
0.8577999999999999,0.8328262076058512
0.85785,0.8328262076058512
0.8579000000000001,0.8328262076058512
0.85795,0.8328262076058512
0.8580000000000001,0.8328262076058512
0.85805,0.8328262076058512
0.8581000000000001,0.8328262076058512
0.85815,0.8328262076058512
0.8582000000000001,0.8328262076058512
0.85825,0.8328262076058512
0.8583000000000001,0.8328262076058512
0.8583499999999999,0.8328262076058512
0.8584000000000001,0.833162026331248
0.8584499999999999,0.8328262076058512
0.8585,0.833162026331248
0.8585499999999999,0.8328262076058512
0.8586,0.8328262076058512
0.8586499999999999,0.8328262076058512
0.8587,0.8328262076058512
0.8587499999999999,0.8328262076058512
0.8588,0.8328262076058512
0.8588499999999999,0.8328262076058512
0.8589,0.8328262076058512
0.8589500000000001,0.8328262076058512
0.859,0.8328262076058512
0.8590500000000001,0.8328262076058512
0.8591,0.8328262076058512
0.8591500000000001,0.8328262076058512
0.8592,0.8328262076058512
0.8592500000000001,0.8328262076058512
0.8593,0.8328262076058512
0.8593500000000001,0.8328262076058512
0.8593999999999999,0.8328262076058512
0.85945,0.8328262076058512
0.8594999999999999,0.8328262076058512
0.85955,0.8328262076058512
0.8595999999999999,0.8328262076058512
0.85965,0.8328262076058512
0.8596999999999999,0.8328262076058512
0.85975,0.8328262076058512
0.8597999999999999,0.8328262076058512
0.85985,0.8328262076058512
0.8599000000000001,0.8328262076058512
0.85995,0.8328262076058512
0.8600000000000001,0.8328262076058512
0.86005,0.8328262076058512
0.8601000000000001,0.8328262076058512
0.86015,0.8328262076058512
0.8602000000000001,0.8328262076058512
0.86025,0.8328262076058512
0.8603000000000001,0.8328262076058512
0.8603499999999999,0.8328262076058512
0.8604000000000001,0.8328262076058512
0.8604499999999999,0.8328262076058512
0.8605,0.8328262076058512
0.8605499999999999,0.8328262076058512
0.8606,0.8328262076058512
0.8606499999999999,0.8328262076058512
0.8607,0.8328262076058512
0.8607499999999999,0.8328262076058512
0.8608,0.8328262076058512
0.8608499999999999,0.8328262076058512
0.8609,0.8328262076058512
0.8609500000000001,0.8328262076058512
0.861,0.8328262076058512
0.8610500000000001,0.8328262076058512
0.8611,0.8328262076058512
0.8611500000000001,0.8328262076058512
0.8612,0.8328262076058512
0.8612500000000001,0.8328262076058512
0.8613,0.8328262076058512
0.8613500000000001,0.8328262076058512
0.8613999999999999,0.8328262076058512
0.86145,0.8328262076058512
0.8614999999999999,0.8324903888804545
0.86155,0.8324903888804545
0.8615999999999999,0.8324903888804545
0.86165,0.8324903888804545
0.8616999999999999,0.8328262076058512
0.86175,0.8324903888804545
0.8617999999999999,0.8324903888804545
0.86185,0.8324903888804545
0.8619000000000001,0.8324903888804545
0.86195,0.8324903888804545
0.8620000000000001,0.8324903888804545
0.86205,0.8324903888804545
0.8621000000000001,0.8324903888804545
0.86215,0.8324903888804545
0.8622000000000001,0.8324903888804545
0.86225,0.8324903888804545
0.8623000000000001,0.8324903888804545
0.8623499999999999,0.8324903888804545
0.8624000000000001,0.8324903888804545
0.8624499999999999,0.8324903888804545
0.8625,0.8324903888804545
0.8625499999999999,0.8324903888804545
0.8626,0.8324903888804545
0.8626499999999999,0.8324903888804545
0.8627,0.8324903888804545
0.8627499999999999,0.8324903888804545
0.8628,0.8324903888804545
0.8628499999999999,0.83282620760585
0.8629,0.8328262076058512
0.8629500000000001,0.8324903888804545
0.863,0.8324903888804545
0.8630500000000001,0.8324903888804545
0.8631,0.8324903888804545
0.8631500000000001,0.8324903888804545
0.8632,0.8324903888804545
0.8632500000000001,0.8324903888804545
0.8633,0.8324903888804545
0.8633500000000001,0.8324903888804545
0.8633999999999999,0.8324903888804545
0.8634500000000001,0.8324903888804545
0.8634999999999999,0.8324903888804545
0.86355,0.8324903888804545
0.8635999999999999,0.8324903888804545
0.86365,0.8324903888804545
0.8636999999999999,0.8324903888804545
0.86375,0.8324903888804545
0.8637999999999999,0.8324903888804545
0.86385,0.8324903888804545
0.8638999999999999,0.8324903888804545
0.86395,0.8324903888804545
0.8640000000000001,0.8324903888804545
0.86405,0.8324903888804545
0.8641000000000001,0.8324903888804545
0.86415,0.8324903888804545
0.8642000000000001,0.8324903888804545
0.86425,0.8324903888804545
0.8643000000000001,0.8324903888804545
0.86435,0.8321545701550577
0.8644000000000001,0.8324903888804545
0.8644499999999999,0.8324903888804545
0.8645,0.8324903888804545
0.8645499999999999,0.8324903888804545
0.8646,0.8324903888804545
0.8646499999999999,0.8324903888804545
0.8647,0.8324903888804545
0.8647499999999999,0.8324903888804545
0.8648,0.8324903888804545
0.8648499999999999,0.8324903888804545
0.8649,0.8324903888804545
0.8649500000000001,0.8324903888804545
0.865,0.8324903888804545
0.8650500000000001,0.8324903888804545
0.8651,0.8324903888804545
0.8651500000000001,0.8324903888804545
0.8652,0.8324903888804545
0.8652500000000001,0.8324903888804545
0.8653,0.8324903888804545
0.8653500000000001,0.8324903888804545
0.8653999999999999,0.8324903888804545
0.8654500000000001,0.8324903888804545
0.8654999999999999,0.8324903888804545
0.86555,0.8328262076058512
0.8655999999999999,0.8328262076058512
0.86565,0.8324903888804545
0.8656999999999999,0.8324903888804545
0.86575,0.8328262076058512
0.8657999999999999,0.8324903888804557
0.86585,0.8328262076058512
0.8658999999999999,0.8324903888804557
0.86595,0.8328262076058512
0.8660000000000001,0.8324903888804545
0.86605,0.8324903888804545
0.8661000000000001,0.8324903888804557
0.86615,0.8328262076058512
0.8662000000000001,0.8328262076058512
0.86625,0.8324903888804545
0.8663000000000001,0.8328262076058512
0.86635,0.8324903888804545
0.8664000000000001,0.8328262076058512
0.8664499999999999,0.8328262076058512
0.8665,0.8328262076058512
0.8665499999999999,0.8328262076058512
0.8666,0.8328262076058512
0.8666499999999999,0.8328262076058512
0.8667,0.8328262076058512
0.8667499999999999,0.8328262076058512
0.8668,0.8328262076058512
0.8668499999999999,0.8328262076058512
0.8669,0.8328262076058512
0.8669500000000001,0.8328262076058512
0.867,0.8328262076058512
0.8670500000000001,0.8328262076058512
0.8671,0.8328262076058512
0.8671500000000001,0.8328262076058512
0.8672,0.8328262076058512
0.8672500000000001,0.8328262076058512
0.8673,0.8328262076058512
0.8673500000000001,0.8328262076058512
0.8673999999999999,0.8328262076058512
0.8674500000000001,0.8328262076058512
0.8674999999999999,0.8328262076058512
0.86755,0.8328262076058512
0.8675999999999999,0.8328262076058512
0.86765,0.8328262076058512
0.8676999999999999,0.8328262076058512
0.86775,0.8328262076058512
0.8677999999999999,0.8328262076058512
0.86785,0.8328262076058512
0.8678999999999999,0.8328262076058512
0.86795,0.8328262076058512
0.8680000000000001,0.8328262076058525
0.86805,0.833162026331248
0.8681000000000001,0.833162026331248
0.86815,0.833162026331248
0.8682000000000001,0.8328262076058512
0.86825,0.833162026331248
0.8683000000000001,0.833162026331248
0.86835,0.833162026331248
0.8684000000000001,0.833162026331248
0.8684499999999999,0.833162026331248
0.8685,0.8328262076058512
0.8685499999999999,0.833162026331248
0.8686,0.833162026331248
0.8686499999999999,0.833162026331248
0.8687,0.833162026331248
0.8687499999999999,0.833162026331248
0.8688,0.833162026331248
0.8688499999999999,0.833162026331248
0.8689,0.833162026331248
0.8689499999999999,0.833162026331248
0.869,0.833162026331248
0.8690500000000001,0.8331620263312493
0.8691,0.8334978450566448
0.8691500000000001,0.833162026331248
0.8692,0.833162026331248
0.8692500000000001,0.833162026331248
0.8693,0.833162026331248
0.8693500000000001,0.833162026331248
0.8694,0.833162026331248
0.8694500000000001,0.833162026331248
0.8694999999999999,0.833162026331248
0.86955,0.833162026331248
0.8695999999999999,0.8334978450566448
0.86965,0.833162026331248
0.8696999999999999,0.8334978450566448
0.86975,0.833162026331248
0.8697999999999999,0.833162026331248
0.86985,0.833162026331248
0.8698999999999999,0.833162026331248
0.86995,0.833162026331248
0.8700000000000001,0.833162026331248
0.87005,0.833162026331248
0.8701000000000001,0.833162026331248
0.87015,0.833162026331248
0.8702000000000001,0.833162026331248
0.87025,0.8334978450566448
0.8703000000000001,0.833162026331248
0.87035,0.833162026331248
0.8704000000000001,0.833162026331248
0.8704499999999999,0.833162026331248
0.8705000000000001,0.833162026331248
0.8705499999999999,0.833162026331248
0.8706,0.833162026331248
0.8706499999999999,0.8328262076058512
0.8707,0.833162026331248
0.8707499999999999,0.8328262076058512
0.8708,0.833162026331248
0.8708499999999999,0.8328262076058525
0.8709,0.833162026331248
0.8709499999999999,0.833162026331248
0.871,0.833162026331248
0.8710500000000001,0.833162026331248
0.8711,0.833162026331248
0.8711500000000001,0.833162026331248
0.8712,0.833162026331248
0.8712500000000001,0.833162026331248
0.8713,0.833162026331248
0.8713500000000001,0.833162026331248
0.8714,0.833162026331248
0.8714500000000001,0.833162026331248
0.8714999999999999,0.833162026331248
0.87155,0.833162026331248
0.8715999999999999,0.833162026331248
0.87165,0.833162026331248
0.8716999999999999,0.833162026331248
0.87175,0.8334978450566448
0.8717999999999999,0.8334978450566448
0.87185,0.8334978450566448
0.8718999999999999,0.8334978450566448
0.87195,0.833162026331248
0.8720000000000001,0.833162026331248
0.87205,0.833162026331248
0.8721000000000001,0.833162026331248
0.87215,0.833162026331248
0.8722000000000001,0.833162026331248
0.87225,0.833162026331248
0.8723000000000001,0.8334978450566448
0.87235,0.833162026331248
0.8724000000000001,0.8334978450566448
0.8724499999999999,0.8334978450566448
0.8725000000000001,0.833162026331248
0.8725499999999999,0.833162026331248
0.8726,0.833162026331248
0.8726499999999999,0.833162026331248
0.8727,0.833162026331248
0.8727499999999999,0.8328262076058512
0.8728,0.833162026331248
0.8728499999999999,0.8328262076058525
0.8729,0.833162026331248
0.8729499999999999,0.8328262076058525
0.873,0.8328262076058512
0.8730500000000001,0.8328262076058512
0.8731,0.8328262076058512
0.8731500000000001,0.8328262076058512
0.8732,0.8328262076058512
0.8732500000000001,0.8328262076058512
0.8733,0.8328262076058512
0.8733500000000001,0.8328262076058512
0.8734,0.8328262076058512
0.8734500000000001,0.8328262076058512
0.8734999999999999,0.8328262076058512
0.87355,0.8328262076058512
0.8735999999999999,0.8328262076058512
0.87365,0.8328262076058512
0.8736999999999999,0.8328262076058512
0.87375,0.8328262076058512
0.8737999999999999,0.8328262076058512
0.87385,0.8328262076058512
0.8738999999999999,0.8328262076058512
0.87395,0.8328262076058512
0.8740000000000001,0.8328262076058512
0.87405,0.8328262076058512
0.8741000000000001,0.8328262076058512
0.87415,0.8328262076058512
0.8742000000000001,0.8328262076058512
0.87425,0.8328262076058512
0.8743000000000001,0.8328262076058512
0.87435,0.8328262076058512
0.8744000000000001,0.8328262076058512
0.8744499999999999,0.8328262076058512
0.8745000000000001,0.8328262076058512
0.8745499999999999,0.8328262076058512
0.8746,0.833162026331248
0.8746499999999999,0.8328262076058512
0.8747,0.833162026331248
0.8747499999999999,0.8328262076058512
0.8748,0.8328262076058512
0.8748499999999999,0.8328262076058512
0.8749,0.8328262076058512
0.8749499999999999,0.8328262076058512
0.875,0.8328262076058512
0.8750500000000001,0.8328262076058512
0.8751,0.8328262076058512
0.8751500000000001,0.8328262076058512
0.8752,0.8328262076058512
0.8752500000000001,0.8328262076058512
0.8753,0.8328262076058512
0.8753500000000001,0.8328262076058512
0.8754,0.8328262076058512
0.8754500000000001,0.833162026331248
0.8754999999999999,0.8328262076058512
0.8755500000000001,0.8328262076058512
0.8755999999999999,0.8328262076058512
0.87565,0.8328262076058512
0.8756999999999999,0.8328262076058512
0.87575,0.8328262076058512
0.8757999999999999,0.8328262076058512
0.87585,0.8328262076058512
0.8758999999999999,0.8328262076058512
0.87595,0.8328262076058512
0.8759999999999999,0.8328262076058512
0.87605,0.8328262076058512
0.8761000000000001,0.833162026331248
0.87615,0.833162026331248
0.8762000000000001,0.8328262076058512
0.87625,0.833162026331248
0.8763000000000001,0.8328262076058512
0.87635,0.8328262076058512
0.8764000000000001,0.8328262076058512
0.87645,0.8328262076058512
0.8765000000000001,0.8328262076058512
0.8765499999999999,0.833162026331248
0.8766,0.8328262076058512
0.8766499999999999,0.8328262076058512
0.8767,0.8328262076058512
0.8767499999999999,0.8328262076058512
0.8768,0.8328262076058512
0.8768499999999999,0.8328262076058512
0.8769,0.8328262076058512
0.8769499999999999,0.8328262076058512
0.877,0.8328262076058512
0.8770500000000001,0.8331620263312468
0.8771,0.8328262076058512
0.8771500000000001,0.8328262076058512
0.8772,0.8328262076058512
0.8772500000000001,0.8328262076058512
0.8773,0.8328262076058512
0.8773500000000001,0.8328262076058512
0.8774,0.8328262076058512
0.8774500000000001,0.8328262076058512
0.8774999999999999,0.8328262076058512
0.8775500000000001,0.8328262076058512
0.8775999999999999,0.8328262076058512
0.87765,0.8328262076058512
0.8776999999999999,0.8328262076058512
0.87775,0.8328262076058512
0.8777999999999999,0.8328262076058512
0.87785,0.8328262076058512
0.8778999999999999,0.8328262076058512
0.87795,0.8328262076058512
0.8779999999999999,0.8328262076058512
0.87805,0.8328262076058512
0.8781000000000001,0.8328262076058512
0.87815,0.8328262076058512
0.8782000000000001,0.8331620263312468
0.87825,0.8328262076058512
0.8783000000000001,0.8328262076058512
0.87835,0.8328262076058512
0.8784000000000001,0.8328262076058512
0.87845,0.8328262076058512
0.8785000000000001,0.8328262076058512
0.8785499999999999,0.8328262076058512
0.8786,0.8328262076058512
0.8786499999999999,0.8328262076058512
0.8787,0.8328262076058512
0.8787499999999999,0.8328262076058512
0.8788,0.8328262076058512
0.8788499999999999,0.8328262076058512
0.8789,0.8328262076058512
0.8789499999999999,0.8328262076058512
0.879,0.8328262076058512
0.8790500000000001,0.8328262076058512
0.8791,0.8328262076058512
0.8791500000000001,0.8328262076058512
0.8792,0.8328262076058512
0.8792500000000001,0.8328262076058512
0.8793,0.833162026331248
0.8793500000000001,0.8328262076058512
0.8794,0.8328262076058512
0.8794500000000001,0.8328262076058512
0.8794999999999999,0.8328262076058512
0.8795500000000001,0.8328262076058512
0.8795999999999999,0.8328262076058512
0.87965,0.8328262076058512
0.8796999999999999,0.8328262076058512
0.87975,0.8328262076058512
0.8797999999999999,0.8328262076058512
0.87985,0.8328262076058512
0.8798999999999999,0.8328262076058512
0.87995,0.8328262076058512
0.8799999999999999,0.8328262076058512
0.88005,0.8328262076058512
0.8801000000000001,0.8328262076058512
0.88015,0.8328262076058512
0.8802000000000001,0.8328262076058512
0.88025,0.8328262076058512
0.8803000000000001,0.8328262076058512
0.88035,0.8328262076058512
0.8804000000000001,0.8328262076058512
0.88045,0.833162026331248
0.8805000000000001,0.833162026331248
0.8805499999999999,0.8328262076058512
0.8806,0.833162026331248
0.8806499999999999,0.8328262076058512
0.8807,0.8328262076058512
0.8807499999999999,0.8328262076058512
0.8808,0.8328262076058512
0.8808499999999999,0.8328262076058512
0.8809,0.8328262076058512
0.8809499999999999,0.8328262076058512
0.881,0.8328262076058512
0.8810500000000001,0.8328262076058512
0.8811,0.8328262076058512
0.8811500000000001,0.8328262076058512
0.8812,0.8328262076058512
0.8812500000000001,0.8328262076058512
0.8813,0.8328262076058512
0.8813500000000001,0.8328262076058512
0.8814,0.8328262076058512
0.8814500000000001,0.8328262076058512
0.8815,0.8324903888804545
0.8815500000000001,0.8324903888804545
0.8815999999999999,0.8324903888804545
0.88165,0.8324903888804545
0.8816999999999999,0.8324903888804545
0.88175,0.8324903888804545
0.8817999999999999,0.8324903888804545
0.88185,0.8324903888804545
0.8818999999999999,0.8324903888804545
0.88195,0.8324903888804545
0.8819999999999999,0.8324903888804545
0.88205,0.8324903888804545
0.8821000000000001,0.8324903888804545
0.88215,0.8324903888804545
0.8822000000000001,0.8324903888804557
0.88225,0.8328262076058512
0.8823000000000001,0.8324903888804545
0.88235,0.8324903888804545
0.8824000000000001,0.8324903888804545
0.88245,0.8324903888804545
0.8825000000000001,0.8324903888804545
0.8825499999999999,0.8324903888804545
0.8826000000000001,0.8324903888804545
0.8826499999999999,0.8324903888804545
0.8827,0.8324903888804545
0.8827499999999999,0.8324903888804545
0.8828,0.8328262076058512
0.8828499999999999,0.8324903888804545
0.8829,0.8328262076058512
0.8829499999999999,0.8324903888804557
0.883,0.8324903888804545
0.8830499999999999,0.8324903888804545
0.8831,0.8324903888804545
0.8831500000000001,0.8324903888804545
0.8832,0.8324903888804545
0.8832500000000001,0.8324903888804545
0.8833,0.8324903888804545
0.8833500000000001,0.8324903888804545
0.8834,0.8324903888804545
0.8834500000000001,0.8324903888804545
0.8835,0.8324903888804545
0.8835500000000001,0.8324903888804545
0.8835999999999999,0.8324903888804545
0.88365,0.8324903888804545
0.8836999999999999,0.8324903888804545
0.88375,0.8324903888804545
0.8837999999999999,0.8324903888804545
0.88385,0.8324903888804545
0.8838999999999999,0.8324903888804545
0.88395,0.8328262076058512
0.8839999999999999,0.8324903888804557
0.88405,0.8328262076058512
0.8841000000000001,0.8324903888804557
0.88415,0.8328262076058512
0.8842000000000001,0.8324903888804545
0.88425,0.8324903888804545
0.8843000000000001,0.8324903888804545
0.88435,0.8324903888804545
0.8844000000000001,0.8324903888804545
0.88445,0.8324903888804545
0.8845000000000001,0.8324903888804545
0.8845499999999999,0.8324903888804545
0.8846000000000001,0.8324903888804545
0.8846499999999999,0.8324903888804545
0.8847,0.8324903888804545
0.8847499999999999,0.8324903888804545
0.8848,0.8324903888804545
0.8848499999999999,0.8324903888804545
0.8849,0.8324903888804545
0.8849499999999999,0.8324903888804545
0.885,0.8324903888804545
0.8850499999999999,0.8324903888804545
0.8851,0.8324903888804545
0.8851500000000001,0.8324903888804545
0.8852,0.8324903888804545
0.8852500000000001,0.8324903888804557
0.8853,0.8328262076058512
0.8853500000000001,0.8324903888804545
0.8854,0.8324903888804545
0.8854500000000001,0.8324903888804545
0.8855,0.8324903888804545
0.8855500000000001,0.8324903888804545
0.8855999999999999,0.8324903888804545
0.88565,0.8324903888804545
0.8856999999999999,0.8328262076058512
0.88575,0.8324903888804545
0.8857999999999999,0.8324903888804545
0.88585,0.8324903888804545
0.8858999999999999,0.8324903888804545
0.88595,0.8324903888804545
0.8859999999999999,0.8324903888804545
0.88605,0.8324903888804545
0.8861000000000001,0.8324903888804557
0.88615,0.8328262076058512
0.8862000000000001,0.83282620760585
0.88625,0.8324903888804545
0.8863000000000001,0.8328262076058512
0.88635,0.8328262076058512
0.8864000000000001,0.8328262076058512
0.88645,0.8328262076058512
0.8865000000000001,0.8328262076058512
0.8865499999999999,0.8328262076058512
0.8866000000000001,0.8328262076058512
0.8866499999999999,0.8328262076058512
0.8867,0.8328262076058512
0.8867499999999999,0.8328262076058512
0.8868,0.8328262076058512
0.8868499999999999,0.8328262076058512
0.8869,0.8328262076058512
0.8869499999999999,0.8328262076058512
0.887,0.8328262076058512
0.8870499999999999,0.8328262076058512
0.8871,0.8328262076058512
0.8871500000000001,0.8328262076058512
0.8872,0.8328262076058512
0.8872500000000001,0.8328262076058512
0.8873,0.8328262076058512
0.8873500000000001,0.8328262076058512
0.8874,0.8328262076058512
0.8874500000000001,0.8328262076058512
0.8875,0.8328262076058512
0.8875500000000001,0.8328262076058512
0.8875999999999999,0.8328262076058512
0.8876500000000001,0.8328262076058512
0.8876999999999999,0.8328262076058512
0.88775,0.8324903888804545
0.8877999999999999,0.8328262076058512
0.88785,0.8328262076058512
0.8878999999999999,0.8328262076058512
0.88795,0.8328262076058512
0.8879999999999999,0.8331620263312468
0.88805,0.833162026331248
0.8880999999999999,0.833162026331248
0.88815,0.833162026331248
0.8882000000000001,0.833162026331248
0.88825,0.833162026331248
0.8883000000000001,0.833162026331248
0.88835,0.833162026331248
0.8884000000000001,0.833162026331248
0.88845,0.833162026331248
0.8885000000000001,0.833162026331248
0.88855,0.833162026331248
0.8886000000000001,0.8328262076058512
0.8886499999999999,0.833162026331248
0.8887,0.833162026331248
0.8887499999999999,0.833162026331248
0.8888,0.833162026331248
0.8888499999999999,0.833162026331248
0.8889,0.833162026331248
0.8889499999999999,0.833162026331248
0.889,0.833162026331248
0.8890499999999999,0.833162026331248
0.8891,0.833162026331248
0.8891500000000001,0.833162026331248
0.8892,0.833162026331248
0.8892500000000001,0.833162026331248
0.8893,0.833162026331248
0.8893500000000001,0.833162026331248
0.8894,0.833162026331248
0.8894500000000001,0.833162026331248
0.8895,0.833162026331248
0.8895500000000001,0.833162026331248
0.8895999999999999,0.833162026331248
0.8896500000000001,0.833162026331248
0.8896999999999999,0.833162026331248
0.88975,0.833162026331248
0.8897999999999999,0.833162026331248
0.88985,0.833162026331248
0.8898999999999999,0.833162026331248
0.88995,0.833162026331248
0.8899999999999999,0.833162026331248
0.89005,0.833162026331248
0.8900999999999999,0.833162026331248
0.89015,0.8334978450566448
0.8902000000000001,0.833162026331248
0.89025,0.833162026331248
0.8903000000000001,0.833162026331248
0.89035,0.833162026331248
0.8904000000000001,0.833162026331248
0.89045,0.833162026331248
0.8905000000000001,0.833162026331248
0.89055,0.833162026331248
0.8906000000000001,0.8328262076058512
0.8906499999999999,0.833162026331248
0.8907,0.833162026331248
0.8907499999999999,0.8328262076058512
0.8908,0.8328262076058512
0.8908499999999999,0.8328262076058512
0.8909,0.833162026331248
0.8909499999999999,0.833162026331248
0.891,0.833162026331248
0.8910499999999999,0.833162026331248
0.8911,0.833162026331248
0.8911500000000001,0.833162026331248
0.8912,0.833162026331248
0.8912500000000001,0.833162026331248
0.8913,0.833162026331248
0.8913500000000001,0.833162026331248
0.8914,0.833162026331248
0.8914500000000001,0.833162026331248
0.8915,0.833162026331248
0.8915500000000001,0.8334978450566448
0.8915999999999999,0.8334978450566448
0.8916500000000001,0.8334978450566448
0.8916999999999999,0.833162026331248
0.89175,0.8334978450566448
0.8917999999999999,0.8334978450566448
0.89185,0.833162026331248
0.8918999999999999,0.833162026331248
0.89195,0.833162026331248
0.8919999999999999,0.833162026331248
0.89205,0.8334978450566448
0.8920999999999999,0.8334978450566448
0.89215,0.8334978450566448
0.8922000000000001,0.8331620263312493
0.89225,0.8334978450566448
0.8923000000000001,0.8334978450566448
0.89235,0.8334978450566448
0.8924000000000001,0.833162026331248
0.89245,0.833162026331248
0.8925000000000001,0.833162026331248
0.89255,0.833162026331248
0.8926000000000001,0.833162026331248
0.8926499999999999,0.8328262076058512
0.8927,0.833162026331248
0.8927499999999999,0.8328262076058512
0.8928,0.833162026331248
0.8928499999999999,0.833162026331248
0.8929,0.833162026331248
0.8929499999999999,0.8328262076058512
0.893,0.8328262076058512
0.8930499999999999,0.8328262076058512
0.8931,0.8328262076058512
0.8931500000000001,0.8328262076058512
0.8932,0.8328262076058512
0.8932500000000001,0.8328262076058512
0.8933,0.8328262076058512
0.8933500000000001,0.8328262076058512
0.8934,0.833162026331248
0.8934500000000001,0.833162026331248
0.8935,0.8328262076058512
0.8935500000000001,0.8328262076058512
0.8935999999999999,0.8328262076058512
0.8936500000000001,0.8328262076058512
0.8936999999999999,0.833162026331248
0.89375,0.833162026331248
0.8937999999999999,0.8328262076058512
0.89385,0.833162026331248
0.8938999999999999,0.8328262076058512
0.89395,0.833162026331248
0.8939999999999999,0.833162026331248
0.89405,0.833162026331248
0.8940999999999999,0.833162026331248
0.89415,0.833162026331248
0.8942000000000001,0.8331620263312468
0.89425,0.8328262076058512
0.8943000000000001,0.8328262076058525
0.89435,0.833162026331248
0.8944000000000001,0.833162026331248
0.89445,0.833162026331248
0.8945000000000001,0.8328262076058512
0.89455,0.8328262076058512
0.8946000000000001,0.833162026331248
0.8946499999999999,0.8328262076058512
0.8947000000000001,0.833162026331248
0.8947499999999999,0.833162026331248
0.8948,0.8328262076058512
0.8948499999999999,0.8328262076058512
0.8949,0.8328262076058512
0.8949499999999999,0.8328262076058512
0.895,0.8328262076058512
0.8950499999999999,0.8328262076058512
0.8951,0.8328262076058512
0.8951499999999999,0.8328262076058512
0.8952,0.8328262076058512
0.8952500000000001,0.8331620263312468
0.8953,0.8328262076058512
0.8953500000000001,0.8328262076058512
0.8954,0.8328262076058512
0.8954500000000001,0.8328262076058512
0.8955,0.833162026331248
0.8955500000000001,0.833162026331248
0.8956,0.8328262076058512
0.8956500000000001,0.833162026331248
0.8956999999999999,0.8328262076058512
0.89575,0.8328262076058512
0.8957999999999999,0.8328262076058512
0.89585,0.8328262076058512
0.8958999999999999,0.8328262076058512
0.89595,0.833162026331248
0.8959999999999999,0.8328262076058525
0.89605,0.8328262076058512
0.8960999999999999,0.8328262076058512
0.89615,0.8328262076058512
0.8962000000000001,0.8328262076058512
0.89625,0.8328262076058512
0.8963000000000001,0.8328262076058512
0.89635,0.8328262076058512
0.8964000000000001,0.8328262076058512
0.89645,0.833162026331248
0.8965000000000001,0.833162026331248
0.89655,0.8328262076058512
0.8966000000000001,0.8328262076058512
0.8966499999999999,0.8328262076058512
0.8967000000000001,0.8328262076058512
0.8967499999999999,0.8328262076058512
0.8968,0.833162026331248
0.8968499999999999,0.8328262076058512
0.8969,0.8328262076058512
0.8969499999999999,0.8328262076058512
0.897,0.8328262076058512
0.8970499999999999,0.8331620263312468
0.8971,0.8328262076058512
0.8971499999999999,0.8331620263312468
0.8972,0.8328262076058512
0.8972500000000001,0.8328262076058512
0.8973,0.8328262076058512
0.8973500000000001,0.8331620263312468
0.8974,0.8328262076058512
0.8974500000000001,0.8328262076058512
0.8975,0.8328262076058512
0.8975500000000001,0.8328262076058512
0.8976,0.8328262076058512
0.8976500000000001,0.8328262076058512
0.8976999999999999,0.8328262076058512
0.89775,0.8328262076058512
0.8977999999999999,0.8328262076058512
0.89785,0.8328262076058512
0.8978999999999999,0.8328262076058512
0.89795,0.8328262076058512
0.8979999999999999,0.8328262076058512
0.89805,0.8328262076058512
0.8980999999999999,0.8328262076058512
0.89815,0.8328262076058512
0.8982000000000001,0.8328262076058512
0.89825,0.8328262076058512
0.8983000000000001,0.8331620263312468
0.89835,0.8328262076058512
0.8984000000000001,0.833162026331248
0.89845,0.8328262076058512
0.8985000000000001,0.8328262076058512
0.89855,0.8328262076058512
0.8986000000000001,0.8328262076058512
0.8986499999999999,0.8328262076058512
0.8987000000000001,0.8328262076058512
0.8987499999999999,0.8328262076058512
0.8988,0.8328262076058512
0.8988499999999999,0.8328262076058512
0.8989,0.8328262076058512
0.8989499999999999,0.8328262076058512
0.899,0.833162026331248
0.8990499999999999,0.8328262076058525
0.8991,0.8328262076058512
0.8991499999999999,0.8328262076058512
0.8992,0.8328262076058512
0.8992500000000001,0.8331620263312468
0.8993,0.8328262076058512
0.8993500000000001,0.8328262076058512
0.8994,0.8328262076058512
0.8994500000000001,0.8328262076058512
0.8995,0.8328262076058512
0.8995500000000001,0.8328262076058512
0.8996,0.8328262076058512
0.8996500000000001,0.8328262076058512
0.8996999999999999,0.8328262076058512
0.89975,0.8328262076058512
0.8997999999999999,0.8328262076058512
0.89985,0.8328262076058512
0.8998999999999999,0.8328262076058512
0.89995,0.8328262076058512
0.8999999999999999,0.8328262076058512
0.90005,0.8328262076058512
0.9000999999999999,0.8328262076058512
0.90015,0.8328262076058512
0.9001999999999999,0.8328262076058512
0.90025,0.8328262076058512
0.9003000000000001,0.8328262076058512
0.90035,0.8328262076058512
0.9004000000000001,0.8328262076058512
0.90045,0.8328262076058512
0.9005000000000001,0.8328262076058512
0.90055,0.8328262076058512
0.9006000000000001,0.8328262076058512
0.90065,0.8328262076058512
0.9007000000000001,0.8328262076058512
0.9007499999999999,0.8328262076058512
0.9008,0.8328262076058512
0.9008499999999999,0.8328262076058512
0.9009,0.8328262076058512
0.9009499999999999,0.8328262076058512
0.901,0.8328262076058512
0.9010499999999999,0.8328262076058512
0.9011,0.8328262076058512
0.9011499999999999,0.8328262076058512
0.9012,0.8328262076058512
0.9012500000000001,0.8328262076058512
0.9013,0.8328262076058512
0.9013500000000001,0.8328262076058512
0.9014,0.8328262076058512
0.9014500000000001,0.8328262076058512
0.9015,0.8324903888804545
0.9015500000000001,0.8324903888804545
0.9016,0.8328262076058512
0.9016500000000001,0.8324903888804545
0.9016999999999999,0.8324903888804545
0.9017500000000001,0.8324903888804545
0.9017999999999999,0.8324903888804545
0.90185,0.8324903888804545
0.9018999999999999,0.8324903888804545
0.90195,0.8324903888804545
0.9019999999999999,0.8324903888804545
0.90205,0.8324903888804545
0.9020999999999999,0.8324903888804545
0.90215,0.8324903888804545
0.9021999999999999,0.8324903888804545
0.90225,0.8324903888804545
0.9023000000000001,0.8324903888804545
0.90235,0.8324903888804545
0.9024000000000001,0.8324903888804545
0.90245,0.8324903888804545
0.9025000000000001,0.8324903888804545
0.90255,0.8324903888804545
0.9026000000000001,0.8324903888804545
0.90265,0.8324903888804545
0.9027000000000001,0.8324903888804545
0.9027499999999999,0.8324903888804545
0.9028,0.8324903888804545
0.9028499999999999,0.8328262076058512
0.9029,0.8324903888804545
0.9029499999999999,0.8324903888804545
0.903,0.8324903888804545
0.9030499999999999,0.8324903888804545
0.9031,0.8324903888804545
0.9031499999999999,0.8324903888804545
0.9032,0.8324903888804545
0.9032500000000001,0.8324903888804545
0.9033,0.8324903888804545
0.9033500000000001,0.8324903888804532
0.9034,0.8321545701550577
0.9034500000000001,0.8324903888804545
0.9035,0.8324903888804545
0.9035500000000001,0.8324903888804545
0.9036,0.8324903888804545
0.9036500000000001,0.8324903888804545
0.9036999999999999,0.8324903888804545
0.9037500000000001,0.8324903888804545
0.9037999999999999,0.8324903888804545
0.90385,0.8324903888804545
0.9038999999999999,0.8324903888804545
0.90395,0.8324903888804545
0.9039999999999999,0.8324903888804545
0.90405,0.8324903888804545
0.9040999999999999,0.8324903888804545
0.90415,0.8324903888804545
0.9041999999999999,0.8324903888804545
0.90425,0.8324903888804545
0.9043000000000001,0.8324903888804545
0.90435,0.8324903888804545
0.9044000000000001,0.8321545701550589
0.90445,0.8324903888804545
0.9045000000000001,0.8324903888804545
0.90455,0.8324903888804545
0.9046000000000001,0.8324903888804545
0.90465,0.8324903888804545
0.9047000000000001,0.8324903888804545
0.9047499999999999,0.8324903888804545
0.9048,0.8324903888804545
0.9048499999999999,0.8324903888804545
0.9049,0.8324903888804545
0.9049499999999999,0.8324903888804545
0.905,0.8324903888804545
0.9050499999999999,0.8324903888804545
0.9051,0.8324903888804545
0.9051499999999999,0.8324903888804545
0.9052,0.8324903888804545
0.9052500000000001,0.8324903888804545
0.9053,0.8324903888804545
0.9053500000000001,0.8324903888804545
0.9054,0.8324903888804545
0.9054500000000001,0.8324903888804545
0.9055,0.8328262076058512
0.9055500000000001,0.8328262076058512
0.9056,0.8328262076058512
0.9056500000000001,0.8328262076058512
0.9056999999999999,0.8328262076058512
0.9057500000000001,0.8328262076058512
0.9057999999999999,0.8328262076058512
0.90585,0.8328262076058512
0.9058999999999999,0.8328262076058512
0.90595,0.8328262076058512
0.9059999999999999,0.8328262076058512
0.90605,0.8328262076058512
0.9060999999999999,0.8324903888804557
0.90615,0.8328262076058512
0.9061999999999999,0.8328262076058512
0.90625,0.8328262076058512
0.9063000000000001,0.8324903888804545
0.90635,0.8324903888804545
0.9064000000000001,0.8328262076058512
0.90645,0.8328262076058512
0.9065000000000001,0.8328262076058512
0.90655,0.8328262076058512
0.9066000000000001,0.8328262076058512
0.90665,0.8328262076058512
0.9067000000000001,0.8328262076058512
0.9067499999999999,0.8328262076058512
0.9068000000000001,0.8324903888804545
0.9068499999999999,0.8328262076058512
0.9069,0.8328262076058512
0.9069499999999999,0.8328262076058512
0.907,0.8328262076058512
0.9070499999999999,0.8328262076058512
0.9071,0.8328262076058512
0.9071499999999999,0.8328262076058512
0.9072,0.8328262076058512
0.9072499999999999,0.8328262076058512
0.9073,0.8328262076058512
0.9073500000000001,0.8328262076058512
0.9074,0.8328262076058512
0.9074500000000001,0.8328262076058512
0.9075,0.8328262076058512
0.9075500000000001,0.8328262076058512
0.9076,0.8328262076058512
0.9076500000000001,0.8328262076058512
0.9077,0.8328262076058512
0.9077500000000001,0.8328262076058512
0.9077999999999999,0.8328262076058512
0.90785,0.8328262076058512
0.9078999999999999,0.833162026331248
0.90795,0.8328262076058512
0.9079999999999999,0.833162026331248
0.90805,0.833162026331248
0.9080999999999999,0.833162026331248
0.90815,0.833162026331248
0.9081999999999999,0.833162026331248
0.90825,0.833162026331248
0.9083000000000001,0.833162026331248
0.90835,0.833162026331248
0.9084000000000001,0.833162026331248
0.90845,0.833162026331248
0.9085000000000001,0.8328262076058512
0.90855,0.833162026331248
0.9086000000000001,0.833162026331248
0.90865,0.833162026331248
0.9087000000000001,0.833162026331248
0.9087499999999999,0.833162026331248
0.9088000000000001,0.833162026331248
0.9088499999999999,0.833162026331248
0.9089,0.833162026331248
0.9089499999999999,0.8334978450566448
0.909,0.833162026331248
0.9090499999999999,0.8334978450566448
0.9091,0.833162026331248
0.9091499999999999,0.833162026331248
0.9092,0.833162026331248
0.9092499999999999,0.833162026331248
0.9093,0.833162026331248
0.9093500000000001,0.833162026331248
0.9094,0.833162026331248
0.9094500000000001,0.833162026331248
0.9095,0.833162026331248
0.9095500000000001,0.833162026331248
0.9096,0.833162026331248
0.9096500000000001,0.833162026331248
0.9097,0.833162026331248
0.9097500000000001,0.833162026331248
0.9097999999999999,0.833162026331248
0.90985,0.833162026331248
0.9098999999999999,0.833162026331248
0.90995,0.833162026331248
0.9099999999999999,0.833162026331248
0.91005,0.833162026331248
0.9100999999999999,0.833162026331248
0.91015,0.833162026331248
0.9101999999999999,0.8334978450566436
0.91025,0.833162026331248
0.9103000000000001,0.833162026331248
0.91035,0.833162026331248
0.9104000000000001,0.833162026331248
0.91045,0.833162026331248
0.9105000000000001,0.833162026331248
0.91055,0.833162026331248
0.9106000000000001,0.833162026331248
0.91065,0.833162026331248
0.9107000000000001,0.833162026331248
0.9107499999999999,0.833162026331248
0.9108000000000001,0.833162026331248
0.9108499999999999,0.833162026331248
0.9109,0.833162026331248
0.9109499999999999,0.833162026331248
0.911,0.833162026331248
0.9110499999999999,0.833162026331248
0.9111,0.8334978450566448
0.9111499999999999,0.8331620263312493
0.9112,0.833162026331248
0.9112499999999999,0.833162026331248
0.9113,0.833162026331248
0.9113500000000001,0.833162026331248
0.9114,0.833162026331248
0.9114500000000001,0.8334978450566448
0.9115,0.8334978450566448
0.9115500000000001,0.833162026331248
0.9116,0.8334978450566448
0.9116500000000001,0.833162026331248
0.9117,0.833162026331248
0.9117500000000001,0.833162026331248
0.9117999999999999,0.833162026331248
0.91185,0.833162026331248
0.9118999999999999,0.833162026331248
0.91195,0.8334978450566448
0.9119999999999999,0.833162026331248
0.91205,0.833162026331248
0.9120999999999999,0.833162026331248
0.91215,0.833162026331248
0.9121999999999999,0.8334978450566436
0.91225,0.833162026331248
0.9123000000000001,0.8334978450566436
0.91235,0.833162026331248
0.9124000000000001,0.833162026331248
0.91245,0.833162026331248
0.9125000000000001,0.8334978450566448
0.91255,0.833162026331248
0.9126000000000001,0.833162026331248
0.91265,0.8328262076058512
0.9127000000000001,0.833162026331248
0.91275,0.833162026331248
0.9128000000000001,0.833162026331248
0.9128499999999999,0.833162026331248
0.9129,0.833162026331248
0.9129499999999999,0.8328262076058512
0.913,0.8328262076058512
0.9130499999999999,0.833162026331248
0.9131,0.8328262076058512
0.9131499999999999,0.8328262076058512
0.9132,0.833162026331248
0.9132499999999999,0.833162026331248
0.9133,0.833162026331248
0.9133500000000001,0.833162026331248
0.9134,0.833162026331248
0.9134500000000001,0.8328262076058512
0.9135,0.8328262076058512
0.9135500000000001,0.8328262076058512
0.9136,0.8328262076058512
0.9136500000000001,0.833162026331248
0.9137,0.8328262076058512
0.9137500000000001,0.8328262076058512
0.9137999999999999,0.8328262076058512
0.9138500000000001,0.8328262076058512
0.9138999999999999,0.8328262076058512
0.91395,0.833162026331248
0.9139999999999999,0.833162026331248
0.91405,0.8328262076058512
0.9140999999999999,0.8328262076058512
0.91415,0.8328262076058512
0.9141999999999999,0.8328262076058512
0.91425,0.833162026331248
0.9142999999999999,0.8328262076058525
0.91435,0.833162026331248
0.9144000000000001,0.833162026331248
0.91445,0.833162026331248
0.9145000000000001,0.833162026331248
0.91455,0.833162026331248
0.9146000000000001,0.833162026331248
0.91465,0.833162026331248
0.9147000000000001,0.833162026331248
0.91475,0.8328262076058512
0.9148000000000001,0.833162026331248
0.9148499999999999,0.833162026331248
0.9149,0.833162026331248
0.9149499999999999,0.8328262076058512
0.915,0.8328262076058512
0.9150499999999999,0.833162026331248
0.9151,0.833162026331248
0.9151499999999999,0.8328262076058525
0.9152,0.8328262076058512
0.9152499999999999,0.8331620263312468
0.9153,0.8328262076058512
0.9153500000000001,0.8328262076058525
0.9154,0.833162026331248
0.9154500000000001,0.8328262076058525
0.9155,0.833162026331248
0.9155500000000001,0.833162026331248
0.9156,0.833162026331248
0.9156500000000001,0.833162026331248
0.9157,0.833162026331248
0.9157500000000001,0.833162026331248
0.9157999999999999,0.8328262076058512
0.9158500000000001,0.8328262076058512
0.9158999999999999,0.8328262076058512
0.91595,0.8328262076058512
0.9159999999999999,0.8328262076058512
0.91605,0.8328262076058512
0.9160999999999999,0.8328262076058512
0.91615,0.8328262076058512
0.9161999999999999,0.8328262076058512
0.91625,0.8328262076058512
0.9162999999999999,0.8331620263312468
0.91635,0.8328262076058512
0.9164000000000001,0.8328262076058512
0.91645,0.8328262076058512
0.9165000000000001,0.8328262076058512
0.91655,0.8328262076058512
0.9166000000000001,0.833162026331248
0.91665,0.8328262076058512
0.9167000000000001,0.8328262076058512
0.91675,0.8328262076058512
0.9168000000000001,0.8328262076058512
0.9168499999999999,0.8328262076058512
0.9169,0.8328262076058512
0.9169499999999999,0.8328262076058512
0.917,0.8328262076058512
0.9170499999999999,0.8328262076058512
0.9171,0.8328262076058512
0.9171499999999999,0.8328262076058512
0.9172,0.8328262076058512
0.9172499999999999,0.8328262076058512
0.9173,0.8328262076058512
0.9173500000000001,0.8328262076058512
0.9174,0.8328262076058512
0.9174500000000001,0.8328262076058525
0.9175,0.833162026331248
0.9175500000000001,0.833162026331248
0.9176,0.8328262076058512
0.9176500000000001,0.8328262076058512
0.9177,0.8328262076058512
0.9177500000000001,0.8328262076058512
0.9177999999999999,0.8328262076058512
0.9178500000000001,0.8328262076058512
0.9178999999999999,0.8328262076058512
0.91795,0.8328262076058512
0.9179999999999999,0.8328262076058512
0.91805,0.8328262076058512
0.9180999999999999,0.8328262076058512
0.91815,0.8328262076058512
0.9181999999999999,0.8328262076058512
0.91825,0.8328262076058512
0.9182999999999999,0.8331620263312468
0.91835,0.8328262076058512
0.9184000000000001,0.8328262076058512
0.91845,0.8328262076058512
0.9185000000000001,0.8331620263312468
0.91855,0.8328262076058512
0.9186000000000001,0.8328262076058512
0.91865,0.8328262076058512
0.9187000000000001,0.8328262076058512
0.91875,0.8328262076058512
0.9188000000000001,0.8328262076058512
0.9188499999999999,0.8328262076058512
0.9189000000000001,0.833162026331248
0.9189499999999999,0.8328262076058512
0.919,0.8328262076058512
0.9190499999999999,0.8328262076058512
0.9191,0.8328262076058512
0.9191499999999999,0.833162026331248
0.9192,0.8328262076058512
0.9192499999999999,0.8328262076058512
0.9193,0.8328262076058512
0.9193499999999999,0.8328262076058512
0.9194,0.833162026331248
0.9194500000000001,0.833162026331248
0.9195,0.833162026331248
0.9195500000000001,0.8328262076058512
0.9196,0.8328262076058512
0.9196500000000001,0.8328262076058512
0.9197,0.8328262076058512
0.9197500000000001,0.8328262076058512
0.9198,0.8328262076058512
0.9198500000000001,0.8328262076058512
0.9198999999999999,0.8328262076058512
0.91995,0.8328262076058512
0.9199999999999999,0.8328262076058512
0.92005,0.8328262076058512
0.9200999999999999,0.8324903888804545
0.92015,0.8328262076058512
0.9201999999999999,0.8328262076058512
0.92025,0.8328262076058512
0.9202999999999999,0.8328262076058512
0.92035,0.8328262076058512
0.9204000000000001,0.8328262076058512
0.92045,0.8328262076058512
0.9205000000000001,0.8328262076058512
0.92055,0.8328262076058512
0.9206000000000001,0.8328262076058512
0.92065,0.8328262076058512
0.9207000000000001,0.8328262076058512
0.92075,0.8328262076058512
0.9208000000000001,0.8328262076058512
0.9208499999999999,0.8328262076058512
0.9209000000000001,0.8328262076058512
0.9209499999999999,0.8328262076058512
0.921,0.8328262076058512
0.9210499999999999,0.8328262076058512
0.9211,0.8328262076058512
0.9211499999999999,0.8328262076058512
0.9212,0.8328262076058512
0.9212499999999999,0.8328262076058512
0.9213,0.8328262076058512
0.9213499999999999,0.8328262076058512
0.9214,0.8324903888804545
0.9214500000000001,0.8324903888804545
0.9215,0.8324903888804545
0.9215500000000001,0.83282620760585
0.9216,0.8324903888804545
0.9216500000000001,0.8324903888804545
0.9217,0.8324903888804545
0.9217500000000001,0.8324903888804545
0.9218,0.8324903888804545
0.9218500000000001,0.8324903888804545
0.9218999999999999,0.8324903888804545
0.92195,0.8324903888804545
0.9219999999999999,0.8324903888804545
0.92205,0.8324903888804545
0.9220999999999999,0.8328262076058512
0.92215,0.8324903888804545
0.9221999999999999,0.8324903888804545
0.92225,0.8324903888804545
0.9222999999999999,0.8324903888804545
0.92235,0.8324903888804545
0.9224000000000001,0.8324903888804545
0.92245,0.8324903888804545
0.9225000000000001,0.8324903888804545
0.92255,0.8324903888804545
0.9226000000000001,0.8324903888804545
0.92265,0.8324903888804545
0.9227000000000001,0.8324903888804545
0.92275,0.8324903888804545
0.9228000000000001,0.8324903888804545
0.9228499999999999,0.8324903888804545
0.9229000000000001,0.8324903888804545
0.9229499999999999,0.8324903888804545
0.923,0.8324903888804545
0.9230499999999999,0.8324903888804545
0.9231,0.8324903888804545
0.9231499999999999,0.8324903888804545
0.9232,0.8324903888804545
0.9232499999999999,0.8324903888804545
0.9233,0.8324903888804545
0.9233499999999999,0.8324903888804545
0.9234,0.8324903888804545
0.9234500000000001,0.8324903888804557
0.9235,0.8328262076058512
0.9235500000000001,0.83282620760585
0.9236,0.8324903888804545
0.9236500000000001,0.8324903888804545
0.9237,0.8324903888804545
0.9237500000000001,0.8324903888804545
0.9238,0.8324903888804545
0.9238500000000001,0.8324903888804545
0.9238999999999999,0.8324903888804545
0.92395,0.8324903888804545
0.9239999999999999,0.8324903888804545
0.92405,0.8324903888804545
0.9240999999999999,0.8324903888804545
0.92415,0.8324903888804545
0.9241999999999999,0.8324903888804545
0.92425,0.8324903888804545
0.9242999999999999,0.8324903888804545
0.92435,0.8324903888804545
0.9244000000000001,0.8324903888804545
0.92445,0.8324903888804545
0.9245000000000001,0.8324903888804545
0.92455,0.8324903888804545
0.9246000000000001,0.8324903888804545
0.92465,0.8324903888804545
0.9247000000000001,0.8324903888804545
0.92475,0.8324903888804545
0.9248000000000001,0.8324903888804545
0.9248499999999999,0.8324903888804545
0.9249000000000001,0.8324903888804545
0.9249499999999999,0.8324903888804545
0.925,0.8324903888804545
0.9250499999999999,0.8324903888804545
0.9251,0.8324903888804545
0.9251499999999999,0.8328262076058512
0.9252,0.8324903888804545
0.9252499999999999,0.8324903888804545
0.9253,0.8324903888804545
0.9253499999999999,0.8324903888804545
0.9254,0.8324903888804545
0.9254500000000001,0.8324903888804545
0.9255,0.8324903888804545
0.9255500000000001,0.8324903888804545
0.9256,0.8324903888804545
0.9256500000000001,0.8324903888804545
0.9257,0.8324903888804545
0.9257500000000001,0.8324903888804545
0.9258,0.8328262076058512
0.9258500000000001,0.8328262076058512
0.9258999999999999,0.8328262076058512
0.9259500000000001,0.8328262076058512
0.9259999999999999,0.8328262076058512
0.92605,0.8328262076058512
0.9260999999999999,0.8324903888804545
0.92615,0.8328262076058512
0.9261999999999999,0.8328262076058512
0.92625,0.8328262076058512
0.9262999999999999,0.8328262076058512
0.92635,0.8324903888804545
0.9263999999999999,0.83282620760585
0.92645,0.8324903888804545
0.9265000000000001,0.8328262076058512
0.92655,0.8328262076058512
0.9266000000000001,0.8328262076058512
0.92665,0.8328262076058512
0.9267000000000001,0.8328262076058512
0.92675,0.8324903888804545
0.9268000000000001,0.8328262076058512
0.92685,0.8328262076058512
0.9269000000000001,0.8328262076058512
0.9269499999999999,0.8328262076058512
0.927,0.8328262076058512
0.9270499999999999,0.8328262076058512
0.9271,0.8328262076058512
0.9271499999999999,0.8328262076058512
0.9272,0.8328262076058512
0.9272499999999999,0.8328262076058512
0.9273,0.8328262076058512
0.9273499999999999,0.8324903888804557
0.9274,0.8328262076058512
0.9274500000000001,0.8328262076058512
0.9275,0.8328262076058512
0.9275500000000001,0.8328262076058512
0.9276,0.8328262076058512
0.9276500000000001,0.8328262076058512
0.9277,0.8328262076058512
0.9277500000000001,0.8328262076058512
0.9278,0.8328262076058512
0.9278500000000001,0.8328262076058512
0.9278999999999999,0.8328262076058512
0.9279500000000001,0.833162026331248
0.9279999999999999,0.833162026331248
0.92805,0.833162026331248
0.9280999999999999,0.833162026331248
0.92815,0.833162026331248
0.9281999999999999,0.833162026331248
0.92825,0.833162026331248
0.9282999999999999,0.833162026331248
0.92835,0.8334978450566448
0.9283999999999999,0.8331620263312493
0.92845,0.833162026331248
0.9285000000000001,0.833162026331248
0.92855,0.833162026331248
0.9286000000000001,0.833162026331248
0.92865,0.833162026331248
0.9287000000000001,0.833162026331248
0.92875,0.833162026331248
0.9288000000000001,0.833162026331248
0.92885,0.833162026331248
0.9289000000000001,0.833162026331248
0.9289499999999999,0.833162026331248
0.929,0.833162026331248
0.9290499999999999,0.8334978450566448
0.9291,0.833162026331248
0.9291499999999999,0.833162026331248
0.9292,0.833162026331248
0.9292499999999999,0.833162026331248
0.9293,0.833162026331248
0.9293499999999999,0.833162026331248
0.9294,0.833162026331248
0.9294500000000001,0.833162026331248
0.9295,0.833162026331248
0.9295500000000001,0.833162026331248
0.9296,0.833162026331248
0.9296500000000001,0.833162026331248
0.9297,0.833162026331248
0.9297500000000001,0.833162026331248
0.9298,0.833162026331248
0.9298500000000001,0.833162026331248
0.9298999999999999,0.833162026331248
0.9299500000000001,0.8334978450566448
0.9299999999999999,0.833162026331248
0.93005,0.8334978450566448
0.9300999999999999,0.8334978450566448
0.93015,0.8334978450566448
0.9301999999999999,0.833162026331248
0.93025,0.833162026331248
0.9302999999999999,0.833162026331248
0.93035,0.833162026331248
0.9303999999999999,0.833162026331248
0.93045,0.8334978450566448
0.9305000000000001,0.833162026331248
0.93055,0.833162026331248
0.9306000000000001,0.833162026331248
0.93065,0.833162026331248
0.9307000000000001,0.833162026331248
0.93075,0.833162026331248
0.9308000000000001,0.833162026331248
0.93085,0.833162026331248
0.9309000000000001,0.833162026331248
0.9309499999999999,0.833162026331248
0.931,0.833162026331248
0.9310499999999999,0.833162026331248
0.9311,0.833162026331248
0.9311499999999999,0.833162026331248
0.9312,0.833162026331248
0.9312499999999999,0.833162026331248
0.9313,0.833162026331248
0.9313499999999999,0.833162026331248
0.9314,0.833162026331248
0.9314499999999999,0.833162026331248
0.9315,0.833162026331248
0.9315500000000001,0.833162026331248
0.9316,0.833162026331248
0.9316500000000001,0.8334978450566448
0.9317,0.8334978450566448
0.9317500000000001,0.8334978450566448
0.9318,0.8334978450566448
0.9318500000000001,0.8334978450566448
0.9319,0.833162026331248
0.9319500000000001,0.8334978450566448
0.9319999999999999,0.833162026331248
0.93205,0.833162026331248
0.9320999999999999,0.8334978450566448
0.93215,0.8334978450566448
0.9321999999999999,0.8334978450566448
0.93225,0.8334978450566448
0.9322999999999999,0.8334978450566448
0.93235,0.8334978450566448
0.9323999999999999,0.8334978450566448
0.93245,0.8334978450566448
0.9325000000000001,0.8334978450566436
0.93255,0.833162026331248
0.9326000000000001,0.833162026331248
0.93265,0.833162026331248
0.9327000000000001,0.833162026331248
0.93275,0.833162026331248
0.9328000000000001,0.833162026331248
0.93285,0.833162026331248
0.9329000000000001,0.833162026331248
0.9329499999999999,0.833162026331248
0.9330000000000001,0.8328262076058512
0.9330499999999999,0.833162026331248
0.9331,0.833162026331248
0.9331499999999999,0.833162026331248
0.9332,0.833162026331248
0.9332499999999999,0.8328262076058512
0.9333,0.8328262076058512
0.9333499999999999,0.8328262076058512
0.9334,0.8328262076058512
0.9334499999999999,0.8328262076058512
0.9335,0.8328262076058512
0.9335500000000001,0.8328262076058512
0.9336,0.8328262076058512
0.9336500000000001,0.8328262076058512
0.9337,0.833162026331248
0.9337500000000001,0.8328262076058512
0.9338,0.8328262076058512
0.9338500000000001,0.833162026331248
0.9339,0.8328262076058512
0.9339500000000001,0.833162026331248
0.9339999999999999,0.833162026331248
0.93405,0.833162026331248
0.9340999999999999,0.833162026331248
0.93415,0.8328262076058512
0.9341999999999999,0.833162026331248
0.93425,0.833162026331248
0.9342999999999999,0.833162026331248
0.93435,0.833162026331248
0.9343999999999999,0.833162026331248
0.93445,0.833162026331248
0.9345000000000001,0.8331620263312468
0.93455,0.8328262076058512
0.9346000000000001,0.8328262076058512
0.93465,0.8328262076058512
0.9347000000000001,0.8328262076058512
0.93475,0.8328262076058512
0.9348000000000001,0.8328262076058512
0.93485,0.8328262076058512
0.9349000000000001,0.8328262076058512
0.9349499999999999,0.8328262076058512
0.9350000000000001,0.8328262076058512
0.9350499999999999,0.8328262076058512
0.9351,0.833162026331248
0.9351499999999999,0.833162026331248
0.9352,0.8328262076058512
0.9352499999999999,0.833162026331248
0.9353,0.8328262076058512
0.9353499999999999,0.8331620263312468
0.9354,0.8328262076058512
0.9354499999999999,0.8331620263312468
0.9355,0.8328262076058512
0.9355500000000001,0.8331620263312468
0.9356,0.8328262076058512
0.9356500000000001,0.8328262076058512
0.9357,0.8328262076058512
0.9357500000000001,0.8328262076058512
0.9358,0.8328262076058512
0.9358500000000001,0.8328262076058512
0.9359,0.8328262076058512
0.9359500000000001,0.8328262076058512
0.9359999999999999,0.8328262076058512
0.93605,0.833162026331248
0.9360999999999999,0.833162026331248
0.93615,0.833162026331248
0.9361999999999999,0.833162026331248
0.93625,0.833162026331248
0.9362999999999999,0.833162026331248
0.93635,0.8328262076058512
0.9363999999999999,0.8331620263312468
0.93645,0.833162026331248
0.9365000000000001,0.833162026331248
0.93655,0.833162026331248
0.9366000000000001,0.8331620263312468
0.93665,0.8328262076058512
0.9367000000000001,0.833162026331248
0.93675,0.833162026331248
0.9368000000000001,0.833162026331248
0.93685,0.8328262076058512
0.9369000000000001,0.8328262076058512
0.9369499999999999,0.8328262076058512
0.9370000000000001,0.8328262076058512
0.9370499999999999,0.8328262076058512
0.9371,0.8328262076058512
0.9371499999999999,0.8328262076058512
0.9372,0.8328262076058512
0.9372499999999999,0.833162026331248
0.9373,0.833162026331248
0.9373499999999999,0.8328262076058525
0.9374,0.8328262076058512
0.9374499999999999,0.8328262076058512
0.9375,0.8328262076058512
0.9375500000000001,0.8328262076058512
0.9376,0.8328262076058512
0.9376500000000001,0.8328262076058512
0.9377,0.8328262076058512
0.9377500000000001,0.8328262076058512
0.9378,0.8328262076058512
0.9378500000000001,0.8328262076058512
0.9379,0.8328262076058512
0.9379500000000001,0.8328262076058512
0.9379999999999999,0.833162026331248
0.9380500000000001,0.833162026331248
0.9380999999999999,0.8328262076058512
0.93815,0.8328262076058512
0.9381999999999999,0.8328262076058512
0.93825,0.8328262076058512
0.9382999999999999,0.833162026331248
0.93835,0.8328262076058512
0.9383999999999999,0.8328262076058512
0.93845,0.8328262076058512
0.9384999999999999,0.8328262076058512
0.93855,0.8328262076058512
0.9386000000000001,0.8328262076058512
0.93865,0.8328262076058512
0.9387000000000001,0.8328262076058512
0.93875,0.8328262076058512
0.9388000000000001,0.8328262076058512
0.93885,0.8328262076058512
0.9389000000000001,0.8328262076058512
0.93895,0.8328262076058512
0.9390000000000001,0.8328262076058512
0.9390499999999999,0.8328262076058512
0.9391,0.8328262076058512
0.9391499999999999,0.8328262076058512
0.9392,0.8328262076058512
0.9392499999999999,0.8328262076058512
0.9393,0.8328262076058512
0.9393499999999999,0.8328262076058512
0.9394,0.8328262076058512
0.9394499999999999,0.8328262076058512
0.9395,0.8328262076058512
0.9395500000000001,0.8328262076058512
0.9396,0.8328262076058512
0.9396500000000001,0.8328262076058512
0.9397,0.8328262076058512
0.9397500000000001,0.8328262076058512
0.9398,0.8328262076058512
0.9398500000000001,0.8328262076058512
0.9399,0.8328262076058512
0.9399500000000001,0.8328262076058512
0.9399999999999999,0.8328262076058512
0.9400500000000001,0.8328262076058512
0.9400999999999999,0.8328262076058512
0.94015,0.8328262076058512
0.9401999999999999,0.8328262076058512
0.94025,0.8328262076058512
0.9402999999999999,0.8328262076058512
0.94035,0.8328262076058512
0.9403999999999999,0.8328262076058512
0.94045,0.8328262076058512
0.9404999999999999,0.8328262076058512
0.94055,0.8328262076058512
0.9406000000000001,0.8328262076058512
0.94065,0.8328262076058512
0.9407000000000001,0.8328262076058512
0.94075,0.8328262076058512
0.9408000000000001,0.8328262076058512
0.94085,0.8328262076058512
0.9409000000000001,0.8328262076058512
0.94095,0.8328262076058512
0.9410000000000001,0.833162026331248
0.9410499999999999,0.8328262076058512
0.9411,0.8328262076058512
0.9411499999999999,0.8328262076058512
0.9412,0.8328262076058512
0.9412499999999999,0.8328262076058512
0.9413,0.8328262076058512
0.9413499999999999,0.8328262076058512
0.9414,0.8328262076058512
0.9414499999999999,0.8328262076058512
0.9415,0.8324903888804545
0.9415500000000001,0.8324903888804545
0.9416,0.8324903888804545
0.9416500000000001,0.8324903888804545
0.9417,0.8324903888804545
0.9417500000000001,0.8324903888804545
0.9418,0.8324903888804545
0.9418500000000001,0.8324903888804545
0.9419,0.8324903888804545
0.9419500000000001,0.8324903888804545
0.9419999999999999,0.8324903888804545
0.9420500000000001,0.8324903888804545
0.9420999999999999,0.8324903888804545
0.94215,0.8324903888804545
0.9421999999999999,0.8324903888804545
0.94225,0.8324903888804545
0.9422999999999999,0.8324903888804545
0.94235,0.8324903888804545
0.9423999999999999,0.8324903888804545
0.94245,0.8324903888804545
0.9424999999999999,0.8324903888804545
0.94255,0.8324903888804545
0.9426000000000001,0.8324903888804545
0.94265,0.8324903888804545
0.9427000000000001,0.8324903888804557
0.94275,0.8328262076058512
0.9428000000000001,0.8328262076058512
0.94285,0.8324903888804545
0.9429000000000001,0.8324903888804545
0.94295,0.8324903888804545
0.9430000000000001,0.8324903888804545
0.9430499999999999,0.8324903888804545
0.9431,0.8324903888804545
0.9431499999999999,0.8324903888804545
0.9432,0.8324903888804545
0.9432499999999999,0.8324903888804545
0.9433,0.8324903888804545
0.9433499999999999,0.8324903888804545
0.9434,0.8324903888804545
0.9434499999999999,0.8324903888804545
0.9435,0.8324903888804545
0.9435500000000001,0.8324903888804545
0.9436,0.8324903888804545
0.9436500000000001,0.8324903888804545
0.9437,0.8324903888804545
0.9437500000000001,0.8324903888804545
0.9438,0.8324903888804545
0.9438500000000001,0.8324903888804545
0.9439,0.8324903888804545
0.9439500000000001,0.8324903888804545
0.944,0.8328262076058512
0.9440500000000001,0.8324903888804545
0.9440999999999999,0.8328262076058512
0.94415,0.8324903888804545
0.9441999999999999,0.8324903888804545
0.94425,0.8324903888804545
0.9442999999999999,0.8324903888804545
0.94435,0.8324903888804545
0.9443999999999999,0.8324903888804545
0.94445,0.8324903888804545
0.9444999999999999,0.8324903888804545
0.94455,0.8324903888804545
0.9446000000000001,0.8324903888804545
0.94465,0.8324903888804545
0.9447000000000001,0.8324903888804545
0.94475,0.8324903888804545
0.9448000000000001,0.8324903888804545
0.94485,0.8324903888804545
0.9449000000000001,0.8324903888804545
0.94495,0.8324903888804545
0.9450000000000001,0.8324903888804545
0.9450499999999999,0.8324903888804545
0.9451000000000001,0.8324903888804545
0.9451499999999999,0.8328262076058512
0.9452,0.8324903888804545
0.9452499999999999,0.8324903888804545
0.9453,0.8324903888804545
0.9453499999999999,0.8324903888804545
0.9454,0.8324903888804545
0.9454499999999999,0.83282620760585
0.9455,0.8328262076058512
0.9455499999999999,0.8328262076058512
0.9456,0.8328262076058512
0.9456500000000001,0.8324903888804557
0.9457,0.8328262076058512
0.9457500000000001,0.8324903888804545
0.9458,0.8324903888804545
0.9458500000000001,0.8324903888804545
0.9459,0.8328262076058512
0.9459500000000001,0.8328262076058512
0.946,0.8328262076058512
0.9460500000000001,0.8324903888804545
0.9460999999999999,0.8324903888804545
0.94615,0.8328262076058512
0.9461999999999999,0.8328262076058512
0.94625,0.8328262076058512
0.9462999999999999,0.8328262076058512
0.94635,0.8328262076058512
0.9463999999999999,0.8324903888804557
0.94645,0.8324903888804545
0.9464999999999999,0.83282620760585
0.94655,0.8328262076058512
0.9466000000000001,0.8328262076058512
0.94665,0.8328262076058512
0.9467000000000001,0.8328262076058512
0.94675,0.8328262076058512
0.9468000000000001,0.8328262076058512
0.94685,0.8328262076058512
0.9469000000000001,0.8328262076058512
0.94695,0.8328262076058512
0.9470000000000001,0.8328262076058512
0.9470499999999999,0.8328262076058512
0.9471000000000001,0.8328262076058512
0.9471499999999999,0.8328262076058512
0.9472,0.8328262076058512
0.9472499999999999,0.8328262076058512
0.9473,0.8328262076058512
0.9473499999999999,0.8328262076058512
0.9474,0.8328262076058512
0.9474499999999999,0.8328262076058512
0.9475,0.8328262076058512
0.9475499999999999,0.8328262076058512
0.9476,0.8328262076058512
0.9476500000000001,0.8328262076058512
0.9477,0.8328262076058512
0.9477500000000001,0.8328262076058512
0.9478,0.8328262076058512
0.9478500000000001,0.833162026331248
0.9479,0.833162026331248
0.9479500000000001,0.8328262076058512
0.948,0.833162026331248
0.9480500000000001,0.833162026331248
0.9480999999999999,0.833162026331248
0.94815,0.833162026331248
0.9481999999999999,0.833162026331248
0.94825,0.833162026331248
0.9482999999999999,0.833162026331248
0.94835,0.833162026331248
0.9483999999999999,0.833162026331248
0.94845,0.833162026331248
0.9484999999999999,0.833162026331248
0.94855,0.833162026331248
0.9486000000000001,0.8334978450566436
0.94865,0.833162026331248
0.9487000000000001,0.833162026331248
0.94875,0.833162026331248
0.9488000000000001,0.833162026331248
0.94885,0.8334978450566448
0.9489000000000001,0.833162026331248
0.94895,0.833162026331248
0.9490000000000001,0.8334978450566448
0.9490499999999999,0.8334978450566448
0.9491000000000001,0.833162026331248
0.9491499999999999,0.833162026331248
0.9492,0.833162026331248
0.9492499999999999,0.833162026331248
0.9493,0.833162026331248
0.9493499999999999,0.833162026331248
0.9494,0.833162026331248
0.9494499999999999,0.833162026331248
0.9495,0.833162026331248
0.9495499999999999,0.833162026331248
0.9496,0.833162026331248
0.9496500000000001,0.8334978450566436
0.9497,0.833162026331248
0.9497500000000001,0.833162026331248
0.9498,0.833162026331248
0.9498500000000001,0.833162026331248
0.9499,0.833162026331248
0.9499500000000001,0.833162026331248
0.95,0.8334978450566448
0.9500500000000001,0.8334978450566448
0.9500999999999999,0.833162026331248
0.9501500000000001,0.833162026331248
0.9501999999999999,0.833162026331248
0.95025,0.833162026331248
0.9502999999999999,0.8334978450566448
0.95035,0.833162026331248
0.9503999999999999,0.833162026331248
0.95045,0.833162026331248
0.9504999999999999,0.833162026331248
0.95055,0.833162026331248
0.9505999999999999,0.833162026331248
0.95065,0.833162026331248
0.9507000000000001,0.833162026331248
0.95075,0.833162026331248
0.9508000000000001,0.833162026331248
0.95085,0.833162026331248
0.9509000000000001,0.8334978450566448
0.95095,0.833162026331248
0.9510000000000001,0.8334978450566448
0.95105,0.8334978450566448
0.9511000000000001,0.8334978450566448
0.9511499999999999,0.8334978450566448
0.9512,0.833162026331248
0.9512499999999999,0.833162026331248
0.9513,0.833162026331248
0.9513499999999999,0.833162026331248
0.9514,0.833162026331248
0.9514499999999999,0.8334978450566436
0.9515,0.833162026331248
0.9515499999999999,0.833162026331248
0.9516,0.833162026331248
0.9516500000000001,0.8331620263312493
0.9517,0.8334978450566448
0.9517500000000001,0.8334978450566448
0.9518,0.8334978450566448
0.9518500000000001,0.8334978450566448
0.9519,0.8334978450566448
0.9519500000000001,0.8334978450566448
0.952,0.8334978450566448
0.9520500000000001,0.8334978450566448
0.9520999999999999,0.8334978450566448
0.9521500000000001,0.8334978450566448
0.9521999999999999,0.8334978450566448
0.95225,0.8334978450566448
0.9522999999999999,0.8334978450566448
0.95235,0.8334978450566448
0.9523999999999999,0.8334978450566448
0.95245,0.8334978450566448
0.9524999999999999,0.8331620263312493
0.95255,0.8328262076058512
0.9525999999999999,0.8331620263312468
0.95265,0.833162026331248
0.9527000000000001,0.833162026331248
0.95275,0.833162026331248
0.9528000000000001,0.8328262076058525
0.95285,0.833162026331248
0.9529000000000001,0.8328262076058512
0.95295,0.8328262076058512
0.9530000000000001,0.833162026331248
0.95305,0.833162026331248
0.9531000000000001,0.8328262076058512
0.9531499999999999,0.833162026331248
0.9532,0.8328262076058512
0.9532499999999999,0.833162026331248
0.9533,0.8328262076058512
0.9533499999999999,0.833162026331248
0.9534,0.8328262076058512
0.9534499999999999,0.8328262076058512
0.9535,0.8328262076058512
0.9535499999999999,0.8331620263312468
0.9536,0.8328262076058512
0.9536500000000001,0.8328262076058512
0.9537,0.8328262076058512
0.9537500000000001,0.8328262076058512
0.9538,0.8328262076058512
0.9538500000000001,0.8328262076058512
0.9539,0.8328262076058512
0.9539500000000001,0.833162026331248
0.954,0.833162026331248
0.9540500000000001,0.833162026331248
0.9540999999999999,0.8328262076058512
0.9541500000000001,0.8328262076058512
0.9541999999999999,0.833162026331248
0.95425,0.833162026331248
0.9542999999999999,0.833162026331248
0.95435,0.8328262076058512
0.9543999999999999,0.8328262076058512
0.95445,0.8328262076058512
0.9544999999999999,0.8328262076058512
0.95455,0.8328262076058512
0.9545999999999999,0.8328262076058512
0.95465,0.8328262076058512
0.9547000000000001,0.8328262076058525
0.95475,0.833162026331248
0.9548000000000001,0.8328262076058525
0.95485,0.833162026331248
0.9549000000000001,0.8328262076058512
0.95495,0.8328262076058512
0.9550000000000001,0.8328262076058512
0.95505,0.8328262076058512
0.9551000000000001,0.8328262076058512
0.9551499999999999,0.8328262076058512
0.9552,0.8328262076058512
0.9552499999999999,0.833162026331248
0.9553,0.833162026331248
0.9553499999999999,0.8328262076058512
0.9554,0.8328262076058512
0.9554499999999999,0.8328262076058512
0.9555,0.8328262076058512
0.9555499999999999,0.8328262076058512
0.9556,0.8328262076058512
0.9556500000000001,0.8328262076058512
0.9557,0.8328262076058512
0.9557500000000001,0.833162026331248
0.9558,0.833162026331248
0.9558500000000001,0.833162026331248
0.9559,0.833162026331248
0.9559500000000001,0.8328262076058512
0.956,0.8328262076058512
0.9560500000000001,0.8328262076058512
0.9560999999999999,0.8328262076058512
0.9561500000000001,0.8328262076058512
0.9561999999999999,0.8328262076058512
0.95625,0.8328262076058512
0.9562999999999999,0.833162026331248
0.95635,0.833162026331248
0.9563999999999999,0.833162026331248
0.95645,0.8328262076058512
0.9564999999999999,0.8331620263312468
0.95655,0.8328262076058512
0.9565999999999999,0.8331620263312468
0.95665,0.833162026331248
0.9567000000000001,0.8331620263312468
0.95675,0.8328262076058512
0.9568000000000001,0.8328262076058512
0.95685,0.8328262076058512
0.9569000000000001,0.8328262076058512
0.95695,0.8328262076058512
0.9570000000000001,0.8328262076058512
0.95705,0.833162026331248
0.9571000000000001,0.8328262076058512
0.9571499999999999,0.8328262076058512
0.9572000000000001,0.8328262076058512
0.9572499999999999,0.833162026331248
0.9573,0.833162026331248
0.9573499999999999,0.8328262076058512
0.9574,0.833162026331248
0.9574499999999999,0.833162026331248
0.9575,0.833162026331248
0.9575499999999999,0.8328262076058525
0.9576,0.8328262076058512
0.9576499999999999,0.8328262076058512
0.9577,0.833162026331248
0.9577500000000001,0.8328262076058512
0.9578,0.8328262076058512
0.9578500000000001,0.8328262076058512
0.9579,0.8328262076058512
0.9579500000000001,0.8328262076058512
0.958,0.8328262076058512
0.9580500000000001,0.8328262076058512
0.9581,0.8328262076058512
0.9581500000000001,0.833162026331248
0.9581999999999999,0.8328262076058512
0.95825,0.833162026331248
0.9582999999999999,0.833162026331248
0.95835,0.833162026331248
0.9583999999999999,0.833162026331248
0.95845,0.833162026331248
0.9584999999999999,0.8328262076058525
0.95855,0.8328262076058512
0.9585999999999999,0.8328262076058512
0.95865,0.8328262076058512
0.9587000000000001,0.8328262076058512
0.95875,0.8328262076058512
0.9588000000000001,0.8328262076058525
0.95885,0.833162026331248
0.9589000000000001,0.833162026331248
0.95895,0.833162026331248
0.9590000000000001,0.833162026331248
0.95905,0.833162026331248
0.9591000000000001,0.8328262076058512
0.9591499999999999,0.8328262076058512
0.9592000000000001,0.833162026331248
0.9592499999999999,0.8328262076058512
0.9593,0.8328262076058512
0.9593499999999999,0.8328262076058512
0.9594,0.8328262076058512
0.9594499999999999,0.8328262076058512
0.9595,0.8328262076058512
0.9595499999999999,0.8328262076058512
0.9596,0.833162026331248
0.9596499999999999,0.833162026331248
0.9597,0.8328262076058512
0.9597500000000001,0.8328262076058512
0.9598,0.8328262076058512
0.9598500000000001,0.833162026331248
0.9599,0.833162026331248
0.9599500000000001,0.8328262076058512
0.96,0.833162026331248
0.9600500000000001,0.8328262076058512
0.9601,0.8328262076058512
0.9601500000000001,0.8328262076058512
0.9601999999999999,0.8328262076058512
0.96025,0.8328262076058512
0.9602999999999999,0.833162026331248
0.96035,0.8328262076058512
0.9603999999999999,0.8328262076058512
0.96045,0.8328262076058512
0.9604999999999999,0.833162026331248
0.96055,0.8328262076058512
0.9605999999999999,0.8331620263312468
0.96065,0.8328262076058512
0.9607000000000001,0.8328262076058525
0.96075,0.833162026331248
0.9608000000000001,0.8331620263312468
0.96085,0.8328262076058512
0.9609000000000001,0.8328262076058512
0.96095,0.8328262076058512
0.9610000000000001,0.8328262076058512
0.96105,0.833162026331248
0.9611000000000001,0.833162026331248
0.9611499999999999,0.8328262076058512
0.9612000000000001,0.8328262076058512
0.9612499999999999,0.8328262076058512
0.9613,0.8328262076058512
0.9613499999999999,0.8328262076058512
0.9614,0.8328262076058512
0.9614499999999999,0.8328262076058512
0.9615,0.8328262076058512
0.9615499999999999,0.8328262076058512
0.9616,0.8324903888804545
0.9616499999999999,0.83282620760585
0.9617,0.8324903888804545
0.9617500000000001,0.8324903888804545
0.9618,0.8324903888804545
0.9618500000000001,0.8324903888804545
0.9619,0.8324903888804545
0.9619500000000001,0.8324903888804545
0.962,0.8324903888804545
0.9620500000000001,0.8324903888804545
0.9621,0.8324903888804545
0.9621500000000001,0.8324903888804545
0.9621999999999999,0.8324903888804545
0.96225,0.8324903888804545
0.9622999999999999,0.8324903888804545
0.96235,0.8324903888804545
0.9623999999999999,0.8324903888804545
0.96245,0.8324903888804545
0.9624999999999999,0.8324903888804545
0.96255,0.8324903888804545
0.9625999999999999,0.8321545701550589
0.96265,0.8324903888804545
0.9626999999999999,0.8324903888804545
0.96275,0.8324903888804545
0.9628000000000001,0.8328262076058512
0.96285,0.8328262076058512
0.9629000000000001,0.833162026331248
0.96295,0.8334978450566448
0.9630000000000001,0.8341694825074382
0.96305,0.8351769386836285
0.9631000000000001,0.8361843948598187
0.96315,0.8378634884868024
0.9632000000000001,0.8398784008391829
0.9632499999999999,0.8422291319169601
0.9633,0.8455873191709276
0.9633499999999999,0.8492813251502918
0.9634,0.8536469685804495
0.9634499999999999,0.8590200681867974
0.9635,0.8657364426947323
0.9635499999999999,0.8731244546534338
0.9636,0.8828631976899661
0.9636499999999999,0.8952884905296007
0.9637,0.9134227017010701
0.9637500000000001,0.9439822057124316
0.9638,1.014839956770887
0.9638500000000001,1.153197271634957
0.9639,1.321106634332718
0.9639500000000001,1.493045821735851
0.964,1.667335740216762
0.9640500000000001,1.844648027226243
0.9641,2.023639407862708
0.9641500000000001,2.202294969773777
0.9641999999999999,2.379271438057861
0.9642500000000001,2.554904631440358
0.9642999999999999,2.716769257081589
0.96435,2.750686948346661
0.9643999999999999,2.750686948346661
0.96445,2.750686948346661
0.9644999999999999,2.750686948346661
0.96455,2.750686948346661
0.9645999999999999,2.750686948346661
0.96465,2.750686948346661
0.9646999999999999,2.750686948346661
0.96475,2.750686948346661
0.9648000000000001,2.750686948346661
0.96485,2.750686948346661
0.9649000000000001,2.750686948346661
0.96495,2.750686948346661
0.9650000000000001,2.750686948346661
0.96505,2.750686948346661
0.9651000000000001,2.750686948346661
0.96515,2.750686948346661
0.9652000000000001,2.750686948346661
0.9652499999999999,2.750686948346661
0.9653,2.750686948346661
0.9653499999999999,2.750686948346661
0.9654,2.750686948346661
0.9654499999999999,2.750686948346661
0.9655,2.750686948346661
0.9655499999999999,2.750686948346661
0.9656,2.750686948346661
0.9656499999999999,2.750686948346661
0.9657,2.750686948346661
0.9657500000000001,2.750686948346661
0.9658,2.750686948346661
0.9658500000000001,2.750686948346661
0.9659,2.750686948346661
0.9659500000000001,2.750686948346661
0.966,2.750686948346661
0.9660500000000001,2.750686948346661
0.9661,2.750686948346661
0.9661500000000001,2.750686948346661
0.9661999999999999,2.750686948346661
0.9662500000000001,2.750686948346661
0.9662999999999999,2.750686948346661
0.96635,2.750686948346661
0.9663999999999999,2.750686948346661
0.96645,2.750686948346661
0.9664999999999999,2.750686948346661
0.96655,2.750686948346661
0.9665999999999999,2.750686948346661
0.96665,2.750686948346661
0.9666999999999999,2.750686948346661
0.96675,2.750686948346661
0.9668000000000001,2.750686948346661
0.96685,2.750686948346661
0.9669000000000001,2.750686948346661
0.96695,2.750686948346661
0.9670000000000001,2.750686948346661
0.96705,2.750686948346661
0.9671000000000001,2.750686948346661
0.96715,2.750686948346661
0.9672000000000001,2.750686948346661
0.9672499999999999,2.750686948346661
0.9673,2.750686948346661
0.9673499999999999,2.750686948346661
0.9674,2.750686948346661
0.9674499999999999,2.750686948346661
0.9675,2.750686948346661
0.9675499999999999,2.750686948346661
0.9676,2.750686948346661
0.9676499999999999,2.750686948346661
0.9677,2.750686948346661
0.9677500000000001,2.750686948346661
0.9678,2.750686948346661
0.9678500000000001,2.750686948346661
0.9679,2.750686948346661
0.9679500000000001,2.750686948346661
0.968,2.750686948346661
0.9680500000000001,2.750686948346661
0.9681,2.750686948346661
0.9681500000000001,2.750686948346661
0.9681999999999999,2.750686948346661
0.9682500000000001,2.750686948346661
0.9682999999999999,2.750686948346661
0.96835,2.750686948346661
0.9683999999999999,2.750686948346661
0.96845,2.750686948346661
0.9684999999999999,2.750686948346661
0.96855,2.750686948346661
0.9685999999999999,2.750686948346661
0.96865,2.750686948346661
0.9686999999999999,2.750686948346661
0.96875,2.750686948346661
0.9688000000000001,2.750686948346661
0.96885,2.750686948346661
0.9689000000000001,2.750686948346661
0.96895,2.750686948346661
0.9690000000000001,2.750686948346661
0.96905,2.750686948346661
0.9691000000000001,2.750686948346661
0.96915,2.750686948346661
0.9692000000000001,2.750686948346661
0.9692499999999999,2.750686948346661
0.9693000000000001,2.750686948346661
0.9693499999999999,2.750686948346661
0.9694,2.750686948346661
0.9694499999999999,2.750686948346661
0.9695,2.750686948346661
0.9695499999999999,2.750686948346661
0.9696,2.750686948346661
0.9696499999999999,2.750686948346661
0.9697,2.750686948346661
0.9697499999999999,2.750686948346661
0.9698,2.750686948346661
0.9698500000000001,2.750686948346661
0.9699,2.750686948346661
0.9699500000000001,2.750686948346661
0.97,2.750686948346661
0.9700500000000001,2.750686948346661
0.9701,2.750686948346661
0.9701500000000001,2.750686948346661
0.9702,2.750686948346661
0.9702500000000001,2.750686948346661
0.9702999999999999,2.750686948346661
0.97035,2.750686948346661
0.9703999999999999,2.750686948346661
0.97045,2.750686948346661
0.9704999999999999,2.750686948346661
0.97055,2.750686948346661
0.9705999999999999,2.750686948346661
0.97065,2.750686948346661
0.9706999999999999,2.750686948346661
0.97075,2.750686948346661
0.9708000000000001,2.750686948346661
0.97085,2.750686948346661
0.9709000000000001,2.750686948346661
0.97095,2.750686948346661
0.9710000000000001,2.750686948346661
0.97105,2.750686948346661
0.9711000000000001,2.750686948346661
0.97115,2.750686948346661
0.9712000000000001,2.750686948346661
0.9712499999999999,2.750686948346661
0.9713000000000001,2.750686948346661
0.9713499999999999,2.750686948346661
0.9714,2.750686948346661
0.9714499999999999,2.750686948346661
0.9715,2.750686948346661
0.9715499999999999,2.750686948346661
0.9716,2.750686948346661
0.9716499999999999,2.750686948346661
0.9717,2.750686948346661
0.9717499999999999,2.750686948346661
0.9718,2.750686948346661
0.9718500000000001,2.750686948346661
0.9719,2.750686948346661
0.9719500000000001,2.750686948346661
0.972,2.750686948346661
0.9720500000000001,2.750686948346661
0.9721,2.750686948346661
0.9721500000000001,2.750686948346661
0.9722,2.750686948346661
0.9722500000000001,2.750686948346661
0.9722999999999999,2.750686948346661
0.97235,2.750686948346661
0.9723999999999999,2.750686948346661
0.97245,2.750686948346661
0.9724999999999999,2.750686948346661
0.97255,2.750686948346661
0.9725999999999999,2.750686948346661
0.97265,2.750686948346661
0.9726999999999999,2.750686948346661
0.97275,2.750686948346661
0.9728000000000001,2.750686948346661
0.97285,2.750686948346661
0.9729000000000001,2.750686948346391
0.97295,2.67647101003398
0.9730000000000001,2.399084742856269
0.97305,2.126735756559509
0.9731000000000001,1.875207531237347
0.97315,1.643492610713593
0.9732000000000001,1.42924026391047
0.9732499999999999,1.234129584454961
0.9733000000000001,1.061854578326431
0.9733499999999999,0.9517060363962988
0.9734,0.9140943391518634
0.9734499999999999,0.8966317654312328
0.9735,0.8855497474931402
0.9735499999999999,0.8771542793582217
0.9736,0.8711095423010802
0.9736499999999999,0.8660722614201474
0.9737,0.8617066179899713
0.9737499999999999,0.8583484307360161
0.9738,0.8553260622074332
0.9738500000000001,0.8526395124042518
0.9739,0.8506246000518787
0.9739500000000001,0.8486096876994909
0.974,0.8465947753471177
0.9740500000000001,0.844915681720134
0.9741,0.8429007693677537
0.9741500000000001,0.8412216757407698
0.9742,0.8398784008391829
0.9742500000000001,0.8385351259375959
0.9742999999999999,0.837191851036009
0.97435,0.8361843948598187
0.9743999999999999,0.8351769386836285
0.97445,0.834505301232835
0.9744999999999999,0.8334978450566448
0.97455,0.833162026331248
0.9745999999999999,0.8328262076058512
0.97465,0.8324903888804545
0.9746999999999999,0.8324903888804545
0.97475,0.8324903888804545
0.9748000000000001,0.8324903888804545
0.97485,0.8324903888804545
0.9749000000000001,0.8324903888804545
0.97495,0.8324903888804545
0.9750000000000001,0.8324903888804545
0.97505,0.8324903888804545
0.9751000000000001,0.8324903888804545
0.97515,0.8328262076058512
0.9752000000000001,0.8328262076058512
0.97525,0.8328262076058512
0.9753000000000001,0.8328262076058512
0.9753499999999999,0.8328262076058512
0.9754,0.8328262076058512
0.9754499999999999,0.8324903888804545
0.9755,0.8328262076058512
0.9755499999999999,0.8328262076058512
0.9756,0.8328262076058512
0.9756499999999999,0.8328262076058512
0.9757,0.8328262076058512
0.9757499999999999,0.8328262076058512
0.9758,0.8328262076058512
0.9758500000000001,0.8328262076058512
0.9759,0.8328262076058512
0.9759500000000001,0.8328262076058512
0.976,0.8328262076058512
0.9760500000000001,0.8328262076058512
0.9761,0.8328262076058512
0.9761500000000001,0.8328262076058512
0.9762,0.8328262076058512
0.9762500000000001,0.8328262076058512
0.9762999999999999,0.8328262076058512
0.9763500000000001,0.833162026331248
0.9763999999999999,0.8328262076058512
0.97645,0.8328262076058512
0.9764999999999999,0.8328262076058512
0.97655,0.8328262076058512
0.9765999999999999,0.8328262076058512
0.97665,0.8328262076058512
0.9766999999999999,0.8328262076058512
0.97675,0.8328262076058512
0.9767999999999999,0.8328262076058512
0.97685,0.8328262076058512
0.9769000000000001,0.8328262076058512
0.97695,0.8328262076058512
0.9770000000000001,0.8328262076058512
0.97705,0.8328262076058512
0.9771000000000001,0.8328262076058512
0.97715,0.8328262076058512
0.9772000000000001,0.8328262076058512
0.97725,0.8328262076058512
0.9773000000000001,0.8328262076058512
0.9773499999999999,0.8328262076058512
0.9774,0.833162026331248
0.9774499999999999,0.833162026331248
0.9775,0.8328262076058512
0.9775499999999999,0.8328262076058512
0.9776,0.8328262076058512
0.9776499999999999,0.8328262076058512
0.9777,0.8328262076058512
0.9777499999999999,0.8328262076058512
0.9778,0.8328262076058512
0.9778500000000001,0.8328262076058512
0.9779,0.8328262076058512
0.9779500000000001,0.8328262076058525
0.978,0.833162026331248
0.9780500000000001,0.8328262076058512
0.9781,0.833162026331248
0.9781500000000001,0.833162026331248
0.9782,0.833162026331248
0.9782500000000001,0.8328262076058512
0.9782999999999999,0.8328262076058512
0.9783500000000001,0.8328262076058512
0.9783999999999999,0.8328262076058512
0.97845,0.833162026331248
0.9784999999999999,0.8328262076058512
0.97855,0.8328262076058512
0.9785999999999999,0.8328262076058512
0.97865,0.8328262076058512
0.9786999999999999,0.8328262076058512
0.97875,0.8328262076058512
0.9787999999999999,0.8328262076058512
0.97885,0.8328262076058512
0.9789000000000001,0.8328262076058512
0.97895,0.8328262076058512
0.9790000000000001,0.8328262076058512
0.97905,0.8328262076058512
0.9791000000000001,0.833162026331248
0.97915,0.8328262076058512
0.9792000000000001,0.8328262076058512
0.97925,0.8328262076058512
0.9793000000000001,0.8328262076058512
0.9793499999999999,0.8328262076058512
0.9794,0.8328262076058512
0.9794499999999999,0.8328262076058512
0.9795,0.8328262076058512
0.9795499999999999,0.8328262076058512
0.9796,0.8328262076058512
0.9796499999999999,0.8328262076058512
0.9797,0.8328262076058512
0.9797499999999999,0.8328262076058512
0.9798,0.8328262076058512
0.9798500000000001,0.8328262076058512
0.9799,0.8328262076058512
0.9799500000000001,0.8328262076058512
0.98,0.8328262076058512
0.9800500000000001,0.8328262076058512
0.9801,0.8328262076058512
0.9801500000000001,0.8328262076058512
0.9802,0.8328262076058512
0.9802500000000001,0.8328262076058512
0.9802999999999999,0.8328262076058512
0.9803500000000001,0.8328262076058512
0.9803999999999999,0.8328262076058512
0.98045,0.8328262076058512
0.9804999999999999,0.8328262076058512
0.98055,0.8328262076058512
0.9805999999999999,0.833162026331248
0.98065,0.8328262076058512
0.9806999999999999,0.8328262076058512
0.98075,0.8328262076058512
0.9807999999999999,0.8328262076058512
0.98085,0.8328262076058512
0.9809000000000001,0.8331620263312468
0.98095,0.8328262076058512
0.9810000000000001,0.8328262076058512
0.98105,0.8328262076058512
0.9811000000000001,0.8328262076058512
0.98115,0.8328262076058512
0.9812000000000001,0.8324903888804545
0.98125,0.8328262076058512
0.9813000000000001,0.8324903888804545
0.9813499999999999,0.8324903888804545
0.9814000000000001,0.8324903888804545
0.9814499999999999,0.8324903888804545
0.9815,0.8324903888804545
0.9815499999999999,0.8324903888804545
0.9816,0.8324903888804545
0.9816499999999999,0.8328262076058512
0.9817,0.8328262076058512
0.9817499999999999,0.8324903888804557
0.9818,0.8324903888804545
0.9818499999999999,0.8324903888804545
0.9819,0.8324903888804545
0.9819500000000001,0.8324903888804545
0.982,0.8324903888804545
0.9820500000000001,0.8324903888804545
0.9821,0.8324903888804545
0.9821500000000001,0.8324903888804545
0.9822,0.8324903888804545
0.9822500000000001,0.8324903888804545
0.9823,0.8324903888804545
0.9823500000000001,0.8324903888804545
0.9823999999999999,0.8324903888804545
0.98245,0.8324903888804545
0.9824999999999999,0.8324903888804545
0.98255,0.8324903888804545
0.9825999999999999,0.8324903888804545
0.98265,0.8324903888804545
0.9826999999999999,0.8324903888804545
0.98275,0.8328262076058512
0.9827999999999999,0.8324903888804557
0.98285,0.8324903888804545
0.9829000000000001,0.8324903888804545
0.98295,0.8324903888804545
0.9830000000000001,0.8324903888804545
0.98305,0.8324903888804545
0.9831000000000001,0.8324903888804545
0.98315,0.8324903888804545
0.9832000000000001,0.8324903888804545
0.98325,0.8324903888804545
0.9833000000000001,0.8324903888804545
0.9833499999999999,0.8324903888804545
0.9834000000000001,0.8324903888804545
0.9834499999999999,0.8324903888804545
0.9835,0.8324903888804545
0.9835499999999999,0.8324903888804545
0.9836,0.8324903888804545
0.9836499999999999,0.8324903888804545
0.9837,0.8324903888804545
0.9837499999999999,0.8324903888804545
0.9838,0.8324903888804545
0.9838499999999999,0.8324903888804545
0.9839,0.8324903888804545
0.9839500000000001,0.8324903888804545
0.984,0.8324903888804545
0.9840500000000001,0.8324903888804545
0.9841,0.8324903888804545
0.9841500000000001,0.8324903888804545
0.9842,0.8324903888804545
0.9842500000000001,0.8324903888804545
0.9843,0.8324903888804545
0.9843500000000001,0.8324903888804545
0.9843999999999999,0.8324903888804545
0.98445,0.8324903888804545
0.9844999999999999,0.8324903888804545
0.98455,0.8321545701550577
0.9845999999999999,0.8324903888804545
0.98465,0.8324903888804545
0.9846999999999999,0.8321545701550589
0.98475,0.8324903888804545
0.9847999999999999,0.8324903888804545
0.98485,0.8324903888804545
0.9849000000000001,0.8324903888804545
0.98495,0.8324903888804545
0.9850000000000001,0.8324903888804545
0.98505,0.8324903888804545
0.9851000000000001,0.8324903888804545
0.98515,0.8324903888804545
0.9852000000000001,0.8324903888804545
0.98525,0.8324903888804545
0.9853000000000001,0.8324903888804545
0.9853499999999999,0.8324903888804545
0.9854000000000001,0.8324903888804545
0.9854499999999999,0.8324903888804545
0.9855,0.8324903888804545
0.9855499999999999,0.8328262076058512
0.9856,0.8328262076058512
0.9856499999999999,0.8324903888804545
0.9857,0.8328262076058512
0.9857499999999999,0.8328262076058512
0.9858,0.8328262076058512
0.9858499999999999,0.8328262076058512
0.9859,0.8324903888804545
0.9859500000000001,0.83282620760585
0.986,0.8324903888804545
0.9860500000000001,0.8324903888804545
0.9861,0.8324903888804545
0.9861500000000001,0.8324903888804545
0.9862,0.8328262076058512
0.9862500000000001,0.8328262076058512
0.9863,0.8328262076058512
0.9863500000000001,0.8328262076058512
0.9863999999999999,0.8324903888804545
0.98645,0.8324903888804545
0.9864999999999999,0.8324903888804545
0.98655,0.8328262076058512
0.9865999999999999,0.8328262076058512
0.98665,0.8328262076058512
0.9866999999999999,0.8328262076058512
0.98675,0.8328262076058512
0.9867999999999999,0.8328262076058512
0.98685,0.8324903888804545
0.9869000000000001,0.8328262076058512
0.98695,0.8328262076058512
0.9870000000000001,0.8328262076058512
0.98705,0.8328262076058512
0.9871000000000001,0.8328262076058512
0.98715,0.8328262076058512
0.9872000000000001,0.8328262076058512
0.98725,0.8328262076058512
0.9873000000000001,0.8328262076058512
0.9873499999999999,0.8328262076058512
0.9874000000000001,0.8328262076058512
0.9874499999999999,0.8328262076058512
0.9875,0.8328262076058512
0.9875499999999999,0.8328262076058512
0.9876,0.8328262076058512
0.9876499999999999,0.8328262076058512
0.9877,0.8328262076058512
0.9877499999999999,0.8328262076058512
0.9878,0.8328262076058512
0.9878499999999999,0.8328262076058512
0.9879,0.8328262076058512
0.9879500000000001,0.8328262076058512
0.988,0.8328262076058512
0.9880500000000001,0.833162026331248
0.9881,0.833162026331248
0.9881500000000001,0.833162026331248
0.9882,0.833162026331248
0.9882500000000001,0.833162026331248
0.9883,0.833162026331248
0.9883500000000001,0.833162026331248
0.9883999999999999,0.833162026331248
0.9884500000000001,0.833162026331248
0.9884999999999999,0.833162026331248
0.98855,0.833162026331248
0.9885999999999999,0.833162026331248
0.98865,0.833162026331248
0.9886999999999999,0.833162026331248
0.98875,0.833162026331248
0.9887999999999999,0.833162026331248
0.98885,0.833162026331248
0.9888999999999999,0.833162026331248
0.98895,0.833162026331248
0.9890000000000001,0.833162026331248
0.98905,0.833162026331248
0.9891000000000001,0.833162026331248
0.98915,0.833162026331248
0.9892000000000001,0.833162026331248
0.98925,0.833162026331248
0.9893000000000001,0.833162026331248
0.98935,0.833162026331248
0.9894000000000001,0.833162026331248
0.9894499999999999,0.833162026331248
0.9895,0.833162026331248
0.9895499999999999,0.833162026331248
0.9896,0.8328262076058512
0.9896499999999999,0.833162026331248
0.9897,0.833162026331248
0.9897499999999999,0.833162026331248
0.9898,0.833162026331248
0.9898499999999999,0.833162026331248
0.9899,0.833162026331248
0.9899500000000001,0.8331620263312493
0.99,0.8334978450566448
0.9900500000000001,0.833162026331248
0.9901,0.833162026331248
0.9901500000000001,0.833162026331248
0.9902,0.833162026331248
0.9902500000000001,0.833162026331248
0.9903,0.833162026331248
0.9903500000000001,0.833162026331248
0.9903999999999999,0.833162026331248
0.9904500000000001,0.833162026331248
0.9904999999999999,0.833162026331248
0.99055,0.833162026331248
0.9905999999999999,0.833162026331248
0.99065,0.833162026331248
0.9906999999999999,0.833162026331248
0.99075,0.833162026331248
0.9907999999999999,0.833162026331248
0.99085,0.8328262076058512
0.9908999999999999,0.8331620263312468
0.99095,0.833162026331248
0.9910000000000001,0.833162026331248
0.99105,0.833162026331248
0.9911000000000001,0.833162026331248
0.99115,0.833162026331248
0.9912000000000001,0.833162026331248
0.99125,0.833162026331248
0.9913000000000001,0.833162026331248
0.99135,0.833162026331248
0.9914000000000001,0.833162026331248
0.9914499999999999,0.833162026331248
0.9915,0.833162026331248
0.9915499999999999,0.833162026331248
0.9916,0.833162026331248
0.9916499999999999,0.833162026331248
0.9917,0.833162026331248
0.9917499999999999,0.833162026331248
0.9918,0.8334978450566448
0.9918499999999999,0.8334978450566448
0.9919,0.8334978450566448
0.9919500000000001,0.8334978450566448
0.992,0.8334978450566448
0.9920500000000001,0.833162026331248
0.9921,0.833162026331248
0.9921500000000001,0.8334978450566448
0.9922,0.8334978450566448
0.9922500000000001,0.833162026331248
0.9923,0.8334978450566448
0.9923500000000001,0.8334978450566448
0.9923999999999999,0.8334978450566448
0.9924500000000001,0.8334978450566448
0.9924999999999999,0.833162026331248
0.99255,0.833162026331248
0.9925999999999999,0.833162026331248
0.99265,0.8328262076058512
0.9926999999999999,0.833162026331248
0.99275,0.833162026331248
0.9927999999999999,0.833162026331248
0.99285,0.833162026331248
0.9928999999999999,0.8328262076058525
0.99295,0.833162026331248
0.9930000000000001,0.833162026331248
0.99305,0.833162026331248
0.9931000000000001,0.8328262076058512
0.99315,0.8328262076058512
0.9932000000000001,0.8328262076058512
0.99325,0.833162026331248
0.9933000000000001,0.833162026331248
0.99335,0.833162026331248
0.9934000000000001,0.833162026331248
0.9934499999999999,0.833162026331248
0.9935,0.8328262076058512
0.9935499999999999,0.8328262076058512
0.9936,0.833162026331248
0.9936499999999999,0.8328262076058512
0.9937,0.833162026331248
0.9937499999999999,0.8328262076058512
0.9938,0.8328262076058512
0.9938499999999999,0.8328262076058512
0.9939,0.8328262076058512
0.9939499999999999,0.8328262076058512
0.994,0.8328262076058512
0.9940500000000001,0.8328262076058525
0.9941,0.833162026331248
0.9941500000000001,0.8328262076058512
0.9942,0.833162026331248
0.9942500000000001,0.8328262076058512
0.9943,0.8328262076058512
0.9943500000000001,0.8328262076058512
0.9944,0.8328262076058512
0.9944500000000001,0.8328262076058512
0.9944999999999999,0.833162026331248
0.99455,0.8328262076058512
0.9945999999999999,0.8328262076058512
0.99465,0.8328262076058512
0.9946999999999999,0.8328262076058512
0.99475,0.833162026331248
0.9947999999999999,0.8328262076058525
0.99485,0.8328262076058512
0.9948999999999999,0.8328262076058512
0.99495,0.8328262076058512
0.9950000000000001,0.8331620263312468
0.99505,0.8328262076058512
0.9951000000000001,0.8328262076058525
0.99515,0.833162026331248
0.9952000000000001,0.8328262076058512
0.99525,0.8328262076058512
0.9953000000000001,0.8328262076058512
0.99535,0.8328262076058512
0.9954000000000001,0.8328262076058512
0.9954499999999999,0.8328262076058512
0.9955000000000001,0.8328262076058512
0.9955499999999999,0.8328262076058512
0.9956,0.8328262076058512
0.9956499999999999,0.8328262076058512
0.9957,0.8328262076058512
0.9957499999999999,0.8328262076058512
0.9958,0.8328262076058512
0.9958499999999999,0.8328262076058512
0.9959,0.833162026331248
0.9959499999999999,0.833162026331248
0.996,0.8328262076058512
0.9960500000000001,0.8328262076058512
0.9961,0.8328262076058512
0.9961500000000001,0.8328262076058512
0.9962,0.8328262076058512
0.9962500000000001,0.8328262076058512
0.9963,0.8328262076058512
0.9963500000000001,0.8328262076058512
0.9964,0.8328262076058512
0.9964500000000001,0.8328262076058512
0.9964999999999999,0.8328262076058512
0.99655,0.8328262076058512
0.9965999999999999,0.833162026331248
0.99665,0.833162026331248
0.9966999999999999,0.8328262076058512
0.99675,0.833162026331248
0.9967999999999999,0.8328262076058525
0.99685,0.833162026331248
0.9968999999999999,0.8328262076058525
0.99695,0.833162026331248
0.9970000000000001,0.8331620263312468
0.99705,0.8328262076058512
0.9971000000000001,0.8328262076058512
0.99715,0.8328262076058512
0.9972000000000001,0.8328262076058512
0.99725,0.8328262076058512
0.9973000000000001,0.8328262076058512
0.99735,0.8328262076058512
0.9974000000000001,0.8328262076058512
0.9974499999999999,0.8328262076058512
0.9975000000000001,0.8328262076058512
0.9975499999999999,0.8328262076058512
0.9976,0.8328262076058512
0.9976499999999999,0.8328262076058512
0.9977,0.8328262076058512
0.9977499999999999,0.8328262076058512
0.9978,0.8328262076058512
0.9978499999999999,0.8328262076058512
0.9979,0.8328262076058512
0.9979499999999999,0.8328262076058512
0.998,0.8328262076058512
0.9980500000000001,0.8328262076058512
0.9981,0.8328262076058512
0.9981500000000001,0.8328262076058512
0.9982,0.8328262076058512
0.9982500000000001,0.8328262076058512
0.9983,0.8328262076058512
0.9983500000000001,0.8328262076058512
0.9984,0.8328262076058512
0.9984500000000001,0.8328262076058512
0.9984999999999999,0.8328262076058512
0.99855,0.8328262076058512
0.9985999999999999,0.8328262076058512
0.99865,0.8328262076058512
0.9986999999999999,0.8328262076058512
0.99875,0.8328262076058512
0.9987999999999999,0.8328262076058512
0.99885,0.8328262076058512
0.9988999999999999,0.8328262076058512
0.99895,0.8328262076058512
0.9990000000000001,0.8328262076058512
0.99905,0.8328262076058512
0.9991000000000001,0.8328262076058512
0.99915,0.8328262076058512
0.9992000000000001,0.8328262076058512
0.99925,0.8328262076058512
0.9993000000000001,0.8328262076058512
0.99935,0.8328262076058512
0.9994000000000001,0.8328262076058512
0.9994499999999999,0.8328262076058512
0.9995000000000001,0.8328262076058512
0.9995499999999999,0.8328262076058512
0.9996,0.8328262076058512
0.9996499999999999,0.8328262076058512
0.9997,0.8328262076058512
0.9997499999999999,0.8328262076058512
0.9998,0.8328262076058512
0.9998499999999999,0.8328262076058512
0.9999,0.8328262076058512
0.9999499999999999,0.8328262076058512
1,0.8328262076058512
1.00005,0.8328262076058512
1.0001,0.8328262076058512
1.00015,0.8328262076058512
1.0002,0.8328262076058512
1.00025,0.8328262076058512
1.0003,0.8328262076058512
1.00035,0.8328262076058512
1.0004,0.8328262076058512
1.00045,0.8328262076058512
1.0005,0.8328262076058512
1.00055,0.8328262076058512
1.0006,0.8328262076058512
1.00065,0.8328262076058512
1.0007,0.8328262076058512
1.00075,0.8328262076058512
1.0008,0.8328262076058512
1.00085,0.8328262076058512
1.0009,0.8328262076058512
1.00095,0.8328262076058512
1.001,0.8328262076058512
1.00105,0.8328262076058512
1.0011,0.8328262076058512
1.00115,0.8328262076058512
1.0012,0.8328262076058512
1.00125,0.8324903888804545
1.0013,0.8328262076058512
1.00135,0.8324903888804545
1.0014,0.83282620760585
1.00145,0.8328262076058512
1.0015,0.8324903888804545
1.00155,0.8328262076058512
1.0016,0.8328262076058512
1.00165,0.8324903888804545
1.0017,0.8324903888804545
1.00175,0.8324903888804545
1.0018,0.8324903888804545
1.00185,0.8324903888804545
1.0019,0.8324903888804545
1.00195,0.8324903888804545
1.002,0.8324903888804545
1.00205,0.8324903888804545
1.0021,0.8324903888804545
1.00215,0.8324903888804545
1.0022,0.8324903888804545
1.00225,0.8324903888804545
1.0023,0.8324903888804545
1.00235,0.8324903888804545
1.0024,0.8324903888804545
1.00245,0.8324903888804545
1.0025,0.8324903888804545
1.00255,0.8324903888804545
1.0026,0.8324903888804545
1.00265,0.8324903888804545
1.0027,0.8328262076058512
1.00275,0.8328262076058512
1.0028,0.8324903888804545
1.00285,0.8324903888804545
1.0029,0.8321545701550589
1.00295,0.8321545701550577
1.003,0.8321545701550589
1.00305,0.8324903888804545
1.0031,0.8324903888804545
1.00315,0.8324903888804545
1.0032,0.8324903888804545
1.00325,0.8324903888804545
1.0033,0.8324903888804545
1.00335,0.8324903888804545
1.0034,0.8324903888804545
1.00345,0.8324903888804545
1.0035,0.8324903888804545
1.00355,0.8324903888804545
1.0036,0.8324903888804545
1.00365,0.8324903888804545
1.0037,0.8324903888804545
1.00375,0.8324903888804545
1.0038,0.8324903888804545
1.00385,0.8324903888804545
1.0039,0.8324903888804545
1.00395,0.8324903888804545
1.004,0.8324903888804545
1.00405,0.8324903888804545
1.0041,0.8324903888804545
1.00415,0.8324903888804545
1.0042,0.8324903888804545
1.00425,0.8324903888804545
1.0043,0.8324903888804545
1.00435,0.8324903888804545
1.0044,0.8324903888804545
1.00445,0.8324903888804545
1.0045,0.8324903888804545
1.00455,0.8324903888804545
1.0046,0.8324903888804545
1.00465,0.8324903888804545
1.0047,0.8324903888804545
1.00475,0.8324903888804545
1.0048,0.8324903888804545
1.00485,0.8324903888804545
1.0049,0.8324903888804532
1.00495,0.8321545701550577
1.005,0.8324903888804532
1.00505,0.8324903888804545
1.0051,0.8324903888804545
1.00515,0.8324903888804545
1.0052,0.8324903888804545
1.00525,0.8324903888804545
1.0053,0.8328262076058512
1.00535,0.8324903888804545
1.0054,0.83282620760585
1.00545,0.8328262076058512
1.0055,0.8328262076058512
1.00555,0.8328262076058512
1.0056,0.8324903888804545
1.00565,0.8324903888804557
1.0057,0.8328262076058512
1.00575,0.8328262076058512
1.0058,0.8328262076058512
1.00585,0.8328262076058512
1.0059,0.8328262076058512
1.00595,0.8324903888804557
1.006,0.8328262076058512
1.00605,0.8324903888804557
1.0061,0.8328262076058512
1.00615,0.8328262076058512
1.0062,0.8328262076058512
1.00625,0.8328262076058512
1.0063,0.8328262076058512
1.00635,0.8328262076058512
1.0064,0.8328262076058512
1.00645,0.8328262076058512
1.0065,0.8328262076058512
1.00655,0.8328262076058512
1.0066,0.8328262076058512
1.00665,0.8328262076058512
1.0067,0.8328262076058512
1.00675,0.8328262076058512
1.0068,0.8328262076058512
1.00685,0.8328262076058512
1.0069,0.8328262076058512
1.00695,0.8328262076058512
1.007,0.8328262076058512
1.00705,0.8328262076058512
1.0071,0.8328262076058512
1.00715,0.8328262076058512
1.0072,0.8328262076058512
1.00725,0.8328262076058512
1.0073,0.8328262076058512
1.00735,0.8328262076058512
1.0074,0.8328262076058512
1.00745,0.8328262076058512
1.0075,0.8328262076058512
1.00755,0.8328262076058512
1.0076,0.8328262076058512
1.00765,0.8328262076058512
1.0077,0.8328262076058512
1.00775,0.8328262076058512
1.0078,0.8328262076058512
1.00785,0.8328262076058512
1.0079,0.8328262076058512
1.00795,0.833162026331248
1.008,0.833162026331248
1.00805,0.833162026331248
1.0081,0.833162026331248
1.00815,0.833162026331248
1.0082,0.833162026331248
1.00825,0.833162026331248
1.0083,0.8328262076058512
1.00835,0.833162026331248
1.0084,0.833162026331248
1.00845,0.833162026331248
1.0085,0.833162026331248
1.00855,0.833162026331248
1.0086,0.8328262076058512
1.00865,0.833162026331248
1.0087,0.833162026331248
1.00875,0.833162026331248
1.0088,0.833162026331248
1.00885,0.833162026331248
1.0089,0.833162026331248
1.00895,0.833162026331248
1.009,0.833162026331248
1.00905,0.833162026331248
1.0091,0.833162026331248
1.00915,0.833162026331248
1.0092,0.833162026331248
1.00925,0.8328262076058512
1.0093,0.833162026331248
1.00935,0.833162026331248
1.0094,0.833162026331248
1.00945,0.8334978450566448
1.0095,0.8334978450566448
1.00955,0.833162026331248
1.0096,0.833162026331248
1.00965,0.833162026331248
1.0097,0.833162026331248
1.00975,0.833162026331248
1.0098,0.833162026331248
1.00985,0.833162026331248
1.0099,0.833162026331248
1.00995,0.8334978450566436
1.01,0.8334978450566448
1.01005,0.8334978450566436
1.0101,0.833162026331248
1.01015,0.833162026331248
1.0102,0.8334978450566448
1.01025,0.833162026331248
1.0103,0.833162026331248
1.01035,0.833162026331248
1.0104,0.8334978450566448
1.01045,0.833162026331248
1.0105,0.833162026331248
1.01055,0.833162026331248
1.0106,0.833162026331248
1.01065,0.833162026331248
1.0107,0.833162026331248
1.01075,0.833162026331248
1.0108,0.833162026331248
1.01085,0.833162026331248
1.0109,0.833162026331248
1.01095,0.833162026331248
1.011,0.833162026331248
1.01105,0.833162026331248
1.0111,0.833162026331248
1.01115,0.833162026331248
1.0112,0.833162026331248
1.01125,0.833162026331248
1.0113,0.8334978450566436
1.01135,0.833162026331248
1.0114,0.833162026331248
1.01145,0.833162026331248
1.0115,0.8334978450566436
1.01155,0.833162026331248
1.0116,0.833162026331248
1.01165,0.833162026331248
1.0117,0.833162026331248
1.01175,0.833162026331248
1.0118,0.833162026331248
1.01185,0.8334978450566448
1.0119,0.8334978450566448
1.01195,0.8334978450566448
1.012,0.8334978450566448
1.01205,0.8331620263312493
1.0121,0.833162026331248
1.01215,0.8334978450566436
1.0122,0.833162026331248
1.01225,0.833162026331248
1.0123,0.8334978450566448
1.01235,0.8334978450566448
1.0124,0.833162026331248
1.01245,0.833162026331248
1.0125,0.8328262076058512
1.01255,0.8328262076058512
1.0126,0.8328262076058512
1.01265,0.8328262076058512
1.0127,0.833162026331248
1.01275,0.833162026331248
1.0128,0.833162026331248
1.01285,0.8328262076058512
1.0129,0.8331620263312468
1.01295,0.8328262076058512
1.013,0.8331620263312468
1.01305,0.833162026331248
1.0131,0.8328262076058512
1.01315,0.8328262076058512
1.0132,0.8331620263312468
1.01325,0.833162026331248
1.0133,0.8328262076058512
1.01335,0.8328262076058512
1.0134,0.8331620263312468
1.01345,0.8328262076058512
1.0135,0.8328262076058512
1.01355,0.8328262076058512
1.0136,0.8331620263312468
1.01365,0.8328262076058525
1.0137,0.833162026331248
1.01375,0.833162026331248
1.0138,0.833162026331248
1.01385,0.833162026331248
1.0139,0.833162026331248
1.01395,0.8328262076058525
1.014,0.8328262076058512
1.01405,0.8328262076058512
1.0141,0.8328262076058512
1.01415,0.8328262076058512
1.0142,0.8328262076058512
1.01425,0.8328262076058512
1.0143,0.8328262076058512
1.01435,0.8328262076058512
1.0144,0.8328262076058512
1.01445,0.833162026331248
1.0145,0.833162026331248
1.01455,0.8328262076058525
1.0146,0.833162026331248
1.01465,0.833162026331248
1.0147,0.8328262076058512
1.01475,0.833162026331248
1.0148,0.8331620263312468
1.01485,0.8328262076058512
1.0149,0.833162026331248
1.01495,0.833162026331248
1.015,0.833162026331248
1.01505,0.833162026331248
1.0151,0.833162026331248
1.01515,0.833162026331248
1.0152,0.8328262076058525
1.01525,0.833162026331248
1.0153,0.833162026331248
1.01535,0.833162026331248
1.0154,0.8328262076058512
1.01545,0.8328262076058512
1.0155,0.8331620263312468
1.01555,0.833162026331248
1.0156,0.833162026331248
1.01565,0.833162026331248
1.0157,0.8328262076058512
1.01575,0.8328262076058512
1.0158,0.8328262076058512
1.01585,0.8328262076058512
1.0159,0.833162026331248
1.01595,0.8328262076058512
1.016,0.8328262076058512
1.01605,0.8328262076058512
1.0161,0.8328262076058512
1.01615,0.8328262076058512
1.0162,0.8328262076058512
1.01625,0.8328262076058512
1.0163,0.8328262076058512
1.01635,0.8328262076058512
1.0164,0.8328262076058512
1.01645,0.8328262076058512
1.0165,0.8328262076058512
1.01655,0.8328262076058512
1.0166,0.8328262076058512
1.01665,0.8328262076058512
1.0167,0.8328262076058512
1.01675,0.8328262076058512
1.0168,0.8328262076058512
1.01685,0.8328262076058512
1.0169,0.8328262076058512
1.01695,0.8328262076058512
1.017,0.8328262076058512
1.01705,0.8328262076058512
1.0171,0.8328262076058512
1.01715,0.8328262076058512
1.0172,0.8328262076058512
1.01725,0.8328262076058512
1.0173,0.8328262076058512
1.01735,0.8328262076058512
1.0174,0.8328262076058512
1.01745,0.8328262076058512
1.0175,0.8328262076058512
1.01755,0.8328262076058512
1.0176,0.8331620263312468
1.01765,0.8328262076058512
1.0177,0.8328262076058512
1.01775,0.8328262076058512
1.0178,0.8328262076058512
1.01785,0.8328262076058512
1.0179,0.8328262076058512
1.01795,0.8328262076058512
1.018,0.8328262076058512
1.01805,0.8328262076058512
1.0181,0.8328262076058512
1.01815,0.8328262076058512
1.0182,0.8328262076058512
1.01825,0.8328262076058512
1.0183,0.8328262076058512
1.01835,0.8328262076058512
1.0184,0.8328262076058512
1.01845,0.8328262076058512
1.0185,0.8328262076058512
1.01855,0.8328262076058512
1.0186,0.8328262076058512
1.01865,0.8328262076058512
1.0187,0.8328262076058512
1.01875,0.8328262076058512
1.0188,0.8328262076058512
1.01885,0.8328262076058512
1.0189,0.8328262076058512
1.01895,0.8328262076058512
1.019,0.8328262076058512
1.01905,0.8328262076058512
1.0191,0.8328262076058512
1.01915,0.8328262076058512
1.0192,0.8328262076058512
1.01925,0.8328262076058512
1.0193,0.8328262076058512
1.01935,0.833162026331248
1.0194,0.8328262076058512
1.01945,0.8328262076058512
1.0195,0.8328262076058512
1.01955,0.833162026331248
1.0196,0.8328262076058512
1.01965,0.8328262076058512
1.0197,0.8328262076058512
1.01975,0.8328262076058512
1.0198,0.8328262076058512
1.01985,0.8328262076058512
1.0199,0.8328262076058512
1.01995,0.8328262076058512
1.02,0.8328262076058512
1.02005,0.8328262076058512
1.0201,0.8328262076058512
1.02015,0.8328262076058512
1.0202,0.8328262076058512
1.02025,0.8328262076058512
1.0203,0.8328262076058512
1.02035,0.8328262076058512
1.0204,0.8328262076058512
1.02045,0.8331620263312468
1.0205,0.8328262076058512
1.02055,0.8328262076058512
1.0206,0.8328262076058512
1.02065,0.8328262076058512
1.0207,0.8328262076058512
1.02075,0.8328262076058512
1.0208,0.8328262076058512
1.02085,0.8328262076058512
1.0209,0.8331620263312468
1.02095,0.8328262076058512
1.021,0.8328262076058512
1.02105,0.8328262076058512
1.0211,0.8328262076058512
1.02115,0.8328262076058512
1.0212,0.8328262076058512
1.02125,0.8328262076058512
1.0213,0.8324903888804557
1.02135,0.8328262076058512
1.0214,0.8328262076058512
1.02145,0.8324903888804545
1.0215,0.8324903888804545
1.02155,0.8324903888804545
1.0216,0.8324903888804545
1.02165,0.8324903888804545
1.0217,0.8324903888804545
1.02175,0.8324903888804545
1.0218,0.8324903888804545
1.02185,0.8324903888804545
1.0219,0.8324903888804545
1.02195,0.8324903888804545
1.022,0.8324903888804545
1.02205,0.8324903888804545
1.0221,0.8324903888804545
1.02215,0.8324903888804545
1.0222,0.8324903888804545
1.02225,0.8324903888804545
1.0223,0.8324903888804545
1.02235,0.8324903888804545
1.0224,0.8324903888804545
1.02245,0.8328262076058512
1.0225,0.8324903888804545
1.02255,0.8324903888804545
1.0226,0.8328262076058512
1.02265,0.8324903888804545
1.0227,0.8328262076058512
1.02275,0.8324903888804545
1.0228,0.8324903888804545
1.02285,0.8324903888804545
1.0229,0.8324903888804545
1.02295,0.8324903888804545
1.023,0.8324903888804545
1.02305,0.8324903888804545
1.0231,0.8324903888804545
1.02315,0.8324903888804545
1.0232,0.8324903888804545
1.02325,0.8324903888804545
1.0233,0.8324903888804545
1.02335,0.8324903888804545
1.0234,0.8324903888804545
1.02345,0.8321545701550577
1.0235,0.8324903888804532
1.02355,0.8324903888804545
1.0236,0.8324903888804545
1.02365,0.8324903888804545
1.0237,0.8324903888804545
1.02375,0.8324903888804545
1.0238,0.8324903888804545
1.02385,0.8328262076058512
1.0239,0.8324903888804545
1.02395,0.8324903888804545
1.024,0.8324903888804545
1.02405,0.83282620760585
1.0241,0.8324903888804545
1.02415,0.8324903888804545
1.0242,0.8324903888804545
1.02425,0.8324903888804545
1.0243,0.8324903888804545
1.02435,0.8324903888804545
1.0244,0.8324903888804545
1.02445,0.8324903888804545
1.0245,0.8324903888804545
1.02455,0.8324903888804545
1.0246,0.8324903888804545
1.02465,0.8324903888804545
1.0247,0.8324903888804545
1.02475,0.8324903888804545
1.0248,0.8324903888804545
1.02485,0.8324903888804545
1.0249,0.8324903888804545
1.02495,0.8324903888804545
1.025,0.8324903888804545
1.02505,0.8324903888804545
1.0251,0.8324903888804557
1.02515,0.8328262076058512
1.0252,0.8328262076058512
1.02525,0.8328262076058512
1.0253,0.8328262076058512
1.02535,0.8328262076058512
1.0254,0.8328262076058512
1.02545,0.8324903888804545
1.0255,0.8328262076058512
1.02555,0.8328262076058512
1.0256,0.8328262076058512
1.02565,0.8328262076058512
1.0257,0.8328262076058512
1.02575,0.8328262076058512
1.0258,0.8328262076058512
1.02585,0.8328262076058512
1.0259,0.8328262076058512
1.02595,0.8328262076058512
1.026,0.8328262076058512
1.02605,0.8324903888804557
1.0261,0.8328262076058512
1.02615,0.8328262076058512
1.0262,0.8324903888804545
1.02625,0.8328262076058512
1.0263,0.8328262076058512
1.02635,0.8328262076058512
1.0264,0.8324903888804545
1.02645,0.8328262076058512
1.0265,0.8328262076058512
1.02655,0.8328262076058512
1.0266,0.8328262076058512
1.02665,0.8324903888804545
1.0267,0.8328262076058512
1.02675,0.8328262076058512
1.0268,0.8324903888804557
1.02685,0.8328262076058512
1.0269,0.8328262076058512
1.02695,0.8328262076058512
1.027,0.8328262076058512
1.02705,0.8328262076058512
1.0271,0.8328262076058512
1.02715,0.8328262076058512
1.0272,0.8328262076058512
1.02725,0.8328262076058512
1.0273,0.8328262076058512
1.02735,0.8328262076058512
1.0274,0.8328262076058512
1.02745,0.8328262076058512
1.0275,0.8328262076058512
1.02755,0.8328262076058512
1.0276,0.8328262076058512
1.02765,0.8324903888804545
1.0277,0.83282620760585
1.02775,0.8331620263312468
1.0278,0.8328262076058512
1.02785,0.833162026331248
1.0279,0.833162026331248
1.02795,0.833162026331248
1.028,0.833162026331248
1.02805,0.833162026331248
1.0281,0.833162026331248
1.02815,0.833162026331248
1.0282,0.833162026331248
1.02825,0.833162026331248
1.0283,0.833162026331248
1.02835,0.833162026331248
1.0284,0.833162026331248
1.02845,0.8328262076058525
1.0285,0.8328262076058512
1.02855,0.8328262076058512
1.0286,0.833162026331248
1.02865,0.833162026331248
1.0287,0.833162026331248
1.02875,0.833162026331248
1.0288,0.833162026331248
1.02885,0.833162026331248
1.0289,0.833162026331248
1.02895,0.833162026331248
1.029,0.833162026331248
1.02905,0.833162026331248
1.0291,0.8331620263312493
1.02915,0.8334978450566448
1.0292,0.8331620263312493
1.02925,0.833162026331248
1.0293,0.833162026331248
1.02935,0.833162026331248
1.0294,0.833162026331248
1.02945,0.833162026331248
1.0295,0.833162026331248
1.02955,0.833162026331248
1.0296,0.833162026331248
1.02965,0.833162026331248
1.0297,0.833162026331248
1.02975,0.833162026331248
1.0298,0.833162026331248
1.02985,0.833162026331248
1.0299,0.833162026331248
1.02995,0.8334978450566448
1.03,0.8334978450566448
1.03005,0.833162026331248
1.0301,0.833162026331248
1.03015,0.833162026331248
1.0302,0.833162026331248
1.03025,0.833162026331248
1.0303,0.833162026331248
1.03035,0.833162026331248
1.0304,0.833162026331248
1.03045,0.833162026331248
1.0305,0.833162026331248
1.03055,0.833162026331248
1.0306,0.833162026331248
1.03065,0.833162026331248
1.0307,0.833162026331248
1.03075,0.833162026331248
1.0308,0.833162026331248
1.03085,0.833162026331248
1.0309,0.833162026331248
1.03095,0.833162026331248
1.031,0.8334978450566448
1.03105,0.8334978450566448
1.0311,0.8334978450566448
1.03115,0.833162026331248
1.0312,0.833162026331248
1.03125,0.833162026331248
1.0313,0.8334978450566436
1.03135,0.8334978450566448
1.0314,0.8334978450566448
1.03145,0.8334978450566448
1.0315,0.8334978450566448
1.03155,0.8334978450566448
1.0316,0.833162026331248
1.03165,0.8334978450566448
1.0317,0.8331620263312493
1.03175,0.833162026331248
1.0318,0.8334978450566448
1.03185,0.8334978450566448
1.0319,0.8334978450566448
1.03195,0.8334978450566448
1.032,0.8334978450566448
1.03205,0.833162026331248
1.0321,0.833162026331248
1.03215,0.833162026331248
1.0322,0.833162026331248
1.03225,0.833162026331248
1.0323,0.8334978450566448
1.03235,0.8331620263312493
1.0324,0.8334978450566448
1.03245,0.8331620263312493
1.0325,0.833162026331248
1.03255,0.833162026331248
1.0326,0.8328262076058512
1.03265,0.8331620263312468
1.0327,0.8328262076058512
1.03275,0.8328262076058512
1.0328,0.8328262076058512
1.03285,0.8328262076058512
1.0329,0.8328262076058525
1.03295,0.833162026331248
1.033,0.833162026331248
1.03305,0.8328262076058512
1.0331,0.833162026331248
1.03315,0.833162026331248
1.0332,0.8328262076058525
1.03325,0.8328262076058512
1.0333,0.833162026331248
1.03335,0.833162026331248
1.0334,0.833162026331248
1.03345,0.833162026331248
1.0335,0.833162026331248
1.03355,0.833162026331248
1.0336,0.8328262076058525
1.03365,0.8328262076058512
1.0337,0.8328262076058512
1.03375,0.833162026331248
1.0338,0.833162026331248
1.03385,0.833162026331248
1.0339,0.833162026331248
1.03395,0.833162026331248
1.034,0.833162026331248
1.03405,0.8331620263312468
1.0341,0.8328262076058512
1.03415,0.8328262076058512
1.0342,0.8328262076058512
1.03425,0.8328262076058512
1.0343,0.8328262076058512
1.03435,0.8328262076058512
1.0344,0.8328262076058512
1.03445,0.8328262076058525
1.0345,0.833162026331248
1.03455,0.8328262076058525
1.0346,0.8328262076058512
1.03465,0.833162026331248
1.0347,0.833162026331248
1.03475,0.8328262076058525
1.0348,0.8328262076058525
1.03485,0.833162026331248
1.0349,0.8328262076058512
1.03495,0.8328262076058512
1.035,0.8328262076058512
1.03505,0.8328262076058512
1.0351,0.833162026331248
1.03515,0.833162026331248
1.0352,0.8328262076058525
1.03525,0.833162026331248
1.0353,0.8328262076058525
1.03535,0.8328262076058512
1.0354,0.8331620263312468
1.03545,0.8328262076058512
1.0355,0.8328262076058512
1.03555,0.8328262076058512
1.0356,0.8328262076058512
1.03565,0.8328262076058512
1.0357,0.8331620263312468
1.03575,0.833162026331248
1.0358,0.833162026331248
1.03585,0.8328262076058512
1.0359,0.8328262076058512
1.03595,0.8328262076058525
1.036,0.833162026331248
1.03605,0.833162026331248
1.0361,0.8328262076058512
1.03615,0.833162026331248
1.0362,0.833162026331248
1.03625,0.8328262076058525
1.0363,0.8328262076058512
1.03635,0.8328262076058512
1.0364,0.8328262076058512
1.03645,0.8328262076058512
1.0365,0.8328262076058512
1.03655,0.833162026331248
1.0366,0.833162026331248
1.03665,0.8328262076058525
1.0367,0.8328262076058512
1.03675,0.8328262076058512
1.0368,0.8328262076058512
1.03685,0.8328262076058512
1.0369,0.8328262076058512
1.03695,0.8328262076058512
1.037,0.8328262076058512
1.03705,0.833162026331248
1.0371,0.8331620263312468
1.03715,0.8328262076058512
1.0372,0.8331620263312468
1.03725,0.8328262076058512
1.0373,0.8328262076058512
1.03735,0.8328262076058512
1.0374,0.8328262076058512
1.03745,0.8328262076058512
1.0375,0.8328262076058512
1.03755,0.8328262076058512
1.0376,0.8328262076058512
1.03765,0.833162026331248
1.0377,0.8328262076058512
1.03775,0.8328262076058512
1.0378,0.8328262076058512
1.03785,0.8331620263312468
1.0379,0.8328262076058512
1.03795,0.8328262076058512
1.038,0.8328262076058512
1.03805,0.8328262076058512
1.0381,0.8328262076058512
1.03815,0.8328262076058512
1.0382,0.8328262076058512
1.03825,0.8328262076058512
1.0383,0.8328262076058512
1.03835,0.8328262076058512
1.0384,0.8328262076058512
1.03845,0.8328262076058512
1.0385,0.8328262076058512
1.03855,0.8328262076058512
1.0386,0.8328262076058512
1.03865,0.8328262076058512
1.0387,0.8328262076058512
1.03875,0.8328262076058512
1.0388,0.8328262076058512
1.03885,0.8328262076058512
1.0389,0.8328262076058512
1.03895,0.8328262076058512
1.039,0.8328262076058512
1.03905,0.8328262076058512
1.0391,0.8328262076058512
1.03915,0.8328262076058512
1.0392,0.8328262076058512
1.03925,0.8328262076058512
1.0393,0.8328262076058512
1.03935,0.833162026331248
1.0394,0.8328262076058512
1.03945,0.8328262076058512
1.0395,0.8328262076058512
1.03955,0.8328262076058512
1.0396,0.8328262076058512
1.03965,0.8328262076058512
1.0397,0.8328262076058512
1.03975,0.8328262076058512
1.0398,0.8328262076058512
1.03985,0.833162026331248
1.0399,0.833162026331248
1.03995,0.833162026331248
1.04,0.833162026331248
1.04005,0.8328262076058512
1.0401,0.833162026331248
1.04015,0.8331620263312468
1.0402,0.8328262076058512
1.04025,0.8328262076058512
1.0403,0.8328262076058512
1.04035,0.8331620263312468
1.0404,0.8328262076058512
1.04045,0.8328262076058512
1.0405,0.8328262076058512
1.04055,0.833162026331248
1.0406,0.8328262076058512
1.04065,0.8331620263312468
1.0407,0.8328262076058512
1.04075,0.8328262076058512
1.0408,0.8328262076058512
1.04085,0.8328262076058512
1.0409,0.8328262076058512
1.04095,0.8328262076058512
1.041,0.8328262076058512
1.04105,0.8328262076058512
1.0411,0.8328262076058512
1.04115,0.8328262076058512
1.0412,0.8328262076058512
1.04125,0.8328262076058512
1.0413,0.83282620760585
1.04135,0.8324903888804545
1.0414,0.8324903888804545
1.04145,0.8328262076058512
1.0415,0.8324903888804545
1.04155,0.8324903888804545
1.0416,0.8324903888804545
1.04165,0.8324903888804545
1.0417,0.8324903888804545
1.04175,0.8324903888804545
1.0418,0.8324903888804545
1.04185,0.8324903888804557
1.0419,0.8328262076058512
1.04195,0.8324903888804545
1.042,0.8324903888804545
1.04205,0.8324903888804545
1.0421,0.8324903888804545
1.04215,0.8324903888804545
1.0422,0.8324903888804545
1.04225,0.8324903888804545
1.0423,0.8324903888804545
1.04235,0.8324903888804545
1.0424,0.8324903888804545
1.04245,0.8324903888804545
1.0425,0.8324903888804545
1.04255,0.8324903888804545
1.0426,0.8324903888804545
1.04265,0.8328262076058512
1.0427,0.8328262076058512
1.04275,0.8324903888804557
1.0428,0.8324903888804545
1.04285,0.8324903888804545
1.0429,0.8324903888804545
1.04295,0.8324903888804545
1.043,0.8324903888804545
1.04305,0.8324903888804545
1.0431,0.8324903888804545
1.04315,0.8324903888804545
1.0432,0.8324903888804545
1.04325,0.8324903888804545
1.0433,0.8324903888804545
1.04335,0.8324903888804545
1.0434,0.8324903888804545
1.04345,0.8324903888804545
1.0435,0.83282620760585
1.04355,0.8324903888804545
1.0436,0.8324903888804545
1.04365,0.8328262076058512
1.0437,0.8324903888804557
1.04375,0.8324903888804545
1.0438,0.8324903888804545
1.04385,0.8324903888804545
1.0439,0.8324903888804545
1.04395,0.8324903888804545
1.044,0.8324903888804545
1.04405,0.8324903888804545
1.0441,0.8328262076058512
1.04415,0.8324903888804545
1.0442,0.8324903888804545
1.04425,0.8324903888804545
1.0443,0.8324903888804545
1.04435,0.8324903888804545
1.0444,0.8324903888804545
1.04445,0.8324903888804545
1.0445,0.8324903888804545
1.04455,0.8324903888804545
1.0446,0.8324903888804545
1.04465,0.8324903888804545
1.0447,0.8324903888804545
1.04475,0.8324903888804545
1.0448,0.8324903888804545
1.04485,0.8324903888804545
1.0449,0.8324903888804545
1.04495,0.8324903888804545
1.045,0.8324903888804545
1.04505,0.8324903888804545
1.0451,0.8324903888804545
1.04515,0.8324903888804545
1.0452,0.83282620760585
1.04525,0.8328262076058512
1.0453,0.8328262076058512
1.04535,0.8328262076058512
1.0454,0.8328262076058512
1.04545,0.8328262076058512
1.0455,0.8328262076058512
1.04555,0.8328262076058512
1.0456,0.8324903888804557
1.04565,0.8328262076058512
1.0457,0.8328262076058512
1.04575,0.8324903888804545
1.0458,0.8324903888804545
1.04585,0.8328262076058512
1.0459,0.8324903888804545
1.04595,0.8328262076058512
1.046,0.8328262076058512
1.04605,0.8324903888804557
1.0461,0.8328262076058512
1.04615,0.8328262076058512
1.0462,0.8324903888804545
1.04625,0.8328262076058512
1.0463,0.8328262076058512
1.04635,0.8328262076058512
1.0464,0.8328262076058512
1.04645,0.8328262076058512
1.0465,0.8328262076058512
1.04655,0.8328262076058512
1.0466,0.8328262076058512
1.04665,0.8328262076058512
1.0467,0.8328262076058512
1.04675,0.8328262076058512
1.0468,0.8328262076058512
1.04685,0.8328262076058512
1.0469,0.8328262076058512
1.04695,0.8328262076058512
1.047,0.8328262076058512
1.04705,0.8328262076058512
1.0471,0.8328262076058512
1.04715,0.8328262076058512
1.0472,0.8328262076058512
1.04725,0.8328262076058512
1.0473,0.8328262076058512
1.04735,0.8328262076058512
1.0474,0.8328262076058525
1.04745,0.833162026331248
1.0475,0.8328262076058525
1.04755,0.8328262076058512
1.0476,0.8328262076058512
1.04765,0.8328262076058512
1.0477,0.8328262076058512
1.04775,0.8328262076058512
1.0478,0.833162026331248
1.04785,0.8328262076058512
1.0479,0.833162026331248
1.04795,0.833162026331248
1.048,0.833162026331248
1.04805,0.833162026331248
1.0481,0.833162026331248
1.04815,0.833162026331248
1.0482,0.833162026331248
1.04825,0.833162026331248
1.0483,0.833162026331248
1.04835,0.833162026331248
1.0484,0.833162026331248
1.04845,0.8334978450566436
1.0485,0.833162026331248
1.04855,0.833162026331248
1.0486,0.833162026331248
1.04865,0.833162026331248
1.0487,0.833162026331248
1.04875,0.833162026331248
1.0488,0.833162026331248
1.04885,0.833162026331248
1.0489,0.8331620263312493
1.04895,0.8334978450566448
1.049,0.8334978450566448
1.04905,0.8334978450566448
1.0491,0.8334978450566448
1.04915,0.8334978450566448
1.0492,0.8334978450566448
1.04925,0.833162026331248
1.0493,0.8334978450566436
1.04935,0.833162026331248
1.0494,0.833162026331248
1.04945,0.833162026331248
1.0495,0.833162026331248
1.04955,0.833162026331248
1.0496,0.833162026331248
1.04965,0.833162026331248
1.0497,0.833162026331248
1.04975,0.833162026331248
1.0498,0.8334978450566436
1.04985,0.8334978450566448
1.0499,0.8334978450566448
1.04995,0.8334978450566448
1.05,0.8334978450566448
1.05005,0.8334978450566448
1.0501,0.8334978450566448
1.05015,0.8334978450566448
1.0502,0.8334978450566448
1.05025,0.8334978450566448
1.0503,0.8334978450566448
1.05035,0.8331620263312493
1.0504,0.833162026331248
1.05045,0.833162026331248
1.0505,0.833162026331248
1.05055,0.833162026331248
1.0506,0.833162026331248
1.05065,0.833162026331248
1.0507,0.833162026331248
1.05075,0.833162026331248
1.0508,0.833162026331248
1.05085,0.8334978450566448
1.0509,0.833162026331248
1.05095,0.8334978450566448
1.051,0.8334978450566448
1.05105,0.8334978450566448
1.0511,0.8334978450566448
1.05115,0.8334978450566448
1.0512,0.833162026331248
1.05125,0.833162026331248
1.0513,0.833162026331248
1.05135,0.833162026331248
1.0514,0.8334978450566436
1.05145,0.833162026331248
1.0515,0.833162026331248
1.05155,0.8334978450566448
1.0516,0.8334978450566448
1.05165,0.8334978450566448
1.0517,0.8334978450566448
1.05175,0.8334978450566448
1.0518,0.8334978450566448
1.05185,0.833162026331248
1.0519,0.833162026331248
1.05195,0.8334978450566448
1.052,0.8334978450566448
1.05205,0.8334978450566448
1.0521,0.8334978450566448
1.05215,0.8334978450566448
1.0522,0.8334978450566448
1.05225,0.8334978450566448
1.0523,0.8334978450566448
1.05235,0.8331620263312493
1.0524,0.8334978450566448
1.05245,0.8331620263312493
1.0525,0.833162026331248
1.05255,0.8331620263312468
1.0526,0.8328262076058512
1.05265,0.8331620263312468
1.0527,0.833162026331248
1.05275,0.8328262076058512
1.0528,0.833162026331248
1.05285,0.8328262076058525
1.0529,0.8328262076058512
1.05295,0.8328262076058512
1.053,0.833162026331248
1.05305,0.8328262076058512
1.0531,0.8331620263312468
1.05315,0.8328262076058512
1.0532,0.833162026331248
1.05325,0.833162026331248
1.0533,0.833162026331248
1.05335,0.833162026331248
1.0534,0.833162026331248
1.05345,0.833162026331248
1.0535,0.833162026331248
1.05355,0.833162026331248
1.0536,0.833162026331248
1.05365,0.833162026331248
1.0537,0.833162026331248
1.05375,0.833162026331248
1.0538,0.833162026331248
1.05385,0.833162026331248
1.0539,0.833162026331248
1.05395,0.833162026331248
1.054,0.833162026331248
1.05405,0.8331620263312468
1.0541,0.8328262076058512
1.05415,0.833162026331248
1.0542,0.833162026331248
1.05425,0.8328262076058525
1.0543,0.833162026331248
1.05435,0.8328262076058525
1.0544,0.8328262076058512
1.05445,0.8328262076058512
1.0545,0.8328262076058512
1.05455,0.8328262076058512
1.0546,0.8328262076058512
1.05465,0.8328262076058512
1.0547,0.8328262076058512
1.05475,0.8328262076058512
1.0548,0.8328262076058512
1.05485,0.8328262076058512
1.0549,0.8328262076058512
1.05495,0.8328262076058512
1.055,0.8328262076058512
1.05505,0.8328262076058512
1.0551,0.833162026331248
1.05515,0.8328262076058512
1.0552,0.8328262076058525
1.05525,0.833162026331248
1.0553,0.833162026331248
1.05535,0.833162026331248
1.0554,0.833162026331248
1.05545,0.833162026331248
1.0555,0.833162026331248
1.05555,0.833162026331248
1.0556,0.8331620263312468
1.05565,0.8328262076058512
1.0557,0.8328262076058512
1.05575,0.833162026331248
1.0558,0.833162026331248
1.05585,0.8328262076058512
1.0559,0.8328262076058512
1.05595,0.8328262076058525
1.056,0.833162026331248
1.05605,0.833162026331248
1.0561,0.8328262076058512
1.05615,0.8328262076058512
1.0562,0.8328262076058512
1.05625,0.8328262076058512
1.0563,0.8328262076058512
1.05635,0.8331620263312468
1.0564,0.8328262076058512
1.05645,0.8328262076058512
1.0565,0.8328262076058512
1.05655,0.833162026331248
1.0566,0.833162026331248
1.05665,0.833162026331248
1.0567,0.833162026331248
1.05675,0.8328262076058512
1.0568,0.8328262076058512
1.05685,0.8328262076058512
1.0569,0.8328262076058512
1.05695,0.8328262076058512
1.057,0.8328262076058512
1.05705,0.833162026331248
1.0571,0.8328262076058512
1.05715,0.8328262076058512
1.0572,0.8328262076058512
1.05725,0.8328262076058512
1.0573,0.8328262076058512
1.05735,0.8328262076058512
1.0574,0.8328262076058512
1.05745,0.833162026331248
1.0575,0.8328262076058512
1.05755,0.8328262076058512
1.0576,0.8328262076058512
1.05765,0.8328262076058512
1.0577,0.833162026331248
1.05775,0.833162026331248
1.0578,0.833162026331248
1.05785,0.833162026331248
1.0579,0.833162026331248
1.05795,0.833162026331248
1.058,0.8328262076058512
1.05805,0.8328262076058512
1.0581,0.8328262076058512
1.05815,0.833162026331248
1.0582,0.833162026331248
1.05825,0.833162026331248
1.0583,0.833162026331248
1.05835,0.8328262076058525
1.0584,0.8328262076058512
1.05845,0.8328262076058512
1.0585,0.8328262076058512
1.05855,0.8328262076058512
1.0586,0.8328262076058512
1.05865,0.8328262076058512
1.0587,0.8328262076058512
1.05875,0.8331620263312468
1.0588,0.8328262076058512
1.05885,0.8328262076058512
1.0589,0.8328262076058512
1.05895,0.8328262076058512
1.059,0.8331620263312468
1.05905,0.8328262076058512
1.0591,0.8328262076058512
1.05915,0.833162026331248
1.0592,0.8331620263312468
1.05925,0.8328262076058512
1.0593,0.8331620263312468
1.05935,0.833162026331248
1.0594,0.8331620263312468
1.05945,0.8328262076058512
1.0595,0.8328262076058512
1.05955,0.8328262076058512
1.0596,0.8328262076058512
1.05965,0.8328262076058512
1.0597,0.8328262076058512
1.05975,0.833162026331248
1.0598,0.8328262076058512
1.05985,0.8328262076058512
1.0599,0.8328262076058512
1.05995,0.833162026331248
1.06,0.8328262076058512
1.06005,0.833162026331248
1.0601,0.8328262076058512
1.06015,0.8328262076058512
1.0602,0.8328262076058512
1.06025,0.8328262076058512
1.0603,0.8328262076058512
1.06035,0.8328262076058512
1.0604,0.8328262076058512
1.06045,0.8328262076058512
1.0605,0.833162026331248
1.06055,0.8328262076058525
1.0606,0.833162026331248
1.06065,0.8328262076058525
1.0607,0.8328262076058512
1.06075,0.8328262076058512
1.0608,0.833162026331248
1.06085,0.833162026331248
1.0609,0.833162026331248
1.06095,0.8328262076058512
1.061,0.8328262076058512
1.06105,0.833162026331248
1.0611,0.8328262076058512
1.06115,0.8328262076058512
1.0612,0.8328262076058512
1.06125,0.8328262076058512
1.0613,0.8328262076058512
1.06135,0.8328262076058512
1.0614,0.8324903888804557
1.06145,0.8328262076058512
1.0615,0.8324903888804545
1.06155,0.8324903888804545
1.0616,0.83282620760585
1.06165,0.8324903888804545
1.0617,0.8324903888804545
1.06175,0.8324903888804545
1.0618,0.8324903888804545
1.06185,0.8324903888804545
1.0619,0.8324903888804545
1.06195,0.8328262076058512
1.062,0.8324903888804545
1.06205,0.8324903888804545
1.0621,0.8324903888804545
1.06215,0.8324903888804545
1.0622,0.8324903888804545
1.06225,0.83282620760585
1.0623,0.8324903888804545
1.06235,0.8324903888804545
1.0624,0.8324903888804545
1.06245,0.8324903888804545
1.0625,0.8324903888804545
1.06255,0.8324903888804545
1.0626,0.8324903888804545
1.06265,0.8324903888804557
1.0627,0.8328262076058512
1.06275,0.8328262076058512
1.0628,0.8324903888804545
1.06285,0.8324903888804545
1.0629,0.8324903888804545
1.06295,0.8324903888804545
1.063,0.8324903888804545
1.06305,0.8324903888804545
1.0631,0.8324903888804545
1.06315,0.8324903888804545
1.0632,0.8324903888804545
1.06325,0.8324903888804545
1.0633,0.8324903888804545
1.06335,0.8324903888804545
1.0634,0.8324903888804545
1.06345,0.8324903888804545
1.0635,0.8324903888804545
1.06355,0.8328262076058512
1.0636,0.8324903888804545
1.06365,0.8324903888804545
1.0637,0.8324903888804545
1.06375,0.8328262076058512
1.0638,0.8324903888804545
1.06385,0.8324903888804545
1.0639,0.8324903888804545
1.06395,0.8324903888804545
1.064,0.8324903888804545
1.06405,0.8324903888804545
1.0641,0.8324903888804545
1.06415,0.8324903888804545
1.0642,0.8324903888804545
1.06425,0.8324903888804545
1.0643,0.8324903888804545
1.06435,0.8324903888804545
1.0644,0.8324903888804545
1.06445,0.8321545701550589
1.0645,0.8324903888804545
1.06455,0.8324903888804545
1.0646,0.8324903888804545
1.06465,0.8324903888804545
1.0647,0.8324903888804545
1.06475,0.8324903888804545
1.0648,0.8324903888804545
1.06485,0.8324903888804545
1.0649,0.8324903888804545
1.06495,0.8324903888804545
1.065,0.8324903888804545
1.06505,0.8324903888804545
1.0651,0.83282620760585
1.06515,0.8324903888804545
1.0652,0.8324903888804545
1.06525,0.8328262076058512
1.0653,0.83282620760585
1.06535,0.8324903888804545
1.0654,0.83282620760585
1.06545,0.8328262076058512
1.0655,0.8324903888804557
1.06555,0.8328262076058512
1.0656,0.8328262076058512
1.06565,0.8328262076058512
1.0657,0.8328262076058512
1.06575,0.8328262076058512
1.0658,0.8328262076058512
1.06585,0.8328262076058512
1.0659,0.8328262076058512
1.06595,0.8328262076058512
1.066,0.8328262076058512
1.06605,0.8328262076058512
1.0661,0.8328262076058512
1.06615,0.8328262076058512
1.0662,0.8328262076058512
1.06625,0.8328262076058512
1.0663,0.8328262076058512
1.06635,0.8328262076058512
1.0664,0.8328262076058512
1.06645,0.8328262076058512
1.0665,0.8328262076058512
1.06655,0.8328262076058512
1.0666,0.8328262076058512
1.06665,0.8328262076058525
1.0667,0.833162026331248
1.06675,0.8328262076058525
1.0668,0.8328262076058512
1.06685,0.8328262076058512
1.0669,0.8328262076058512
1.06695,0.8328262076058512
1.067,0.8328262076058512
1.06705,0.8328262076058512
1.0671,0.8328262076058512
1.06715,0.8328262076058512
1.0672,0.8328262076058512
1.06725,0.8328262076058512
1.0673,0.8328262076058512
1.06735,0.8328262076058512
1.0674,0.833162026331248
1.06745,0.833162026331248
1.0675,0.8328262076058525
1.06755,0.8328262076058512
1.0676,0.833162026331248
1.06765,0.833162026331248
1.0677,0.833162026331248
1.06775,0.8328262076058512
1.0678,0.833162026331248
1.06785,0.833162026331248
1.0679,0.833162026331248
1.06795,0.833162026331248
1.068,0.833162026331248
1.06805,0.833162026331248
1.0681,0.833162026331248
1.06815,0.833162026331248
1.0682,0.833162026331248
1.06825,0.833162026331248
1.0683,0.833162026331248
1.06835,0.833162026331248
1.0684,0.833162026331248
1.06845,0.833162026331248
1.0685,0.833162026331248
1.06855,0.833162026331248
1.0686,0.833162026331248
1.06865,0.833162026331248
1.0687,0.833162026331248
1.06875,0.833162026331248
1.0688,0.833162026331248
1.06885,0.833162026331248
1.0689,0.8334978450566448
1.06895,0.833162026331248
1.069,0.833162026331248
1.06905,0.833162026331248
1.0691,0.833162026331248
1.06915,0.833162026331248
1.0692,0.833162026331248
1.06925,0.833162026331248
1.0693,0.833162026331248
1.06935,0.833162026331248
1.0694,0.833162026331248
1.06945,0.833162026331248
1.0695,0.833162026331248
1.06955,0.833162026331248
1.0696,0.833162026331248
1.06965,0.833162026331248
1.0697,0.8331620263312493
1.06975,0.8334978450566448
1.0698,0.8334978450566448
1.06985,0.833162026331248
1.0699,0.833162026331248
1.06995,0.833162026331248
1.07,0.833162026331248
1.07005,0.833162026331248
1.0701,0.833162026331248
1.07015,0.833162026331248
1.0702,0.833162026331248
1.07025,0.833162026331248
1.0703,0.833162026331248
1.07035,0.833162026331248
1.0704,0.833162026331248
1.07045,0.833162026331248
1.0705,0.833162026331248
1.07055,0.833162026331248
1.0706,0.833162026331248
1.07065,0.8328262076058512
1.0707,0.8328262076058512
1.07075,0.8331620263312468
1.0708,0.833162026331248
1.07085,0.833162026331248
1.0709,0.833162026331248
1.07095,0.833162026331248
1.071,0.833162026331248
1.07105,0.8334978450566448
1.0711,0.833162026331248
1.07115,0.8334978450566448
1.0712,0.833162026331248
1.07125,0.833162026331248
1.0713,0.833162026331248
1.07135,0.833162026331248
1.0714,0.833162026331248
1.07145,0.833162026331248
1.0715,0.833162026331248
1.07155,0.833162026331248
1.0716,0.8331620263312493
1.07165,0.8334978450566448
1.0717,0.8334978450566448
1.07175,0.8334978450566448
1.0718,0.8334978450566448
1.07185,0.8334978450566448
1.0719,0.8334978450566448
1.07195,0.8334978450566448
1.072,0.8334978450566448
1.07205,0.8334978450566448
1.0721,0.8334978450566448
1.07215,0.8334978450566448
1.0722,0.8334978450566448
1.07225,0.8334978450566448
1.0723,0.8334978450566448
1.07235,0.8334978450566448
1.0724,0.8334978450566448
1.07245,0.8331620263312493
1.0725,0.833162026331248
1.07255,0.833162026331248
1.0726,0.833162026331248
1.07265,0.8328262076058525
1.0727,0.8328262076058512
1.07275,0.8331620263312468
1.0728,0.8328262076058512
1.07285,0.8328262076058512
1.0729,0.833162026331248
1.07295,0.833162026331248
1.073,0.833162026331248
1.07305,0.833162026331248
1.0731,0.833162026331248
1.07315,0.833162026331248
1.0732,0.8328262076058512
1.07325,0.8328262076058512
1.0733,0.8331620263312468
1.07335,0.8328262076058512
1.0734,0.833162026331248
1.07345,0.8328262076058512
1.0735,0.8331620263312468
1.07355,0.8328262076058512
1.0736,0.8331620263312468
1.07365,0.833162026331248
1.0737,0.833162026331248
1.07375,0.833162026331248
1.0738,0.833162026331248
1.07385,0.833162026331248
1.0739,0.833162026331248
1.07395,0.833162026331248
1.074,0.8328262076058525
1.07405,0.8328262076058512
1.0741,0.833162026331248
1.07415,0.833162026331248
1.0742,0.833162026331248
1.07425,0.8328262076058525
1.0743,0.833162026331248
1.07435,0.833162026331248
1.0744,0.833162026331248
1.07445,0.833162026331248
1.0745,0.833162026331248
1.07455,0.8328262076058525
1.0746,0.8328262076058512
1.07465,0.8328262076058525
1.0747,0.833162026331248
1.07475,0.8328262076058525
1.0748,0.8328262076058512
1.07485,0.833162026331248
1.0749,0.833162026331248
1.07495,0.833162026331248
1.075,0.833162026331248
1.07505,0.8328262076058512
1.0751,0.833162026331248
1.07515,0.8328262076058512
1.0752,0.8328262076058525
1.07525,0.833162026331248
1.0753,0.8328262076058512
1.07535,0.8328262076058512
1.0754,0.8328262076058512
1.07545,0.8328262076058512
1.0755,0.8331620263312468
1.07555,0.833162026331248
1.0756,0.833162026331248
1.07565,0.833162026331248
1.0757,0.833162026331248
1.07575,0.8328262076058512
1.0758,0.8328262076058512
1.07585,0.8328262076058512
1.0759,0.8328262076058512
1.07595,0.8328262076058512
1.076,0.833162026331248
1.07605,0.833162026331248
1.0761,0.833162026331248
1.07615,0.833162026331248
1.0762,0.833162026331248
1.07625,0.8328262076058512
1.0763,0.833162026331248
1.07635,0.833162026331248
1.0764,0.833162026331248
1.07645,0.8328262076058525
1.0765,0.833162026331248
1.07655,0.8331620263312468
1.0766,0.8328262076058512
1.07665,0.8331620263312468
1.0767,0.833162026331248
1.07675,0.8328262076058525
1.0768,0.833162026331248
1.07685,0.833162026331248
1.0769,0.8328262076058512
1.07695,0.8328262076058512
1.077,0.8328262076058512
1.07705,0.8328262076058512
1.0771,0.8328262076058512
1.07715,0.833162026331248
1.0772,0.833162026331248
1.07725,0.833162026331248
1.0773,0.8328262076058525
1.07735,0.833162026331248
1.0774,0.833162026331248
1.07745,0.8328262076058512
1.0775,0.8328262076058512
1.07755,0.8328262076058512
1.0776,0.8328262076058512
1.07765,0.8328262076058512
1.0777,0.8331620263312468
1.07775,0.8328262076058512
1.0778,0.8328262076058512
1.07785,0.8328262076058512
1.0779,0.8328262076058512
1.07795,0.8328262076058512
1.078,0.8328262076058512
1.07805,0.833162026331248
1.0781,0.8328262076058512
1.07815,0.8328262076058512
1.0782,0.8328262076058512
1.07825,0.8331620263312468
1.0783,0.8328262076058512
1.07835,0.833162026331248
1.0784,0.8328262076058512
1.07845,0.8331620263312468
1.0785,0.8328262076058512
1.07855,0.8328262076058512
1.0786,0.8328262076058512
1.07865,0.8328262076058525
1.0787,0.833162026331248
1.07875,0.8328262076058525
1.0788,0.8328262076058512
1.07885,0.833162026331248
1.0789,0.8328262076058512
1.07895,0.8328262076058512
1.079,0.8328262076058512
1.07905,0.8328262076058512
1.0791,0.8328262076058512
1.07915,0.833162026331248
1.0792,0.8331620263312468
1.07925,0.8328262076058512
1.0793,0.833162026331248
1.07935,0.833162026331248
1.0794,0.8328262076058512
1.07945,0.8328262076058512
1.0795,0.8328262076058512
1.07955,0.8328262076058512
1.0796,0.8328262076058512
1.07965,0.8328262076058512
1.0797,0.8328262076058512
1.07975,0.8328262076058512
1.0798,0.83282620760585
1.07985,0.8324903888804545
1.0799,0.8324903888804545
1.07995,0.8324903888804545
1.08,0.8324903888804545
1.08005,0.8324903888804545
1.0801,0.83282620760585
1.08015,0.8331620263312505
1.0802,0.8338336637820416
1.08025,0.834505301232835
1.0803,0.8358485761344219
1.08035,0.8375276697614129
1.0804,0.8395425821137861
1.08045,0.8425649506423569
1.0805,0.8465947753471177
1.08055,0.8512962375026942
1.0806,0.8573409745598137
1.08065,0.8657364426947017
1.0807,0.8768184606328249
1.08075,0.894281034353574
1.0808,0.9268554507169398
1.08085,1.010474313340425
1.0809,1.174689670059737
1.08095,1.375509267846991
1.081,1.59009743337551
1.08105,1.81140197341116
1.0811,2.038415431780165
1.08115,2.268451258676935
1.0812,2.499830360475292
1.08125,2.711060338749845
1.0813,2.750686948346661
1.08135,2.750686948346661
1.0814,2.750686948346661
1.08145,2.750686948346661
1.0815,2.750686948346661
1.08155,2.750686948346661
1.0816,2.750686948346661
1.08165,2.750686948346661
1.0817,2.750686948346661
1.08175,2.750686948346661
1.0818,2.750686948346661
1.08185,2.750686948346661
1.0819,2.750686948346661
1.08195,2.750686948346661
1.082,2.750686948346661
1.08205,2.750686948346661
1.0821,2.750686948346661
1.08215,2.750686948346661
1.0822,2.750686948346661
1.08225,2.750686948346661
1.0823,2.750686948346661
1.08235,2.750686948346661
1.0824,2.750686948346661
1.08245,2.750686948346661
1.0825,2.750686948346661
1.08255,2.750686948346661
1.0826,2.750686948346661
1.08265,2.750686948346661
1.0827,2.750686948346661
1.08275,2.750686948346661
1.0828,2.750686948346661
1.08285,2.750686948346661
1.0829,2.750686948346661
1.08295,2.750686948346661
1.083,2.750686948346661
1.08305,2.750686948346661
1.0831,2.750686948346661
1.08315,2.750686948346661
1.0832,2.750686948346661
1.08325,2.750686948346661
1.0833,2.750686948346661
1.08335,2.750686948346661
1.0834,2.750686948346661
1.08345,2.750686948346661
1.0835,2.750686948346661
1.08355,2.750686948346661
1.0836,2.750686948346661
1.08365,2.750686948346661
1.0837,2.750686948346661
1.08375,2.750686948346661
1.0838,2.750686948346661
1.08385,2.750686948346661
1.0839,2.750686948346661
1.08395,2.750686948346661
1.084,2.750686948346661
1.08405,2.750686948346661
1.0841,2.750686948346661
1.08415,2.750686948346661
1.0842,2.750686948346661
1.08425,2.750686948346661
1.0843,2.750686948346661
1.08435,2.750686948346661
1.0844,2.750686948346661
1.08445,2.750686948346661
1.0845,2.750686948346661
1.08455,2.750686948346661
1.0846,2.750686948346661
1.08465,2.750686948346661
1.0847,2.750686948346661
1.08475,2.750686948346661
1.0848,2.750686948346661
1.08485,2.750686948346661
1.0849,2.750686948346661
1.08495,2.750686948346661
1.085,2.750686948346661
1.08505,2.750686948346661
1.0851,2.750686948346661
1.08515,2.750686948346661
1.0852,2.750686948346661
1.08525,2.750686948346661
1.0853,2.750686948346661
1.08535,2.750686948346661
1.0854,2.750686948346661
1.08545,2.750686948346661
1.0855,2.750686948346661
1.08555,2.750686948346661
1.0856,2.750686948346661
1.08565,2.750686948346661
1.0857,2.750686948346661
1.08575,2.750686948346661
1.0858,2.750686948346661
1.08585,2.750686948346661
1.0859,2.750686948346661
1.08595,2.750686948346661
1.086,2.750686948346661
1.08605,2.750686948346661
1.0861,2.750686948346661
1.08615,2.750686948346661
1.0862,2.750686948346661
1.08625,2.750686948346661
1.0863,2.750686948346661
1.08635,2.750686948346661
1.0864,2.750686948346661
1.08645,2.750686948346661
1.0865,2.750686948346661
1.08655,2.750686948346661
1.0866,2.750686948346661
1.08665,2.750686948346661
1.0867,2.750686948346661
1.08675,2.750686948346661
1.0868,2.750686948346661
1.08685,2.750686948346661
1.0869,2.750686948346661
1.08695,2.750686948346661
1.087,2.750686948346661
1.08705,2.750686948346661
1.0871,2.750686948346661
1.08715,2.750686948346661
1.0872,2.750686948346661
1.08725,2.750686948346661
1.0873,2.750686948346661
1.08735,2.750686948346661
1.0874,2.750686948346661
1.08745,2.750686948346661
1.0875,2.750686948346661
1.08755,2.750686948346661
1.0876,2.750686948346661
1.08765,2.750686948346661
1.0877,2.750686948346661
1.08775,2.750686948346661
1.0878,2.750686948346661
1.08785,2.750686948346661
1.0879,2.750686948346661
1.08795,2.750686948346661
1.088,2.750686948346661
1.08805,2.750686948346661
1.0881,2.750686948346661
1.08815,2.750686948346661
1.0882,2.750686948346661
1.08825,2.750686948346661
1.0883,2.750686948346661
1.08835,2.750686948346661
1.0884,2.750686948346661
1.08845,2.750686948346661
1.0885,2.750686948346661
1.08855,2.750686948346661
1.0886,2.750686948346661
1.08865,2.750686948346661
1.0887,2.750686948346661
1.08875,2.750686948346661
1.0888,2.750686948346661
1.08885,2.750686948346661
1.0889,2.750686948346661
1.08895,2.750686948346661
1.089,2.750686948346661
1.08905,2.750686948346661
1.0891,2.750686948346661
1.08915,2.750686948346661
1.0892,2.750686948346661
1.08925,2.750686948346661
1.0893,2.644568231120474
1.08935,2.42057714128166
1.0894,2.196250232716635
1.08945,1.974274055229386
1.0895,1.755991883720735
1.08955,1.545097724172347
1.0896,1.345621401287406
1.08965,1.163607652121645
1.0897,1.009466857164222
1.08975,0.9224898072867822
1.0898,0.8926019407265805
1.08985,0.8774900980836182
1.0899,0.867415536321716
1.08995,0.8600275243629876
1.09,0.8543186060312636
1.09005,0.8499529626010853
1.0901,0.8462589566217211
1.09015,0.8429007693677537
1.0902,0.8402142195645894
1.09025,0.838199307212193
1.0903,0.8365202135852154
1.09035,0.8351769386836285
1.0904,0.8338336637820416
1.09045,0.8331620263312468
1.0905,0.8328262076058512
1.09055,0.8324903888804557
1.0906,0.8324903888804545
1.09065,0.8324903888804545
1.0907,0.8324903888804545
1.09075,0.8324903888804545
1.0908,0.8324903888804545
1.09085,0.8328262076058512
1.0909,0.8328262076058512
1.09095,0.8328262076058512
1.091,0.8328262076058512
1.09105,0.8328262076058512
1.0911,0.833162026331248
1.09115,0.833162026331248
1.0912,0.833162026331248
1.09125,0.8328262076058512
1.0913,0.8328262076058512
1.09135,0.833162026331248
1.0914,0.833162026331248
1.09145,0.833162026331248
1.0915,0.833162026331248
1.09155,0.833162026331248
1.0916,0.8331620263312493
1.09165,0.8334978450566448
1.0917,0.8334978450566448
1.09175,0.8334978450566448
1.0918,0.833162026331248
1.09185,0.833162026331248
1.0919,0.833162026331248
1.09195,0.833162026331248
1.092,0.833162026331248
1.09205,0.833162026331248
1.0921,0.8334978450566436
1.09215,0.8334978450566448
1.0922,0.833162026331248
1.09225,0.833162026331248
1.0923,0.833162026331248
1.09235,0.833162026331248
1.0924,0.833162026331248
1.09245,0.8328262076058512
1.0925,0.833162026331248
1.09255,0.833162026331248
1.0926,0.833162026331248
1.09265,0.8328262076058525
1.0927,0.833162026331248
1.09275,0.833162026331248
1.0928,0.833162026331248
1.09285,0.833162026331248
1.0929,0.833162026331248
1.09295,0.833162026331248
1.093,0.833162026331248
1.09305,0.833162026331248
1.0931,0.833162026331248
1.09315,0.8328262076058512
1.0932,0.8328262076058512
1.09325,0.8328262076058512
1.0933,0.8328262076058525
1.09335,0.833162026331248
1.0934,0.833162026331248
1.09345,0.8328262076058512
1.0935,0.833162026331248
1.09355,0.833162026331248
1.0936,0.8328262076058525
1.09365,0.8328262076058512
1.0937,0.8328262076058512
1.09375,0.8328262076058512
1.0938,0.8328262076058512
1.09385,0.8328262076058512
1.0939,0.8328262076058525
1.09395,0.833162026331248
1.094,0.8328262076058525
1.09405,0.8328262076058512
1.0941,0.8328262076058512
1.09415,0.833162026331248
1.0942,0.833162026331248
1.09425,0.833162026331248
1.0943,0.8328262076058512
1.09435,0.833162026331248
1.0944,0.833162026331248
1.09445,0.8328262076058512
1.0945,0.8328262076058512
1.09455,0.833162026331248
1.0946,0.8328262076058512
1.09465,0.8328262076058512
1.0947,0.8328262076058512
1.09475,0.8328262076058512
1.0948,0.8328262076058512
1.09485,0.8328262076058512
1.0949,0.8328262076058512
1.09495,0.8328262076058512
1.095,0.8328262076058512
1.09505,0.833162026331248
1.0951,0.833162026331248
1.09515,0.8328262076058525
1.0952,0.8328262076058512
1.09525,0.8328262076058512
1.0953,0.8328262076058512
1.09535,0.833162026331248
1.0954,0.833162026331248
1.09545,0.833162026331248
1.0955,0.833162026331248
1.09555,0.8328262076058512
1.0956,0.8328262076058525
1.09565,0.833162026331248
1.0957,0.8328262076058525
1.09575,0.8328262076058512
1.0958,0.8328262076058512
1.09585,0.8328262076058512
1.0959,0.8331620263312468
1.09595,0.833162026331248
1.096,0.8328262076058512
1.09605,0.8328262076058512
1.0961,0.8331620263312468
1.09615,0.8328262076058512
1.0962,0.8328262076058512
1.09625,0.8328262076058512
1.0963,0.8328262076058512
1.09635,0.8328262076058512
1.0964,0.8328262076058512
1.09645,0.8328262076058512
1.0965,0.8328262076058512
1.09655,0.8328262076058512
1.0966,0.8328262076058512
1.09665,0.8328262076058512
1.0967,0.8328262076058512
1.09675,0.8328262076058512
1.0968,0.8328262076058512
1.09685,0.8328262076058512
1.0969,0.8328262076058512
1.09695,0.833162026331248
1.097,0.833162026331248
1.09705,0.833162026331248
1.0971,0.833162026331248
1.09715,0.8328262076058512
1.0972,0.8328262076058512
1.09725,0.8328262076058512
1.0973,0.8328262076058512
1.09735,0.8328262076058512
1.0974,0.8328262076058512
1.09745,0.8328262076058512
1.0975,0.8328262076058525
1.09755,0.833162026331248
1.0976,0.8328262076058512
1.09765,0.8328262076058512
1.0977,0.8331620263312468
1.09775,0.8328262076058512
1.0978,0.8328262076058512
1.09785,0.8328262076058512
1.0979,0.8328262076058525
1.09795,0.833162026331248
1.098,0.8328262076058525
1.09805,0.8328262076058512
1.0981,0.8328262076058512
1.09815,0.8328262076058512
1.0982,0.8328262076058512
1.09825,0.8328262076058512
1.0983,0.8328262076058512
1.09835,0.8328262076058512
1.0984,0.8328262076058512
1.09845,0.8328262076058512
1.0985,0.8328262076058512
1.09855,0.8328262076058512
1.0986,0.8328262076058512
1.09865,0.8328262076058525
1.0987,0.833162026331248
1.09875,0.8328262076058525
1.0988,0.8328262076058512
1.09885,0.8328262076058512
1.0989,0.8328262076058512
1.09895,0.8331620263312468
1.099,0.833162026331248
1.09905,0.8328262076058512
1.0991,0.8328262076058512
1.09915,0.8328262076058512
1.0992,0.8328262076058512
1.09925,0.8328262076058512
1.0993,0.8328262076058512
1.09935,0.8328262076058512
1.0994,0.8328262076058512
1.09945,0.8328262076058512
1.0995,0.8328262076058512
1.09955,0.8328262076058512
1.0996,0.8328262076058512
1.09965,0.8328262076058512
1.0997,0.8328262076058512
1.09975,0.8328262076058512
1.0998,0.8328262076058512
1.09985,0.8328262076058512
1.0999,0.8328262076058512
1.09995,0.8328262076058512
1.1,0.8328262076058512
1.10005,0.8328262076058512
1.1001,0.8328262076058512
1.10015,0.8328262076058512
1.1002,0.8328262076058512
1.10025,0.8328262076058512
1.1003,0.8328262076058512
1.10035,0.8328262076058512
1.1004,0.8328262076058512
1.10045,0.8328262076058512
1.1005,0.8328262076058512
1.10055,0.8328262076058512
1.1006,0.8328262076058512
1.10065,0.8328262076058512
1.1007,0.8328262076058512
1.10075,0.8328262076058512
1.1008,0.8328262076058512
1.10085,0.8328262076058512
1.1009,0.8328262076058512
1.10095,0.8328262076058512
1.101,0.8328262076058512
1.10105,0.8328262076058512
1.1011,0.8328262076058512
1.10115,0.8328262076058512
1.1012,0.8328262076058512
1.10125,0.8328262076058512
1.1013,0.8328262076058512
1.10135,0.8324903888804545
1.1014,0.8328262076058512
1.10145,0.8324903888804545
1.1015,0.83282620760585
1.10155,0.8324903888804545
1.1016,0.8324903888804545
1.10165,0.8324903888804545
1.1017,0.8324903888804545
1.10175,0.8324903888804545
1.1018,0.8324903888804545
1.10185,0.8324903888804545
1.1019,0.8324903888804545
1.10195,0.8324903888804545
1.102,0.8324903888804545
1.10205,0.8324903888804545
1.1021,0.8324903888804545
1.10215,0.8324903888804545
1.1022,0.8324903888804545
1.10225,0.8324903888804545
1.1023,0.8324903888804545
1.10235,0.8324903888804545
1.1024,0.8324903888804545
1.10245,0.8324903888804545
1.1025,0.8324903888804545
1.10255,0.8324903888804545
1.1026,0.8324903888804545
1.10265,0.8328262076058512
1.1027,0.8328262076058512
1.10275,0.8324903888804557
1.1028,0.8328262076058512
1.10285,0.8324903888804545
1.1029,0.8324903888804545
1.10295,0.8324903888804545
1.103,0.8324903888804545
1.10305,0.8324903888804545
1.1031,0.8324903888804545
1.10315,0.8324903888804545
1.1032,0.8328262076058512
1.10325,0.8324903888804545
1.1033,0.8324903888804545
1.10335,0.8324903888804545
1.1034,0.8324903888804545
1.10345,0.8324903888804545
1.1035,0.8324903888804545
1.10355,0.8328262076058512
1.1036,0.8324903888804545
1.10365,0.8324903888804545
1.1037,0.8324903888804545
1.10375,0.8324903888804545
1.1038,0.8328262076058512
1.10385,0.8328262076058512
1.1039,0.8324903888804557
1.10395,0.8324903888804545
1.104,0.8324903888804545
1.10405,0.8324903888804545
1.1041,0.8324903888804545
1.10415,0.8324903888804545
1.1042,0.8324903888804545
1.10425,0.8324903888804545
1.1043,0.8324903888804545
1.10435,0.8324903888804545
1.1044,0.8324903888804545
1.10445,0.8324903888804545
1.1045,0.8324903888804545
1.10455,0.8324903888804545
1.1046,0.8324903888804545
1.10465,0.8324903888804545
1.1047,0.8324903888804545
1.10475,0.8324903888804545
1.1048,0.8324903888804545
1.10485,0.8324903888804545
1.1049,0.8324903888804545
1.10495,0.8324903888804545
1.105,0.8324903888804545
1.10505,0.8324903888804545
1.1051,0.8324903888804545
1.10515,0.8324903888804545
1.1052,0.8328262076058512
1.10525,0.8324903888804557
1.1053,0.8324903888804545
1.10535,0.8328262076058512
1.1054,0.8324903888804545
1.10545,0.8328262076058512
1.1055,0.8324903888804545
1.10555,0.8324903888804545
1.1056,0.8324903888804545
1.10565,0.8324903888804545
1.1057,0.8324903888804557
1.10575,0.8328262076058512
1.1058,0.8328262076058512
1.10585,0.8328262076058512
1.1059,0.8324903888804545
1.10595,0.8324903888804545
1.106,0.8324903888804545
1.10605,0.8324903888804545
1.1061,0.8328262076058512
1.10615,0.8324903888804545
1.1062,0.8324903888804545
1.10625,0.8324903888804545
1.1063,0.8324903888804545
1.10635,0.8328262076058512
1.1064,0.8328262076058512
1.10645,0.8328262076058512
1.1065,0.8328262076058512
1.10655,0.8328262076058512
1.1066,0.8328262076058512
1.10665,0.8328262076058512
1.1067,0.8328262076058512
1.10675,0.8328262076058512
1.1068,0.8328262076058512
1.10685,0.8328262076058512
1.1069,0.8328262076058512
1.10695,0.8328262076058512
1.107,0.833162026331248
1.10705,0.833162026331248
1.1071,0.8328262076058512
1.10715,0.8328262076058512
1.1072,0.8328262076058512
1.10725,0.8324903888804545
1.1073,0.8324903888804545
1.10735,0.83282620760585
1.1074,0.8328262076058512
1.10745,0.8328262076058512
1.1075,0.8328262076058512
1.10755,0.8328262076058512
1.1076,0.8328262076058512
1.10765,0.8328262076058512
1.1077,0.8328262076058512
1.10775,0.8328262076058512
1.1078,0.8331620263312468
1.10785,0.8328262076058512
1.1079,0.8331620263312468
1.10795,0.833162026331248
1.108,0.8331620263312468
1.10805,0.8328262076058512
1.1081,0.8331620263312468
1.10815,0.833162026331248
1.1082,0.833162026331248
1.10825,0.833162026331248
1.1083,0.833162026331248
1.10835,0.833162026331248
1.1084,0.833162026331248
1.10845,0.833162026331248
1.1085,0.833162026331248
1.10855,0.833162026331248
1.1086,0.833162026331248
1.10865,0.833162026331248
1.1087,0.833162026331248
1.10875,0.833162026331248
1.1088,0.833162026331248
1.10885,0.833162026331248
1.1089,0.8334978450566448
1.10895,0.8334978450566448
1.109,0.8334978450566448
1.10905,0.8334978450566448
1.1091,0.8334978450566448
1.10915,0.8334978450566448
1.1092,0.833162026331248
1.10925,0.833162026331248
1.1093,0.833162026331248
1.10935,0.833162026331248
1.1094,0.833162026331248
1.10945,0.833162026331248
1.1095,0.833162026331248
1.10955,0.833162026331248
1.1096,0.833162026331248
1.10965,0.833162026331248
1.1097,0.833162026331248
1.10975,0.833162026331248
1.1098,0.833162026331248
1.10985,0.833162026331248
1.1099,0.8328262076058525
1.10995,0.833162026331248
1.11,0.833162026331248
1.11005,0.833162026331248
1.1101,0.833162026331248
1.11015,0.833162026331248
1.1102,0.8334978450566436
1.11025,0.833162026331248
1.1103,0.833162026331248
1.11035,0.833162026331248
1.1104,0.833162026331248
1.11045,0.833162026331248
1.1105,0.833162026331248
1.11055,0.833162026331248
1.1106,0.833162026331248
1.11065,0.833162026331248
1.1107,0.833162026331248
1.11075,0.833162026331248
1.1108,0.833162026331248
1.11085,0.833162026331248
1.1109,0.833162026331248
1.11095,0.8334978450566436
1.111,0.833162026331248
1.11105,0.833162026331248
1.1111,0.833162026331248
1.11115,0.833162026331248
1.1112,0.833162026331248
1.11125,0.833162026331248
1.1113,0.833162026331248
1.11135,0.833162026331248
1.1114,0.8331620263312493
1.11145,0.8334978450566448
1.1115,0.8334978450566448
1.11155,0.8334978450566448
1.1116,0.8334978450566448
1.11165,0.8334978450566448
1.1117,0.8334978450566448
1.11175,0.8334978450566448
1.1118,0.8334978450566448
1.11185,0.8334978450566448
1.1119,0.8334978450566448
1.11195,0.833162026331248
1.112,0.8331620263312493
1.11205,0.8334978450566448
1.1121,0.8331620263312493
1.11215,0.833162026331248
1.1122,0.8334978450566448
1.11225,0.8334978450566448
1.1123,0.8331620263312493
1.11235,0.833162026331248
1.1124,0.8328262076058512
1.11245,0.8328262076058512
1.1125,0.8328262076058512
1.11255,0.833162026331248
1.1126,0.833162026331248
1.11265,0.833162026331248
1.1127,0.8328262076058512
1.11275,0.8328262076058512
1.1128,0.8328262076058512
1.11285,0.8328262076058512
1.1129,0.8328262076058512
1.11295,0.8328262076058525
1.113,0.833162026331248
1.11305,0.8328262076058525
1.1131,0.833162026331248
1.11315,0.8328262076058512
1.1132,0.8328262076058512
1.11325,0.8328262076058512
1.1133,0.8328262076058512
1.11335,0.8328262076058512
1.1134,0.833162026331248
1.11345,0.833162026331248
1.1135,0.8331620263312468
1.11355,0.8328262076058512
1.1136,0.8328262076058512
1.11365,0.8328262076058512
1.1137,0.8328262076058512
1.11375,0.8328262076058512
1.1138,0.8328262076058512
1.11385,0.8328262076058512
1.1139,0.8328262076058525
1.11395,0.833162026331248
1.114,0.8328262076058525
1.11405,0.833162026331248
1.1141,0.833162026331248
1.11415,0.833162026331248
1.1142,0.833162026331248
1.11425,0.833162026331248
1.1143,0.8328262076058512
1.11435,0.833162026331248
1.1144,0.8328262076058525
1.11445,0.833162026331248
1.1145,0.833162026331248
1.11455,0.833162026331248
1.1146,0.833162026331248
1.11465,0.833162026331248
1.1147,0.833162026331248
1.11475,0.833162026331248
1.1148,0.833162026331248
1.11485,0.833162026331248
1.1149,0.833162026331248
1.11495,0.8328262076058525
1.115,0.8328262076058512
1.11505,0.833162026331248
1.1151,0.833162026331248
1.11515,0.833162026331248
1.1152,0.833162026331248
1.11525,0.833162026331248
1.1153,0.8328262076058512
1.11535,0.8328262076058512
1.1154,0.8328262076058512
1.11545,0.8328262076058512
1.1155,0.833162026331248
1.11555,0.8328262076058512
1.1156,0.8328262076058512
1.11565,0.8328262076058512
1.1157,0.8328262076058512
1.11575,0.833162026331248
1.1158,0.833162026331248
1.11585,0.833162026331248
1.1159,0.8328262076058525
1.11595,0.833162026331248
1.116,0.8331620263312468
1.11605,0.8328262076058512
1.1161,0.8331620263312468
1.11615,0.8328262076058512
1.1162,0.8328262076058512
1.11625,0.8328262076058512
1.1163,0.8328262076058512
1.11635,0.8328262076058512
1.1164,0.8328262076058512
1.11645,0.8328262076058512
1.1165,0.833162026331248
1.11655,0.8331620263312468
1.1166,0.8328262076058512
1.11665,0.8328262076058512
1.1167,0.8328262076058512
1.11675,0.8331620263312468
1.1168,0.8328262076058512
1.11685,0.8331620263312468
1.1169,0.8328262076058512
1.11695,0.8328262076058512
1.117,0.8328262076058512
1.11705,0.8328262076058512
1.1171,0.8328262076058512
1.11715,0.8328262076058512
1.1172,0.8328262076058512
1.11725,0.8331620263312468
1.1173,0.833162026331248
1.11735,0.833162026331248
1.1174,0.8328262076058512
1.11745,0.8328262076058512
1.1175,0.833162026331248
1.11755,0.833162026331248
1.1176,0.833162026331248
1.11765,0.833162026331248
1.1177,0.833162026331248
1.11775,0.833162026331248
1.1178,0.8328262076058525
1.11785,0.833162026331248
1.1179,0.8331620263312468
1.11795,0.8328262076058512
1.118,0.8328262076058512
1.11805,0.833162026331248
1.1181,0.833162026331248
1.11815,0.833162026331248
1.1182,0.833162026331248
1.11825,0.833162026331248
1.1183,0.833162026331248
1.11835,0.833162026331248
1.1184,0.833162026331248
1.11845,0.833162026331248
1.1185,0.833162026331248
1.11855,0.8328262076058512
1.1186,0.8328262076058512
1.11865,0.8328262076058512
1.1187,0.8328262076058512
1.11875,0.8328262076058512
1.1188,0.8328262076058512
1.11885,0.833162026331248
1.1189,0.833162026331248
1.11895,0.8328262076058525
1.119,0.8328262076058512
1.11905,0.8328262076058512
1.1191,0.8328262076058512
1.11915,0.8328262076058512
1.1192,0.8328262076058512
1.11925,0.8328262076058512
1.1193,0.8328262076058512
1.11935,0.8328262076058512
1.1194,0.8328262076058512
1.11945,0.8328262076058512
1.1195,0.8328262076058512
1.11955,0.8328262076058512
1.1196,0.8328262076058512
1.11965,0.8328262076058512
1.1197,0.8328262076058512
1.11975,0.8328262076058512
1.1198,0.8328262076058512
1.11985,0.8328262076058512
1.1199,0.8328262076058512
1.11995,0.8328262076058512
1.12,0.8328262076058512
1.12005,0.8328262076058512
1.1201,0.8328262076058512
1.12015,0.8328262076058512
1.1202,0.8328262076058512
1.12025,0.8328262076058512
1.1203,0.8328262076058512
1.12035,0.8328262076058512
1.1204,0.8328262076058512
1.12045,0.8328262076058512
1.1205,0.8328262076058512
1.12055,0.8328262076058512
1.1206,0.8328262076058512
1.12065,0.8328262076058512
1.1207,0.8328262076058512
1.12075,0.8331620263312468
1.1208,0.8328262076058512
1.12085,0.8328262076058512
1.1209,0.8328262076058512
1.12095,0.8328262076058512
1.121,0.8328262076058512
1.12105,0.8328262076058512
1.1211,0.8328262076058512
1.12115,0.8328262076058512
1.1212,0.8324903888804545
1.12125,0.8324903888804545
1.1213,0.8324903888804545
1.12135,0.8324903888804545
1.1214,0.8324903888804545
1.12145,0.8324903888804545
1.1215,0.8324903888804545
1.12155,0.8324903888804545
1.1216,0.8324903888804545
1.12165,0.8324903888804545
1.1217,0.8324903888804545
1.12175,0.8324903888804545
1.1218,0.8324903888804545
1.12185,0.8324903888804545
1.1219,0.8324903888804545
1.12195,0.8324903888804545
1.122,0.8324903888804545
1.12205,0.8324903888804545
1.1221,0.8324903888804545
1.12215,0.8324903888804545
1.1222,0.8324903888804545
1.12225,0.8324903888804545
1.1223,0.8324903888804545
1.12235,0.8324903888804545
1.1224,0.8324903888804545
1.12245,0.8324903888804545
1.1225,0.8324903888804545
1.12255,0.8324903888804545
1.1226,0.8328262076058512
1.12265,0.8328262076058512
1.1227,0.8328262076058512
1.12275,0.8324903888804545
1.1228,0.8324903888804545
1.12285,0.8324903888804545
1.1229,0.8324903888804545
1.12295,0.8324903888804545
1.123,0.8324903888804545
1.12305,0.8324903888804545
1.1231,0.8324903888804545
1.12315,0.8324903888804545
1.1232,0.8324903888804545
1.12325,0.8324903888804545
1.1233,0.8324903888804545
1.12335,0.8324903888804545
1.1234,0.8324903888804545
1.12345,0.8324903888804545
1.1235,0.8324903888804545
1.12355,0.8324903888804545
1.1236,0.8324903888804545
1.12365,0.8324903888804545
1.1237,0.8324903888804545
1.12375,0.8324903888804545
1.1238,0.8324903888804545
1.12385,0.8324903888804545
1.1239,0.8324903888804545
1.12395,0.8328262076058512
1.124,0.8324903888804545
1.12405,0.8324903888804545
1.1241,0.8324903888804545
1.12415,0.8324903888804545
1.1242,0.8324903888804545
1.12425,0.8324903888804545
1.1243,0.8324903888804545
1.12435,0.8324903888804545
1.1244,0.8324903888804545
1.12445,0.8324903888804545
1.1245,0.8324903888804545
1.12455,0.8324903888804545
1.1246,0.8324903888804545
1.12465,0.8324903888804545
1.1247,0.8324903888804545
1.12475,0.8324903888804545
1.1248,0.8324903888804545
1.12485,0.8324903888804545
1.1249,0.8324903888804545
1.12495,0.8324903888804545
1.125,0.8324903888804545
1.12505,0.8324903888804545
1.1251,0.8324903888804545
1.12515,0.8324903888804545
1.1252,0.8324903888804545
1.12525,0.8324903888804545
1.1253,0.8324903888804545
1.12535,0.8324903888804545
1.1254,0.8328262076058512
1.12545,0.8324903888804557
1.1255,0.8328262076058512
1.12555,0.8324903888804545
1.1256,0.8324903888804545
1.12565,0.8328262076058512
1.1257,0.83282620760585
1.12575,0.8324903888804545
1.1258,0.8328262076058512
1.12585,0.8324903888804545
1.1259,0.8324903888804557
1.12595,0.8328262076058512
1.126,0.8328262076058512
1.12605,0.8328262076058512
1.1261,0.8328262076058512
1.12615,0.8328262076058512
1.1262,0.8328262076058512
1.12625,0.8328262076058512
1.1263,0.8328262076058512
1.12635,0.8328262076058512
1.1264,0.8328262076058512
1.12645,0.8328262076058512
1.1265,0.8324903888804545
1.12655,0.8328262076058512
1.1266,0.8324903888804545
1.12665,0.8328262076058512
1.1267,0.8328262076058512
1.12675,0.8328262076058512
1.1268,0.8328262076058512
1.12685,0.8328262076058512
1.1269,0.8328262076058512
1.12695,0.8328262076058512
1.127,0.8328262076058512
1.12705,0.8328262076058512
1.1271,0.8328262076058512
1.12715,0.8328262076058512
1.1272,0.8328262076058512
1.12725,0.8328262076058512
1.1273,0.8328262076058512
1.12735,0.8328262076058512
1.1274,0.833162026331248
1.12745,0.8328262076058512
1.1275,0.8328262076058512
1.12755,0.8328262076058512
1.1276,0.8328262076058512
1.12765,0.8328262076058512
1.1277,0.8328262076058512
1.12775,0.8328262076058512
1.1278,0.8328262076058512
1.12785,0.8328262076058512
1.1279,0.8328262076058512
1.12795,0.8328262076058512
1.128,0.833162026331248
1.12805,0.833162026331248
1.1281,0.833162026331248
1.12815,0.833162026331248
1.1282,0.833162026331248
1.12825,0.833162026331248
1.1283,0.8328262076058525
1.12835,0.833162026331248
1.1284,0.833162026331248
1.12845,0.833162026331248
1.1285,0.833162026331248
1.12855,0.833162026331248
1.1286,0.833162026331248
1.12865,0.833162026331248
1.1287,0.833162026331248
1.12875,0.833162026331248
1.1288,0.833162026331248
1.12885,0.8334978450566448
1.1289,0.8334978450566448
1.12895,0.8331620263312493
1.129,0.8334978450566448
1.12905,0.8331620263312493
1.1291,0.833162026331248
1.12915,0.833162026331248
1.1292,0.833162026331248
1.12925,0.833162026331248
1.1293,0.833162026331248
1.12935,0.833162026331248
1.1294,0.833162026331248
1.12945,0.833162026331248
1.1295,0.833162026331248
1.12955,0.833162026331248
1.1296,0.833162026331248
1.12965,0.833162026331248
1.1297,0.833162026331248
1.12975,0.833162026331248
1.1298,0.833162026331248
1.12985,0.833162026331248
1.1299,0.8331620263312493
1.12995,0.8334978450566448
1.13,0.8331620263312493
1.13005,0.833162026331248
1.1301,0.833162026331248
1.13015,0.833162026331248
1.1302,0.833162026331248
1.13025,0.833162026331248
1.1303,0.833162026331248
1.13035,0.833162026331248
1.1304,0.833162026331248
1.13045,0.8328262076058512
1.1305,0.8328262076058512
1.13055,0.8328262076058512
1.1306,0.833162026331248
1.13065,0.8328262076058525
1.1307,0.833162026331248
1.13075,0.833162026331248
1.1308,0.833162026331248
1.13085,0.833162026331248
1.1309,0.833162026331248
1.13095,0.833162026331248
1.131,0.833162026331248
1.13105,0.833162026331248
1.1311,0.833162026331248
1.13115,0.833162026331248
1.1312,0.833162026331248
1.13125,0.833162026331248
1.1313,0.833162026331248
1.13135,0.833162026331248
1.1314,0.833162026331248
1.13145,0.8334978450566448
1.1315,0.8334978450566448
1.13155,0.8331620263312493
1.1316,0.8331620263312493
1.13165,0.8334978450566448
1.1317,0.8334978450566448
1.13175,0.833162026331248
1.1318,0.8334978450566448
1.13185,0.8334978450566448
1.1319,0.8334978450566448
1.13195,0.8334978450566448
1.132,0.8334978450566448
1.13205,0.8334978450566448
1.1321,0.8334978450566448
1.13215,0.833162026331248
1.1322,0.833162026331248
1.13225,0.833162026331248
1.1323,0.833162026331248
1.13235,0.833162026331248
1.1324,0.833162026331248
1.13245,0.8328262076058512
1.1325,0.8328262076058512
1.13255,0.833162026331248
1.1326,0.833162026331248
1.13265,0.8328262076058512
1.1327,0.833162026331248
1.13275,0.8328262076058512
1.1328,0.8328262076058512
1.13285,0.8328262076058512
1.1329,0.8328262076058512
1.13295,0.8331620263312468
1.133,0.8328262076058512
1.13305,0.8328262076058512
1.1331,0.8328262076058512
1.13315,0.8328262076058512
1.1332,0.8328262076058512
1.13325,0.8328262076058512
1.1333,0.833162026331248
1.13335,0.833162026331248
1.1334,0.833162026331248
1.13345,0.8328262076058525
1.1335,0.833162026331248
1.13355,0.833162026331248
1.1336,0.8328262076058512
1.13365,0.8328262076058512
1.1337,0.8328262076058512
1.13375,0.8328262076058512
1.1338,0.8328262076058512
1.13385,0.833162026331248
1.1339,0.8331620263312468
1.13395,0.8328262076058512
1.134,0.8328262076058512
1.13405,0.8328262076058512
1.1341,0.8328262076058512
1.13415,0.8328262076058512
1.1342,0.8331620263312468
1.13425,0.833162026331248
1.1343,0.833162026331248
1.13435,0.8328262076058512
1.1344,0.8328262076058512
1.13445,0.8328262076058512
1.1345,0.8328262076058512
1.13455,0.8328262076058512
1.1346,0.8328262076058512
1.13465,0.8328262076058512
1.1347,0.8328262076058512
1.13475,0.8328262076058512
1.1348,0.833162026331248
1.13485,0.8331620263312468
1.1349,0.8328262076058512
1.13495,0.8331620263312468
1.135,0.8328262076058512
1.13505,0.8328262076058512
1.1351,0.8328262076058512
1.13515,0.8328262076058512
1.1352,0.8328262076058512
1.13525,0.8328262076058525
1.1353,0.833162026331248
1.13535,0.833162026331248
1.1354,0.833162026331248
1.13545,0.833162026331248
1.1355,0.833162026331248
1.13555,0.833162026331248
1.1356,0.833162026331248
1.13565,0.833162026331248
1.1357,0.833162026331248
1.13575,0.833162026331248
1.1358,0.8331620263312468
1.13585,0.8328262076058512
1.1359,0.8328262076058512
1.13595,0.8328262076058512
1.136,0.8328262076058512
1.13605,0.8328262076058512
1.1361,0.8328262076058512
1.13615,0.8328262076058512
1.1362,0.8328262076058512
1.13625,0.8328262076058512
1.1363,0.8328262076058512
1.13635,0.8328262076058512
1.1364,0.8328262076058512
1.13645,0.8328262076058512
1.1365,0.8328262076058512
1.13655,0.833162026331248
1.1366,0.8328262076058512
1.13665,0.8328262076058512
1.1367,0.8328262076058512
1.13675,0.8328262076058512
1.1368,0.8328262076058512
1.13685,0.8328262076058512
1.1369,0.8328262076058512
1.13695,0.8328262076058512
1.137,0.8328262076058512
1.13705,0.8328262076058512
1.1371,0.8328262076058512
1.13715,0.8328262076058512
1.1372,0.8328262076058512
1.13725,0.8328262076058512
1.1373,0.8328262076058512
1.13735,0.8328262076058512
1.1374,0.8328262076058512
1.13745,0.8328262076058512
1.1375,0.8328262076058512
1.13755,0.8328262076058512
1.1376,0.8328262076058512
1.13765,0.833162026331248
1.1377,0.8328262076058512
1.13775,0.8328262076058512
1.1378,0.8328262076058512
1.13785,0.8328262076058512
1.1379,0.8328262076058512
1.13795,0.8328262076058512
1.138,0.8328262076058512
1.13805,0.8328262076058512
1.1381,0.8331620263312468
1.13815,0.8328262076058512
1.1382,0.8328262076058512
1.13825,0.8328262076058512
1.1383,0.8328262076058512
1.13835,0.8328262076058512
1.1384,0.8331620263312468
1.13845,0.833162026331248
1.1385,0.833162026331248
1.13855,0.833162026331248
1.1386,0.8328262076058512
1.13865,0.833162026331248
1.1387,0.8328262076058512
1.13875,0.8328262076058512
1.1388,0.8328262076058512
1.13885,0.8328262076058512
1.1389,0.8328262076058512
1.13895,0.8328262076058512
1.139,0.8328262076058512
1.13905,0.8328262076058512
1.1391,0.8328262076058512
1.13915,0.833162026331248
1.1392,0.833162026331248
1.13925,0.833162026331248
1.1393,0.833162026331248
1.13935,0.833162026331248
1.1394,0.833162026331248
1.13945,0.833162026331248
1.1395,0.8328262076058512
1.13955,0.8328262076058512
1.1396,0.8328262076058512
1.13965,0.8328262076058512
1.1397,0.8328262076058512
1.13975,0.8328262076058512
1.1398,0.8328262076058512
1.13985,0.8328262076058512
1.1399,0.833162026331248
1.13995,0.833162026331248
1.14,0.8328262076058512
1.14005,0.8328262076058512
1.1401,0.8328262076058512
1.14015,0.833162026331248
1.1402,0.8328262076058512
1.14025,0.8328262076058512
1.1403,0.8328262076058512
1.14035,0.8328262076058512
1.1404,0.8328262076058512
1.14045,0.833162026331248
1.1405,0.8328262076058512
1.14055,0.8328262076058512
1.1406,0.8328262076058512
1.14065,0.833162026331248
1.1407,0.8328262076058512
1.14075,0.833162026331248
1.1408,0.8328262076058512
1.14085,0.8328262076058512
1.1409,0.8328262076058512
1.14095,0.8328262076058512
1.141,0.8328262076058512
1.14105,0.8328262076058512
1.1411,0.8328262076058512
1.14115,0.8328262076058512
1.1412,0.8328262076058512
1.14125,0.8328262076058512
1.1413,0.8324903888804545
1.14135,0.8324903888804545
1.1414,0.8324903888804545
1.14145,0.8324903888804545
1.1415,0.8324903888804545
1.14155,0.8324903888804545
1.1416,0.8324903888804545
1.14165,0.8324903888804545
1.1417,0.8324903888804545
1.14175,0.8324903888804545
1.1418,0.8324903888804545
1.14185,0.8324903888804545
1.1419,0.8324903888804545
1.14195,0.8324903888804545
1.142,0.8324903888804545
1.14205,0.8324903888804545
1.1421,0.8328262076058512
1.14215,0.8324903888804545
1.1422,0.8324903888804545
1.14225,0.8324903888804545
1.1423,0.8324903888804545
1.14235,0.8324903888804545
1.1424,0.8328262076058512
1.14245,0.8324903888804545
1.1425,0.8328262076058512
1.14255,0.8324903888804545
1.1426,0.8324903888804545
1.14265,0.8328262076058512
1.1427,0.8324903888804545
1.14275,0.8324903888804545
1.1428,0.8324903888804545
1.14285,0.8324903888804545
1.1429,0.8324903888804545
1.14295,0.8324903888804545
1.143,0.8324903888804545
1.14305,0.8324903888804545
1.1431,0.8324903888804545
1.14315,0.8324903888804545
1.1432,0.8324903888804545
1.14325,0.8324903888804545
1.1433,0.8324903888804545
1.14335,0.8324903888804545
1.1434,0.8324903888804545
1.14345,0.8324903888804545
1.1435,0.8324903888804545
1.14355,0.8324903888804545
1.1436,0.8324903888804545
1.14365,0.8324903888804545
1.1437,0.8324903888804545
1.14375,0.8324903888804545
1.1438,0.8324903888804545
1.14385,0.8324903888804545
1.1439,0.8324903888804545
1.14395,0.8324903888804545
1.144,0.8328262076058512
1.14405,0.8324903888804545
1.1441,0.8324903888804545
1.14415,0.8324903888804545
1.1442,0.8324903888804545
1.14425,0.8324903888804545
1.1443,0.8324903888804545
1.14435,0.8324903888804545
1.1444,0.8324903888804545
1.14445,0.8324903888804545
1.1445,0.8324903888804545
1.14455,0.8324903888804545
1.1446,0.8324903888804545
1.14465,0.8324903888804545
1.1447,0.8324903888804545
1.14475,0.8324903888804545
1.1448,0.8324903888804545
1.14485,0.8324903888804545
1.1449,0.8324903888804545
1.14495,0.8324903888804545
1.145,0.8324903888804545
1.14505,0.8324903888804545
1.1451,0.8324903888804545
1.14515,0.8328262076058512
1.1452,0.8324903888804545
1.14525,0.8324903888804545
1.1453,0.8324903888804545
1.14535,0.8328262076058512
1.1454,0.8324903888804545
1.14545,0.8324903888804545
1.1455,0.8324903888804545
1.14555,0.8324903888804545
1.1456,0.8328262076058512
1.14565,0.8328262076058512
1.1457,0.8324903888804545
1.14575,0.8324903888804545
1.1458,0.8324903888804545
1.14585,0.8324903888804545
1.1459,0.8328262076058512
1.14595,0.8328262076058512
1.146,0.8328262076058512
1.14605,0.8328262076058512
1.1461,0.8328262076058512
1.14615,0.8328262076058512
1.1462,0.8328262076058512
1.14625,0.8328262076058512
1.1463,0.8328262076058512
1.14635,0.8328262076058512
1.1464,0.8328262076058512
1.14645,0.8328262076058512
1.1465,0.8328262076058512
1.14655,0.8328262076058512
1.1466,0.8328262076058512
1.14665,0.8328262076058512
1.1467,0.8328262076058512
1.14675,0.8328262076058512
1.1468,0.8328262076058512
1.14685,0.8328262076058512
1.1469,0.8328262076058512
1.14695,0.8328262076058512
1.147,0.8328262076058512
1.14705,0.8324903888804545
1.1471,0.8328262076058512
1.14715,0.8328262076058512
1.1472,0.8328262076058512
1.14725,0.8328262076058512
1.1473,0.8328262076058512
1.14735,0.8328262076058512
1.1474,0.8328262076058512
1.14745,0.8328262076058512
1.1475,0.8328262076058512
1.14755,0.8328262076058512
1.1476,0.8328262076058512
1.14765,0.8328262076058512
1.1477,0.8328262076058512
1.14775,0.8328262076058512
1.1478,0.8328262076058512
1.14785,0.833162026331248
1.1479,0.833162026331248
1.14795,0.833162026331248
1.148,0.833162026331248
1.14805,0.833162026331248
1.1481,0.833162026331248
1.14815,0.833162026331248
1.1482,0.833162026331248
1.14825,0.833162026331248
1.1483,0.8334978450566448
1.14835,0.833162026331248
1.1484,0.833162026331248
1.14845,0.8328262076058512
1.1485,0.833162026331248
1.14855,0.833162026331248
1.1486,0.8328262076058512
1.14865,0.833162026331248
1.1487,0.833162026331248
1.14875,0.833162026331248
1.1488,0.833162026331248
1.14885,0.833162026331248
1.1489,0.8334978450566448
1.14895,0.833162026331248
1.149,0.833162026331248
1.14905,0.8334978450566448
1.1491,0.8334978450566448
1.14915,0.8334978450566448
1.1492,0.8334978450566448
1.14925,0.8334978450566448
1.1493,0.8334978450566448
1.14935,0.833162026331248
1.1494,0.833162026331248
1.14945,0.833162026331248
1.1495,0.833162026331248
1.14955,0.8334978450566448
1.1496,0.8334978450566448
1.14965,0.833162026331248
1.1497,0.8334978450566448
1.14975,0.8334978450566448
1.1498,0.8334978450566448
1.14985,0.8334978450566448
1.1499,0.833162026331248
1.14995,0.833162026331248
1.15,0.833162026331248
1.15005,0.833162026331248
1.1501,0.833162026331248
1.15015,0.833162026331248
1.1502,0.833162026331248
1.15025,0.833162026331248
1.1503,0.833162026331248
1.15035,0.833162026331248
1.1504,0.833162026331248
1.15045,0.833162026331248
1.1505,0.833162026331248
1.15055,0.833162026331248
1.1506,0.833162026331248
1.15065,0.833162026331248
1.1507,0.833162026331248
1.15075,0.833162026331248
1.1508,0.833162026331248
1.15085,0.833162026331248
1.1509,0.833162026331248
1.15095,0.833162026331248
1.151,0.833162026331248
1.15105,0.833162026331248
1.1511,0.833162026331248
1.15115,0.8334978450566448
1.1512,0.833162026331248
1.15125,0.833162026331248
1.1513,0.8334978450566448
1.15135,0.833162026331248
1.1514,0.8334978450566448
1.15145,0.833162026331248
1.1515,0.833162026331248
1.15155,0.8334978450566448
1.1516,0.8334978450566448
1.15165,0.833162026331248
1.1517,0.8334978450566448
1.15175,0.8334978450566448
1.1518,0.833162026331248
1.15185,0.8334978450566448
1.1519,0.8334978450566448
1.15195,0.8334978450566448
1.152,0.8334978450566448
1.15205,0.833162026331248
1.1521,0.833162026331248
1.15215,0.833162026331248
1.1522,0.833162026331248
1.15225,0.833162026331248
1.1523,0.8334978450566448
1.15235,0.833162026331248
1.1524,0.833162026331248
1.15245,0.833162026331248
1.1525,0.833162026331248
1.15255,0.833162026331248
1.1526,0.833162026331248
1.15265,0.8328262076058512
1.1527,0.833162026331248
1.15275,0.8328262076058512
1.1528,0.8328262076058512
1.15285,0.8328262076058512
1.1529,0.833162026331248
1.15295,0.833162026331248
1.153,0.833162026331248
1.15305,0.833162026331248
1.1531,0.833162026331248
1.15315,0.833162026331248
1.1532,0.833162026331248
1.15325,0.833162026331248
1.1533,0.8328262076058512
1.15335,0.833162026331248
1.1534,0.833162026331248
1.15345,0.833162026331248
1.1535,0.833162026331248
1.15355,0.8328262076058512
1.1536,0.833162026331248
1.15365,0.8328262076058512
1.1537,0.8328262076058512
1.15375,0.8328262076058512
1.1538,0.833162026331248
1.15385,0.833162026331248
1.1539,0.8328262076058512
1.15395,0.8328262076058512
1.154,0.8328262076058512
1.15405,0.8328262076058512
1.1541,0.8328262076058512
1.15415,0.833162026331248
1.1542,0.833162026331248
1.15425,0.833162026331248
1.1543,0.833162026331248
1.15435,0.8328262076058512
1.1544,0.833162026331248
1.15445,0.833162026331248
1.1545,0.833162026331248
1.15455,0.833162026331248
1.1546,0.833162026331248
1.15465,0.833162026331248
1.1547,0.833162026331248
1.15475,0.833162026331248
1.1548,0.833162026331248
1.15485,0.833162026331248
1.1549,0.833162026331248
1.15495,0.833162026331248
1.155,0.833162026331248
1.15505,0.833162026331248
1.1551,0.833162026331248
1.15515,0.833162026331248
1.1552,0.833162026331248
1.15525,0.833162026331248
1.1553,0.8328262076058512
1.15535,0.833162026331248
1.1554,0.833162026331248
1.15545,0.8328262076058512
1.1555,0.833162026331248
1.15555,0.833162026331248
1.1556,0.833162026331248
1.15565,0.833162026331248
1.1557,0.8328262076058512
1.15575,0.8328262076058512
1.1558,0.8328262076058512
1.15585,0.8328262076058512
1.1559,0.8328262076058512
1.15595,0.8328262076058512
1.156,0.8328262076058512
1.15605,0.8328262076058512
1.1561,0.833162026331248
1.15615,0.833162026331248
1.1562,0.8328262076058512
1.15625,0.8328262076058512
1.1563,0.8328262076058512
1.15635,0.833162026331248
1.1564,0.833162026331248
1.15645,0.833162026331248
1.1565,0.833162026331248
1.15655,0.8328262076058512
1.1566,0.833162026331248
1.15665,0.8328262076058512
1.1567,0.8328262076058512
1.15675,0.8328262076058512
1.1568,0.833162026331248
1.15685,0.833162026331248
1.1569,0.8328262076058512
1.15695,0.833162026331248
1.157,0.833162026331248
1.15705,0.8328262076058512
1.1571,0.833162026331248
1.15715,0.833162026331248
1.1572,0.833162026331248
1.15725,0.833162026331248
1.1573,0.833162026331248
1.15735,0.8328262076058512
1.1574,0.8328262076058512
1.15745,0.833162026331248
1.1575,0.8328262076058512
1.15755,0.8328262076058512
1.1576,0.8328262076058512
1.15765,0.8328262076058512
1.1577,0.8328262076058512
1.15775,0.8328262076058512
1.1578,0.8328262076058512
1.15785,0.833162026331248
1.1579,0.833162026331248
1.15795,0.8328262076058512
1.158,0.833162026331248
1.15805,0.8328262076058512
1.1581,0.8328262076058512
1.15815,0.8328262076058512
1.1582,0.8328262076058512
1.15825,0.8328262076058512
1.1583,0.8328262076058512
1.15835,0.8328262076058512
1.1584,0.8328262076058512
1.15845,0.8328262076058512
1.1585,0.8328262076058512
1.15855,0.8328262076058512
1.1586,0.8328262076058512
1.15865,0.8328262076058512
1.1587,0.8328262076058512
1.15875,0.833162026331248
1.1588,0.8328262076058512
1.15885,0.833162026331248
1.1589,0.833162026331248
1.15895,0.8328262076058512
1.159,0.8328262076058512
1.15905,0.8328262076058512
1.1591,0.8328262076058512
1.15915,0.833162026331248
1.1592,0.8328262076058512
1.15925,0.833162026331248
1.1593,0.833162026331248
1.15935,0.8328262076058512
1.1594,0.8328262076058512
1.15945,0.833162026331248
1.1595,0.833162026331248
1.15955,0.8328262076058512
1.1596,0.8328262076058512
1.15965,0.8328262076058512
1.1597,0.8328262076058512
1.15975,0.8328262076058512
1.1598,0.8328262076058512
1.15985,0.8328262076058512
1.1599,0.8328262076058512
1.15995,0.8328262076058512
1.16,0.8328262076058512
1.16005,0.8328262076058512
1.1601,0.8328262076058512
1.16015,0.8328262076058512
1.1602,0.8328262076058512
1.16025,0.833162026331248
1.1603,0.8328262076058512
1.16035,0.8328262076058512
1.1604,0.8328262076058512
1.16045,0.8328262076058512
1.1605,0.8328262076058512
1.16055,0.8328262076058512
1.1606,0.833162026331248
1.16065,0.8328262076058512
1.1607,0.833162026331248
1.16075,0.8328262076058512
1.1608,0.833162026331248
1.16085,0.833162026331248
1.1609,0.8328262076058512
1.16095,0.8328262076058512
1.161,0.8328262076058512
1.16105,0.8328262076058512
1.1611,0.8328262076058512
1.16115,0.8324903888804545
1.1612,0.8328262076058512
1.16125,0.8328262076058512
1.1613,0.8328262076058512
1.16135,0.8328262076058512
1.1614,0.8324903888804545
1.16145,0.8324903888804545
1.1615,0.8324903888804545
1.16155,0.8324903888804545
1.1616,0.8324903888804545
1.16165,0.8324903888804545
1.1617,0.8324903888804545
1.16175,0.8324903888804545
1.1618,0.8324903888804545
1.16185,0.8324903888804545
1.1619,0.8324903888804545
1.16195,0.8324903888804545
1.162,0.8324903888804545
1.16205,0.8324903888804545
1.1621,0.8324903888804545
1.16215,0.8324903888804545
1.1622,0.8328262076058512
1.16225,0.8324903888804545
1.1623,0.8324903888804545
1.16235,0.8324903888804545
1.1624,0.8324903888804545
1.16245,0.8324903888804545
1.1625,0.8324903888804545
1.16255,0.8328262076058512
1.1626,0.8328262076058512
1.16265,0.8328262076058512
1.1627,0.8324903888804545
1.16275,0.8324903888804545
1.1628,0.8324903888804545
1.16285,0.8324903888804545
1.1629,0.8321545701550577
1.16295,0.8324903888804545
1.163,0.8324903888804545
1.16305,0.8324903888804545
1.1631,0.8324903888804545
1.16315,0.8324903888804545
1.1632,0.8324903888804545
1.16325,0.8324903888804545
1.1633,0.8324903888804545
1.16335,0.8324903888804545
1.1634,0.8324903888804545
1.16345,0.8324903888804545
1.1635,0.8324903888804545
1.16355,0.8324903888804545
1.1636,0.8324903888804545
1.16365,0.8324903888804545
1.1637,0.8324903888804545
1.16375,0.8324903888804545
1.1638,0.8324903888804545
1.16385,0.8324903888804545
1.1639,0.8324903888804545
1.16395,0.8324903888804545
1.164,0.8324903888804545
1.16405,0.8324903888804545
1.1641,0.8324903888804545
1.16415,0.8324903888804545
1.1642,0.8324903888804545
1.16425,0.8324903888804545
1.1643,0.8324903888804545
1.16435,0.8324903888804545
1.1644,0.8324903888804545
1.16445,0.8324903888804545
1.1645,0.8324903888804545
1.16455,0.8324903888804545
1.1646,0.8324903888804545
1.16465,0.8324903888804545
1.1647,0.8328262076058512
1.16475,0.8324903888804545
1.1648,0.8324903888804545
1.16485,0.8324903888804545
1.1649,0.8324903888804545
1.16495,0.8324903888804545
1.165,0.8324903888804545
1.16505,0.8324903888804545
1.1651,0.8324903888804545
1.16515,0.8324903888804545
1.1652,0.8324903888804545
1.16525,0.8328262076058512
1.1653,0.8324903888804545
1.16535,0.8328262076058512
1.1654,0.8328262076058512
1.16545,0.8328262076058512
1.1655,0.8328262076058512
1.16555,0.8328262076058512
1.1656,0.8324903888804545
1.16565,0.8328262076058512
1.1657,0.8328262076058512
1.16575,0.8324903888804545
1.1658,0.8324903888804545
1.16585,0.8328262076058512
1.1659,0.8324903888804545
1.16595,0.8328262076058512
1.166,0.8328262076058512
1.16605,0.8328262076058512
1.1661,0.8328262076058512
1.16615,0.8328262076058512
1.1662,0.8328262076058512
1.16625,0.8328262076058512
1.1663,0.8328262076058512
1.16635,0.8328262076058512
1.1664,0.8328262076058512
1.16645,0.8328262076058512
1.1665,0.8328262076058512
1.16655,0.8328262076058512
1.1666,0.8328262076058512
1.16665,0.8328262076058512
1.1667,0.8328262076058512
1.16675,0.8328262076058512
1.1668,0.8328262076058512
1.16685,0.8328262076058512
1.1669,0.8328262076058512
1.16695,0.8328262076058512
1.167,0.8328262076058512
1.16705,0.8328262076058512
1.1671,0.8328262076058512
1.16715,0.8328262076058512
1.1672,0.8328262076058512
1.16725,0.8328262076058512
1.1673,0.8328262076058512
1.16735,0.8328262076058512
1.1674,0.8328262076058512
1.16745,0.8328262076058512
1.1675,0.8328262076058512
1.16755,0.8328262076058512
1.1676,0.8328262076058512
1.16765,0.8328262076058512
1.1677,0.833162026331248
1.16775,0.8328262076058512
1.1678,0.8328262076058512
1.16785,0.833162026331248
1.1679,0.833162026331248
1.16795,0.833162026331248
1.168,0.833162026331248
1.16805,0.833162026331248
1.1681,0.833162026331248
1.16815,0.8334978450566448
1.1682,0.833162026331248
1.16825,0.8334978450566448
1.1683,0.8334978450566448
1.16835,0.8334978450566448
1.1684,0.833162026331248
1.16845,0.833162026331248
1.1685,0.833162026331248
1.16855,0.833162026331248
1.1686,0.833162026331248
1.16865,0.833162026331248
1.1687,0.833162026331248
1.16875,0.833162026331248
1.1688,0.8334978450566448
1.16885,0.8334978450566448
1.1689,0.8334978450566448
1.16895,0.8334978450566448
1.169,0.8334978450566448
1.16905,0.833162026331248
1.1691,0.833162026331248
1.16915,0.8334978450566448
1.1692,0.833162026331248
1.16925,0.8334978450566448
1.1693,0.833162026331248
1.16935,0.8334978450566448
1.1694,0.833162026331248
1.16945,0.833162026331248
1.1695,0.833162026331248
1.16955,0.833162026331248
1.1696,0.833162026331248
1.16965,0.833162026331248
1.1697,0.833162026331248
1.16975,0.833162026331248
1.1698,0.8334978450566448
1.16985,0.8334978450566448
1.1699,0.8334978450566448
1.16995,0.8334978450566448
1.17,0.8334978450566448
1.17005,0.8334978450566448
1.1701,0.833162026331248
1.17015,0.8334978450566448
1.1702,0.833162026331248
1.17025,0.833162026331248
1.1703,0.833162026331248
1.17035,0.833162026331248
1.1704,0.833162026331248
1.17045,0.833162026331248
1.1705,0.833162026331248
1.17055,0.8328262076058512
1.1706,0.833162026331248
1.17065,0.833162026331248
1.1707,0.833162026331248
1.17075,0.833162026331248
1.1708,0.833162026331248
1.17085,0.833162026331248
1.1709,0.8334978450566448
1.17095,0.833162026331248
1.171,0.833162026331248
1.17105,0.833162026331248
1.1711,0.833162026331248
1.17115,0.833162026331248
1.1712,0.833162026331248
1.17125,0.833162026331248
1.1713,0.8334978450566448
1.17135,0.833162026331248
1.1714,0.833162026331248
1.17145,0.833162026331248
1.1715,0.833162026331248
1.17155,0.833162026331248
1.1716,0.8334978450566448
1.17165,0.8334978450566448
1.1717,0.8334978450566448
1.17175,0.8334978450566448
1.1718,0.8334978450566448
1.17185,0.8334978450566448
1.1719,0.8334978450566448
1.17195,0.8334978450566448
1.172,0.8334978450566448
1.17205,0.8334978450566448
1.1721,0.8334978450566448
1.17215,0.8334978450566448
1.1722,0.8334978450566448
1.17225,0.8334978450566448
1.1723,0.8334978450566448
1.17235,0.833162026331248
1.1724,0.8328262076058512
1.17245,0.833162026331248
1.1725,0.8328262076058512
1.17255,0.833162026331248
1.1726,0.833162026331248
1.17265,0.833162026331248
1.1727,0.8328262076058512
1.17275,0.8328262076058512
1.1728,0.833162026331248
1.17285,0.8328262076058512
1.1729,0.8328262076058512
1.17295,0.833162026331248
1.173,0.833162026331248
1.17305,0.833162026331248
1.1731,0.833162026331248
1.17315,0.833162026331248
1.1732,0.833162026331248
1.17325,0.833162026331248
1.1733,0.8328262076058512
1.17335,0.8328262076058512
1.1734,0.8328262076058512
1.17345,0.8328262076058512
1.1735,0.833162026331248
1.17355,0.833162026331248
1.1736,0.833162026331248
1.17365,0.833162026331248
1.1737,0.833162026331248
1.17375,0.833162026331248
1.1738,0.8328262076058512
1.17385,0.8328262076058512
1.1739,0.833162026331248
1.17395,0.833162026331248
1.174,0.833162026331248
1.17405,0.8328262076058512
1.1741,0.8328262076058512
1.17415,0.833162026331248
1.1742,0.833162026331248
1.17425,0.833162026331248
1.1743,0.8328262076058512
1.17435,0.8328262076058512
1.1744,0.8328262076058512
1.17445,0.8328262076058512
1.1745,0.8328262076058512
1.17455,0.833162026331248
1.1746,0.8328262076058512
1.17465,0.8328262076058512
1.1747,0.8328262076058512
1.17475,0.8328262076058512
1.1748,0.8328262076058512
1.17485,0.8328262076058512
1.1749,0.8328262076058512
1.17495,0.8328262076058512
1.175,0.8328262076058512
1.17505,0.8328262076058512
1.1751,0.8328262076058512
1.17515,0.833162026331248
1.1752,0.833162026331248
1.17525,0.8328262076058512
1.1753,0.8328262076058512
1.17535,0.833162026331248
1.1754,0.833162026331248
1.17545,0.833162026331248
1.1755,0.833162026331248
1.17555,0.833162026331248
1.1756,0.833162026331248
1.17565,0.8328262076058512
1.1757,0.833162026331248
1.17575,0.833162026331248
1.1758,0.8328262076058512
1.17585,0.8328262076058512
1.1759,0.8328262076058512
1.17595,0.8328262076058512
1.176,0.833162026331248
1.17605,0.8328262076058512
1.1761,0.833162026331248
1.17615,0.833162026331248
1.1762,0.833162026331248
1.17625,0.833162026331248
1.1763,0.833162026331248
1.17635,0.833162026331248
1.1764,0.8328262076058512
1.17645,0.833162026331248
1.1765,0.8328262076058512
1.17655,0.8328262076058512
1.1766,0.8328262076058512
1.17665,0.8328262076058512
1.1767,0.8328262076058512
1.17675,0.8328262076058512
1.1768,0.8328262076058512
1.17685,0.8328262076058512
1.1769,0.8328262076058512
1.17695,0.8328262076058512
1.177,0.833162026331248
1.17705,0.8328262076058512
1.1771,0.8328262076058512
1.17715,0.8328262076058512
1.1772,0.8328262076058512
1.17725,0.8328262076058512
1.1773,0.8328262076058512
1.17735,0.8328262076058512
1.1774,0.833162026331248
1.17745,0.833162026331248
1.1775,0.833162026331248
1.17755,0.833162026331248
1.1776,0.833162026331248
1.17765,0.833162026331248
1.1777,0.833162026331248
1.17775,0.833162026331248
1.1778,0.833162026331248
1.17785,0.833162026331248
1.1779,0.833162026331248
1.17795,0.833162026331248
1.178,0.833162026331248
1.17805,0.833162026331248
1.1781,0.833162026331248
1.17815,0.8328262076058512
1.1782,0.8328262076058512
1.17825,0.8328262076058512
1.1783,0.8328262076058512
1.17835,0.8328262076058512
1.1784,0.833162026331248
1.17845,0.8328262076058512
1.1785,0.833162026331248
1.17855,0.833162026331248
1.1786,0.8328262076058512
1.17865,0.8328262076058512
1.1787,0.8328262076058512
1.17875,0.833162026331248
1.1788,0.8328262076058512
1.17885,0.8328262076058512
1.1789,0.8328262076058512
1.17895,0.8328262076058512
1.179,0.8328262076058512
1.17905,0.8328262076058512
1.1791,0.8328262076058512
1.17915,0.8328262076058512
1.1792,0.833162026331248
1.17925,0.8328262076058512
1.1793,0.8328262076058512
1.17935,0.8328262076058512
1.1794,0.8328262076058512
1.17945,0.8328262076058512
1.1795,0.8328262076058512
1.17955,0.8328262076058512
1.1796,0.8328262076058512
1.17965,0.8328262076058512
1.1797,0.833162026331248
1.17975,0.8328262076058512
1.1798,0.8328262076058512
1.17985,0.8328262076058512
1.1799,0.833162026331248
1.17995,0.833162026331248
1.18,0.8328262076058512
1.18005,0.8328262076058512
1.1801,0.8328262076058512
1.18015,0.8328262076058512
1.1802,0.8328262076058512
1.18025,0.8328262076058512
1.1803,0.8328262076058512
1.18035,0.8328262076058512
1.1804,0.8328262076058512
1.18045,0.8328262076058512
1.1805,0.8328262076058512
1.18055,0.8328262076058512
1.1806,0.8328262076058512
1.18065,0.8328262076058512
1.1807,0.833162026331248
1.18075,0.8328262076058512
1.1808,0.833162026331248
1.18085,0.833162026331248
1.1809,0.8328262076058512
1.18095,0.8328262076058512
1.181,0.8328262076058512
1.18105,0.8328262076058512
1.1811,0.8328262076058512
1.18115,0.8328262076058512
1.1812,0.8328262076058512
1.18125,0.8328262076058512
1.1813,0.8328262076058512
1.18135,0.8328262076058512
1.1814,0.8328262076058512
1.18145,0.8328262076058512
1.1815,0.8324903888804545
1.18155,0.8324903888804545
1.1816,0.8324903888804545
1.18165,0.8324903888804545
1.1817,0.8324903888804545
1.18175,0.8324903888804545
1.1818,0.8324903888804545
1.18185,0.8324903888804545
1.1819,0.8328262076058512
1.18195,0.8324903888804545
1.182,0.8324903888804545
1.18205,0.8324903888804545
1.1821,0.8324903888804545
1.18215,0.8324903888804545
1.1822,0.8324903888804545
1.18225,0.8324903888804545
1.1823,0.8324903888804545
1.18235,0.8324903888804545
1.1824,0.8324903888804545
1.18245,0.8324903888804545
1.1825,0.8324903888804545
1.18255,0.8324903888804545
1.1826,0.8328262076058512
1.18265,0.8324903888804545
1.1827,0.8324903888804545
1.18275,0.8324903888804545
1.1828,0.8324903888804545
1.18285,0.8324903888804545
1.1829,0.8324903888804545
1.18295,0.8324903888804545
1.183,0.8324903888804545
1.18305,0.8324903888804545
1.1831,0.8324903888804545
1.18315,0.8324903888804545
1.1832,0.8324903888804545
1.18325,0.8324903888804545
1.1833,0.8324903888804545
1.18335,0.8324903888804545
1.1834,0.8328262076058512
1.18345,0.8324903888804545
1.1835,0.8328262076058512
1.18355,0.8324903888804545
1.1836,0.8324903888804545
1.18365,0.8324903888804545
1.1837,0.8324903888804545
1.18375,0.8324903888804545
1.1838,0.8328262076058512
1.18385,0.8328262076058512
1.1839,0.8324903888804545
1.18395,0.8324903888804545
1.184,0.8324903888804545
1.18405,0.8324903888804545
1.1841,0.8324903888804545
1.18415,0.8324903888804545
1.1842,0.8324903888804545
1.18425,0.8324903888804545
1.1843,0.8324903888804545
1.18435,0.8328262076058512
1.1844,0.8324903888804545
1.18445,0.8324903888804545
1.1845,0.8324903888804545
1.18455,0.8324903888804545
1.1846,0.8328262076058512
1.18465,0.8324903888804545
1.1847,0.8324903888804545
1.18475,0.8324903888804545
1.1848,0.8324903888804545
1.18485,0.8324903888804545
1.1849,0.8324903888804545
1.18495,0.8328262076058512
1.185,0.8328262076058512
1.18505,0.8328262076058512
1.1851,0.8328262076058512
1.18515,0.8324903888804545
1.1852,0.8328262076058512
1.18525,0.8328262076058512
1.1853,0.8324903888804545
1.18535,0.8324903888804545
1.1854,0.8324903888804545
1.18545,0.8324903888804545
1.1855,0.8324903888804545
1.18555,0.8324903888804545
1.1856,0.8328262076058512
1.18565,0.8328262076058512
1.1857,0.8328262076058512
1.18575,0.8328262076058512
1.1858,0.8328262076058512
1.18585,0.8328262076058512
1.1859,0.8328262076058512
1.18595,0.8328262076058512
1.186,0.8328262076058512
1.18605,0.8328262076058512
1.1861,0.8328262076058512
1.18615,0.8328262076058512
1.1862,0.8328262076058512
1.18625,0.8328262076058512
1.1863,0.8328262076058512
1.18635,0.8328262076058512
1.1864,0.8328262076058512
1.18645,0.8328262076058512
1.1865,0.8328262076058512
1.18655,0.8328262076058512
1.1866,0.8328262076058512
1.18665,0.8328262076058512
1.1867,0.8328262076058512
1.18675,0.8328262076058512
1.1868,0.833162026331248
1.18685,0.8328262076058512
1.1869,0.833162026331248
1.18695,0.8328262076058512
1.187,0.8328262076058512
1.18705,0.8328262076058512
1.1871,0.8328262076058512
1.18715,0.8324903888804545
1.1872,0.8328262076058512
1.18725,0.8328262076058512
1.1873,0.8328262076058512
1.18735,0.833162026331248
1.1874,0.8328262076058512
1.18745,0.833162026331248
1.1875,0.833162026331248
1.18755,0.833162026331248
1.1876,0.8328262076058512
1.18765,0.8328262076058512
1.1877,0.8328262076058512
1.18775,0.8328262076058512
1.1878,0.8328262076058512
1.18785,0.8328262076058512
1.1879,0.833162026331248
1.18795,0.833162026331248
1.188,0.833162026331248
1.18805,0.833162026331248
1.1881,0.833162026331248
1.18815,0.833162026331248
1.1882,0.833162026331248
1.18825,0.833162026331248
1.1883,0.833162026331248
1.18835,0.833162026331248
1.1884,0.833162026331248
1.18845,0.833162026331248
1.1885,0.833162026331248
1.18855,0.833162026331248
1.1886,0.833162026331248
1.18865,0.833162026331248
1.1887,0.833162026331248
1.18875,0.833162026331248
1.1888,0.8334978450566448
1.18885,0.8334978450566448
1.1889,0.833162026331248
1.18895,0.833162026331248
1.189,0.833162026331248
1.18905,0.833162026331248
1.1891,0.833162026331248
1.18915,0.833162026331248
1.1892,0.833162026331248
1.18925,0.833162026331248
1.1893,0.833162026331248
1.18935,0.833162026331248
1.1894,0.833162026331248
1.18945,0.833162026331248
1.1895,0.8334978450566448
1.18955,0.833162026331248
1.1896,0.833162026331248
1.18965,0.833162026331248
1.1897,0.833162026331248
1.18975,0.833162026331248
1.1898,0.833162026331248
1.18985,0.8334978450566448
1.1899,0.8334978450566448
1.18995,0.833162026331248
1.19,0.8334978450566448
1.19005,0.833162026331248
1.1901,0.8334978450566448
1.19015,0.833162026331248
1.1902,0.833162026331248
1.19025,0.833162026331248
1.1903,0.833162026331248
1.19035,0.833162026331248
1.1904,0.833162026331248
1.19045,0.833162026331248
1.1905,0.833162026331248
1.19055,0.833162026331248
1.1906,0.833162026331248
1.19065,0.833162026331248
1.1907,0.833162026331248
1.19075,0.833162026331248
1.1908,0.833162026331248
1.19085,0.833162026331248
1.1909,0.8334978450566448
1.19095,0.8334978450566448
1.191,0.8334978450566448
1.19105,0.8334978450566448
1.1911,0.833162026331248
1.19115,0.8334978450566448
1.1912,0.8334978450566448
1.19125,0.8334978450566448
1.1913,0.8334978450566448
1.19135,0.8334978450566448
1.1914,0.8334978450566448
1.19145,0.8334978450566448
1.1915,0.8334978450566448
1.19155,0.8334978450566448
1.1916,0.8334978450566448
1.19165,0.8334978450566448
1.1917,0.8334978450566448
1.19175,0.8334978450566448
1.1918,0.8334978450566448
1.19185,0.8334978450566448
1.1919,0.8334978450566448
1.19195,0.8334978450566448
1.192,0.8334978450566448
1.19205,0.8334978450566448
1.1921,0.8334978450566448
1.19215,0.833162026331248
1.1922,0.833162026331248
1.19225,0.8334978450566448
1.1923,0.833162026331248
1.19235,0.833162026331248
1.1924,0.833162026331248
1.19245,0.8328262076058512
1.1925,0.833162026331248
1.19255,0.8328262076058512
1.1926,0.833162026331248
1.19265,0.833162026331248
1.1927,0.833162026331248
1.19275,0.833162026331248
1.1928,0.833162026331248
1.19285,0.833162026331248
1.1929,0.833162026331248
1.19295,0.8328262076058512
1.193,0.833162026331248
1.19305,0.8328262076058512
1.1931,0.833162026331248
1.19315,0.833162026331248
1.1932,0.833162026331248
1.19325,0.833162026331248
1.1933,0.8328262076058512
1.19335,0.833162026331248
1.1934,0.8328262076058512
1.19345,0.833162026331248
1.1935,0.833162026331248
1.19355,0.8328262076058512
1.1936,0.833162026331248
1.19365,0.833162026331248
1.1937,0.833162026331248
1.19375,0.833162026331248
1.1938,0.833162026331248
1.19385,0.833162026331248
1.1939,0.833162026331248
1.19395,0.8328262076058512
1.194,0.8328262076058512
1.19405,0.8328262076058512
1.1941,0.8328262076058512
1.19415,0.8328262076058512
1.1942,0.8328262076058512
1.19425,0.833162026331248
1.1943,0.8328262076058512
1.19435,0.8328262076058512
1.1944,0.833162026331248
1.19445,0.833162026331248
1.1945,0.833162026331248
1.19455,0.833162026331248
1.1946,0.833162026331248
1.19465,0.833162026331248
1.1947,0.8328262076058512
1.19475,0.833162026331248
1.1948,0.8328262076058512
1.19485,0.8328262076058512
1.1949,0.833162026331248
1.19495,0.8328262076058512
1.195,0.833162026331248
1.19505,0.8328262076058512
1.1951,0.833162026331248
1.19515,0.833162026331248
1.1952,0.833162026331248
1.19525,0.833162026331248
1.1953,0.8328262076058512
1.19535,0.8328262076058512
1.1954,0.8328262076058512
1.19545,0.8328262076058512
1.1955,0.8328262076058512
1.19555,0.833162026331248
1.1956,0.833162026331248
1.19565,0.833162026331248
1.1957,0.8328262076058512
1.19575,0.833162026331248
1.1958,0.833162026331248
1.19585,0.833162026331248
1.1959,0.833162026331248
1.19595,0.8328262076058512
1.196,0.833162026331248
1.19605,0.8328262076058512
1.1961,0.8328262076058512
1.19615,0.8328262076058512
1.1962,0.8328262076058512
1.19625,0.8328262076058512
1.1963,0.8328262076058512
1.19635,0.833162026331248
1.1964,0.833162026331248
1.19645,0.833162026331248
1.1965,0.833162026331248
1.19655,0.833162026331248
1.1966,0.833162026331248
1.19665,0.8328262076058512
1.1967,0.8328262076058512
1.19675,0.8328262076058512
1.1968,0.8328262076058512
1.19685,0.833162026331248
1.1969,0.833162026331248
1.19695,0.833162026331248
1.197,0.8328262076058512
1.19705,0.8328262076058512
1.1971,0.8328262076058512
1.19715,0.833162026331248
1.1972,0.8328262076058512
1.19725,0.8328262076058512
1.1973,0.8328262076058512
1.19735,0.8328262076058512
1.1974,0.8328262076058512
1.19745,0.8328262076058512
1.1975,0.833162026331248
1.19755,0.833162026331248
1.1976,0.8328262076058512
1.19765,0.833162026331248
1.1977,0.8328262076058512
1.19775,0.8328262076058512
1.1978,0.8328262076058512
1.19785,0.8328262076058512
1.1979,0.8328262076058512
1.19795,0.8328262076058512
1.198,0.8328262076058512
1.19805,0.8328262076058512
1.1981,0.8328262076058512
1.19815,0.833162026331248
1.1982,0.8328262076058512
1.19825,0.833162026331248
1.1983,0.8328262076058512
1.19835,0.8328262076058512
1.1984,0.8328262076058512
1.19845,0.8328262076058512
1.1985,0.8328262076058512
1.19855,0.8328262076058512
1.1986,0.8328262076058512
1.19865,0.8328262076058512
1.1987,0.8328262076058512
1.19875,0.833162026331248
1.1988,0.8328262076058512
1.19885,0.8328262076058512
1.1989,0.833162026331248
1.19895,0.8328262076058512
1.199,0.8328262076058512
1.19905,0.833162026331248
1.1991,0.8328262076058512
1.19915,0.8328262076058512
1.1992,0.8328262076058512
1.19925,0.8328262076058512
1.1993,0.8328262076058512
1.19935,0.8328262076058512
1.1994,0.8328262076058512
1.19945,0.8328262076058512
1.1995,0.833162026331248
1.19955,0.8328262076058512
1.1996,0.833162026331248
1.19965,0.8328262076058512
1.1997,0.833162026331248
1.19975,0.8328262076058512
1.1998,0.8328262076058512
1.19985,0.833162026331248
1.1999,0.833162026331248
1.19995,0.8328262076058512
1.2,0.8328262076058512
1.20005,0.833162026331248
1.2001,0.8328262076058512
1.20015,0.833162026331248
1.2002,0.8328262076058512
1.20025,0.8328262076058512
1.2003,0.8328262076058512
1.20035,0.8328262076058512
1.2004,0.8328262076058512
1.20045,0.8328262076058512
1.2005,0.833162026331248
1.20055,0.833162026331248
1.2006,0.8328262076058512
1.20065,0.833162026331248
1.2007,0.833162026331248
1.20075,0.8328262076058512
1.2008,0.8328262076058512
1.20085,0.833162026331248
1.2009,0.833162026331248
1.20095,0.833162026331248
1.201,0.8328262076058512
1.20105,0.8328262076058512
1.2011,0.8328262076058512
1.20115,0.8328262076058512
1.2012,0.8328262076058512
1.20125,0.8328262076058512
1.2013,0.8328262076058512
1.20135,0.8324903888804545
1.2014,0.8328262076058512
1.20145,0.8328262076058512
1.2015,0.8328262076058512
1.20155,0.8324903888804545
1.2016,0.8324903888804545
1.20165,0.8328262076058512
1.2017,0.8324903888804545
1.20175,0.8324903888804545
1.2018,0.8324903888804545
1.20185,0.8324903888804545
1.2019,0.8324903888804545
1.20195,0.8324903888804545
1.202,0.8324903888804545
1.20205,0.8324903888804545
1.2021,0.8324903888804545
1.20215,0.8324903888804545
1.2022,0.8324903888804545
1.20225,0.8324903888804545
1.2023,0.8324903888804545
1.20235,0.8324903888804545
1.2024,0.8324903888804545
1.20245,0.8324903888804545
1.2025,0.8324903888804545
1.20255,0.8324903888804545
1.2026,0.8328262076058512
1.20265,0.8324903888804545
1.2027,0.8328262076058512
1.20275,0.8324903888804545
1.2028,0.8324903888804545
1.20285,0.8324903888804545
1.2029,0.8324903888804545
1.20295,0.8324903888804545
1.203,0.8324903888804545
1.20305,0.8324903888804545
1.2031,0.8324903888804545
1.20315,0.8324903888804545
1.2032,0.8324903888804545
1.20325,0.8324903888804545
1.2033,0.8324903888804545
1.20335,0.8324903888804545
1.2034,0.8324903888804545
1.20345,0.8324903888804545
1.2035,0.8324903888804545
1.20355,0.8324903888804545
1.2036,0.8324903888804545
1.20365,0.8324903888804545
1.2037,0.8324903888804545
1.20375,0.8328262076058512
1.2038,0.8324903888804545
1.20385,0.8324903888804545
1.2039,0.8328262076058512
1.20395,0.8328262076058512
1.204,0.8328262076058512
1.20405,0.8328262076058512
1.2041,0.8324903888804545
1.20415,0.8324903888804545
1.2042,0.8324903888804545
1.20425,0.8324903888804545
1.2043,0.8324903888804545
1.20435,0.8324903888804545
1.2044,0.8324903888804545
1.20445,0.8324903888804545
1.2045,0.8324903888804545
1.20455,0.8324903888804545
1.2046,0.8324903888804545
1.20465,0.8324903888804545
1.2047,0.8324903888804545
1.20475,0.8324903888804545
1.2048,0.8324903888804545
1.20485,0.8324903888804545
1.2049,0.8324903888804545
1.20495,0.8324903888804545
1.205,0.8324903888804545
1.20505,0.8324903888804545
1.2051,0.8328262076058512
1.20515,0.8328262076058512
1.2052,0.8328262076058512
1.20525,0.8324903888804545
1.2053,0.8324903888804545
1.20535,0.8324903888804545
1.2054,0.8328262076058512
1.20545,0.8328262076058512
1.2055,0.8328262076058512
1.20555,0.8328262076058512
1.2056,0.8328262076058512
1.20565,0.8328262076058512
1.2057,0.8328262076058512
1.20575,0.8328262076058512
1.2058,0.8328262076058512
1.20585,0.8328262076058512
1.2059,0.8328262076058512
1.20595,0.8328262076058512
1.206,0.8328262076058512
1.20605,0.8328262076058512
1.2061,0.8328262076058512
1.20615,0.8328262076058512
1.2062,0.8328262076058512
1.20625,0.8328262076058512
1.2063,0.8328262076058512
1.20635,0.8328262076058512
1.2064,0.8328262076058512
1.20645,0.8328262076058512
1.2065,0.8328262076058512
1.20655,0.8328262076058512
1.2066,0.8328262076058512
1.20665,0.8328262076058512
1.2067,0.8328262076058512
1.20675,0.8328262076058512
1.2068,0.8328262076058512
1.20685,0.8328262076058512
1.2069,0.8328262076058512
1.20695,0.8328262076058512
1.207,0.8328262076058512
1.20705,0.8328262076058512
1.2071,0.8328262076058512
1.20715,0.833162026331248
1.2072,0.8328262076058512
1.20725,0.8328262076058512
1.2073,0.8328262076058512
1.20735,0.8328262076058512
1.2074,0.8328262076058512
1.20745,0.8328262076058512
1.2075,0.8328262076058512
1.20755,0.8328262076058512
1.2076,0.8328262076058512
1.20765,0.8328262076058512
1.2077,0.8328262076058512
1.20775,0.8328262076058512
1.2078,0.833162026331248
1.20785,0.833162026331248
1.2079,0.833162026331248
1.20795,0.833162026331248
1.208,0.833162026331248
1.20805,0.833162026331248
1.2081,0.833162026331248
1.20815,0.833162026331248
1.2082,0.8334978450566448
1.20825,0.833162026331248
1.2083,0.833162026331248
1.20835,0.833162026331248
1.2084,0.833162026331248
1.20845,0.833162026331248
1.2085,0.833162026331248
1.20855,0.833162026331248
1.2086,0.833162026331248
1.20865,0.833162026331248
1.2087,0.833162026331248
1.20875,0.833162026331248
1.2088,0.833162026331248
1.20885,0.8334978450566448
1.2089,0.833162026331248
1.20895,0.833162026331248
1.209,0.833162026331248
1.20905,0.833162026331248
1.2091,0.833162026331248
1.20915,0.833162026331248
1.2092,0.833162026331248
1.20925,0.833162026331248
1.2093,0.833162026331248
1.20935,0.833162026331248
1.2094,0.833162026331248
1.20945,0.8334978450566448
1.2095,0.833162026331248
1.20955,0.833162026331248
1.2096,0.833162026331248
1.20965,0.8334978450566448
1.2097,0.833162026331248
1.20975,0.8334978450566448
1.2098,0.833162026331248
1.20985,0.8334978450566448
1.2099,0.833162026331248
1.20995,0.833162026331248
1.21,0.833162026331248
1.21005,0.833162026331248
1.2101,0.833162026331248
1.21015,0.8328262076058512
1.2102,0.833162026331248
1.21025,0.833162026331248
1.2103,0.833162026331248
1.21035,0.833162026331248
1.2104,0.833162026331248
1.21045,0.833162026331248
1.2105,0.833162026331248
1.21055,0.833162026331248
1.2106,0.833162026331248
1.21065,0.833162026331248
1.2107,0.833162026331248
1.21075,0.833162026331248
1.2108,0.833162026331248
1.21085,0.8334978450566448
1.2109,0.8334978450566448
1.21095,0.833162026331248
1.211,0.833162026331248
1.21105,0.833162026331248
1.2111,0.833162026331248
1.21115,0.833162026331248
1.2112,0.8334978450566448
1.21125,0.833162026331248
1.2113,0.833162026331248
1.21135,0.833162026331248
1.2114,0.833162026331248
1.21145,0.8334978450566448
1.2115,0.833162026331248
1.21155,0.8334978450566448
1.2116,0.8334978450566448
1.21165,0.833162026331248
1.2117,0.833162026331248
1.21175,0.833162026331248
1.2118,0.833162026331248
1.21185,0.833162026331248
1.2119,0.8334978450566448
1.21195,0.833162026331248
1.212,0.833162026331248
1.21205,0.8334978450566448
1.2121,0.8334978450566448
1.21215,0.8334978450566448
1.2122,0.833162026331248
1.21225,0.833162026331248
1.2123,0.8334978450566448
1.21235,0.833162026331248
1.2124,0.833162026331248
1.21245,0.833162026331248
1.2125,0.833162026331248
1.21255,0.833162026331248
1.2126,0.833162026331248
1.21265,0.833162026331248
1.2127,0.833162026331248
1.21275,0.833162026331248
1.2128,0.833162026331248
1.21285,0.833162026331248
1.2129,0.833162026331248
1.21295,0.833162026331248
1.213,0.8328262076058512
1.21305,0.833162026331248
1.2131,0.833162026331248
1.21315,0.8328262076058512
1.2132,0.8328262076058512
1.21325,0.8328262076058512
1.2133,0.833162026331248
1.21335,0.833162026331248
1.2134,0.833162026331248
1.21345,0.8328262076058512
1.2135,0.8328262076058512
1.21355,0.8328262076058512
1.2136,0.833162026331248
1.21365,0.8328262076058512
1.2137,0.833162026331248
1.21375,0.833162026331248
1.2138,0.8328262076058512
1.21385,0.8328262076058512
1.2139,0.8328262076058512
1.21395,0.833162026331248
1.214,0.833162026331248
1.21405,0.833162026331248
1.2141,0.833162026331248
1.21415,0.8328262076058512
1.2142,0.8328262076058512
1.21425,0.8328262076058512
1.2143,0.8328262076058512
1.21435,0.833162026331248
1.2144,0.833162026331248
1.21445,0.833162026331248
1.2145,0.833162026331248
1.21455,0.833162026331248
1.2146,0.833162026331248
1.21465,0.8328262076058512
1.2147,0.8328262076058512
1.21475,0.8328262076058512
1.2148,0.833162026331248
1.21485,0.833162026331248
1.2149,0.833162026331248
1.21495,0.833162026331248
1.215,0.8328262076058512
1.21505,0.833162026331248
1.2151,0.833162026331248
1.21515,0.8328262076058512
1.2152,0.8328262076058512
1.21525,0.833162026331248
1.2153,0.833162026331248
1.21535,0.8328262076058512
1.2154,0.833162026331248
1.21545,0.8328262076058512
1.2155,0.8328262076058512
1.21555,0.8328262076058512
1.2156,0.833162026331248
1.21565,0.8328262076058512
1.2157,0.8328262076058512
1.21575,0.8328262076058512
1.2158,0.833162026331248
1.21585,0.8328262076058512
1.2159,0.833162026331248
1.21595,0.8328262076058512
1.216,0.833162026331248
1.21605,0.8328262076058512
1.2161,0.833162026331248
1.21615,0.8328262076058512
1.2162,0.833162026331248
1.21625,0.8328262076058512
1.2163,0.8328262076058512
1.21635,0.8328262076058512
1.2164,0.8328262076058512
1.21645,0.8328262076058512
1.2165,0.8328262076058512
1.21655,0.8328262076058512
1.2166,0.8328262076058512
1.21665,0.8328262076058512
1.2167,0.8328262076058512
1.21675,0.8328262076058512
1.2168,0.8328262076058512
1.21685,0.8328262076058512
1.2169,0.8328262076058512
1.21695,0.8328262076058512
1.217,0.8328262076058512
1.21705,0.8328262076058512
1.2171,0.8328262076058512
1.21715,0.8328262076058512
1.2172,0.8328262076058512
1.21725,0.8328262076058512
1.2173,0.8328262076058512
1.21735,0.8328262076058512
1.2174,0.8328262076058512
1.21745,0.8328262076058512
1.2175,0.833162026331248
1.21755,0.8328262076058512
1.2176,0.8328262076058512
1.21765,0.8328262076058512
1.2177,0.8328262076058512
1.21775,0.8328262076058512
1.2178,0.8328262076058512
1.21785,0.833162026331248
1.2179,0.833162026331248
1.21795,0.833162026331248
1.218,0.833162026331248
1.21805,0.833162026331248
1.2181,0.833162026331248
1.21815,0.8328262076058512
1.2182,0.833162026331248
1.21825,0.8328262076058512
1.2183,0.833162026331248
1.21835,0.833162026331248
1.2184,0.833162026331248
1.21845,0.833162026331248
1.2185,0.833162026331248
1.21855,0.833162026331248
1.2186,0.8328262076058512
1.21865,0.8328262076058512
1.2187,0.8328262076058512
1.21875,0.8328262076058512
1.2188,0.8328262076058512
1.21885,0.8328262076058512
1.2189,0.833162026331248
1.21895,0.833162026331248
1.219,0.833162026331248
1.21905,0.8328262076058512
1.2191,0.833162026331248
1.21915,0.833162026331248
1.2192,0.833162026331248
1.21925,0.833162026331248
1.2193,0.833162026331248
1.21935,0.8328262076058512
1.2194,0.8328262076058512
1.21945,0.833162026331248
1.2195,0.833162026331248
1.21955,0.8328262076058512
1.2196,0.833162026331248
1.21965,0.8328262076058512
1.2197,0.8328262076058512
1.21975,0.8328262076058512
1.2198,0.8328262076058512
1.21985,0.8328262076058512
1.2199,0.8328262076058512
1.21995,0.833162026331248
1.22,0.833162026331248
1.22005,0.833162026331248
1.2201,0.8328262076058512
1.22015,0.833162026331248
1.2202,0.833162026331248
1.22025,0.833162026331248
1.2203,0.833162026331248
1.22035,0.833162026331248
1.2204,0.833162026331248
1.22045,0.833162026331248
1.2205,0.833162026331248
1.22055,0.833162026331248
1.2206,0.833162026331248
1.22065,0.8328262076058512
1.2207,0.8328262076058512
1.22075,0.8328262076058512
1.2208,0.8328262076058512
1.22085,0.833162026331248
1.2209,0.8328262076058512
1.22095,0.8328262076058512
1.221,0.8328262076058512
1.22105,0.8328262076058512
1.2211,0.8328262076058512
1.22115,0.8328262076058512
1.2212,0.8328262076058512
1.22125,0.8324903888804545
1.2213,0.8324903888804545
1.22135,0.8324903888804545
1.2214,0.8324903888804545
1.22145,0.8324903888804545
1.2215,0.8328262076058512
1.22155,0.8324903888804545
1.2216,0.8324903888804545
1.22165,0.8324903888804545
1.2217,0.8324903888804545
1.22175,0.8324903888804545
1.2218,0.8324903888804545
1.22185,0.8328262076058512
1.2219,0.8324903888804545
1.22195,0.8328262076058512
1.222,0.8324903888804545
1.22205,0.8324903888804545
1.2221,0.8324903888804545
1.22215,0.8324903888804545
1.2222,0.8324903888804545
1.22225,0.8324903888804545
1.2223,0.8324903888804545
1.22235,0.8324903888804545
1.2224,0.8328262076058512
1.22245,0.8328262076058512
1.2225,0.8328262076058512
1.22255,0.8328262076058512
1.2226,0.8328262076058512
1.22265,0.8328262076058512
1.2227,0.8328262076058512
1.22275,0.8324903888804545
1.2228,0.8324903888804545
1.22285,0.8328262076058512
1.2229,0.8328262076058512
1.22295,0.8324903888804545
1.223,0.8324903888804545
1.22305,0.8324903888804545
1.2231,0.8324903888804545
1.22315,0.8324903888804545
1.2232,0.8324903888804545
1.22325,0.8324903888804545
1.2233,0.8324903888804545
1.22335,0.8328262076058512
1.2234,0.8324903888804545
1.22345,0.8324903888804545
1.2235,0.8324903888804545
1.22355,0.8324903888804545
1.2236,0.8324903888804545
1.22365,0.8324903888804545
1.2237,0.8324903888804545
1.22375,0.8324903888804545
1.2238,0.8324903888804545
1.22385,0.8324903888804545
1.2239,0.8324903888804545
1.22395,0.8328262076058512
1.224,0.8328262076058512
1.22405,0.8328262076058512
1.2241,0.8328262076058512
1.22415,0.8324903888804545
1.2242,0.8324903888804545
1.22425,0.8324903888804545
1.2243,0.8324903888804545
1.22435,0.8324903888804545
1.2244,0.8324903888804545
1.22445,0.8324903888804545
1.2245,0.8324903888804545
1.22455,0.8328262076058512
1.2246,0.8324903888804545
1.22465,0.8328262076058512
1.2247,0.8324903888804545
1.22475,0.8324903888804545
1.2248,0.8324903888804545
1.22485,0.8324903888804545
1.2249,0.8324903888804545
1.22495,0.8324903888804545
1.225,0.8324903888804545
1.22505,0.8324903888804545
1.2251,0.8324903888804545
1.22515,0.8324903888804545
1.2252,0.8324903888804545
1.22525,0.8324903888804545
1.2253,0.8328262076058512
1.22535,0.8328262076058512
1.2254,0.8328262076058512
1.22545,0.8328262076058512
1.2255,0.8328262076058512
1.22555,0.8328262076058512
1.2256,0.8324903888804545
1.22565,0.8324903888804545
1.2257,0.8324903888804545
1.22575,0.8324903888804545
1.2258,0.8328262076058512
1.22585,0.8324903888804545
1.2259,0.8324903888804545
1.22595,0.8328262076058512
1.226,0.8328262076058512
1.22605,0.8328262076058512
1.2261,0.8328262076058512
1.22615,0.8328262076058512
1.2262,0.8328262076058512
1.22625,0.8328262076058512
1.2263,0.8328262076058512
1.22635,0.8328262076058512
1.2264,0.8328262076058512
1.22645,0.8328262076058512
1.2265,0.8328262076058512
1.22655,0.8328262076058512
1.2266,0.8328262076058512
1.22665,0.8328262076058512
1.2267,0.8328262076058512
1.22675,0.8328262076058512
1.2268,0.8328262076058512
1.22685,0.8328262076058512
1.2269,0.8328262076058512
1.22695,0.8328262076058512
1.227,0.8328262076058512
1.22705,0.8328262076058512
1.2271,0.8328262076058512
1.22715,0.8328262076058512
1.2272,0.833162026331248
1.22725,0.8328262076058512
1.2273,0.8328262076058512
1.22735,0.833162026331248
1.2274,0.8328262076058512
1.22745,0.8328262076058512
1.2275,0.8328262076058512
1.22755,0.8328262076058512
1.2276,0.8328262076058512
1.22765,0.8328262076058512
1.2277,0.833162026331248
1.22775,0.833162026331248
1.2278,0.833162026331248
1.22785,0.833162026331248
1.2279,0.833162026331248
1.22795,0.833162026331248
1.228,0.833162026331248
1.22805,0.833162026331248
1.2281,0.833162026331248
1.22815,0.833162026331248
1.2282,0.833162026331248
1.22825,0.833162026331248
1.2283,0.833162026331248
1.22835,0.833162026331248
1.2284,0.833162026331248
1.22845,0.833162026331248
1.2285,0.833162026331248
1.22855,0.833162026331248
1.2286,0.833162026331248
1.22865,0.8334978450566448
1.2287,0.8334978450566448
1.22875,0.8334978450566448
1.2288,0.833162026331248
1.22885,0.833162026331248
1.2289,0.8334978450566448
1.22895,0.8334978450566448
1.229,0.833162026331248
1.22905,0.8334978450566448
1.2291,0.8334978450566448
1.22915,0.8334978450566448
1.2292,0.8334978450566448
1.22925,0.833162026331248
1.2293,0.8334978450566448
1.22935,0.8334978450566448
1.2294,0.833162026331248
1.22945,0.833162026331248
1.2295,0.833162026331248
1.22955,0.833162026331248
1.2296,0.833162026331248
1.22965,0.8334978450566448
1.2297,0.833162026331248
1.22975,0.833162026331248
1.2298,0.8334978450566448
1.22985,0.8334978450566448
1.2299,0.8334978450566448
1.22995,0.833162026331248
1.23,0.8334978450566448
1.23005,0.833162026331248
1.2301,0.833162026331248
1.23015,0.833162026331248
1.2302,0.833162026331248
1.23025,0.833162026331248
1.2303,0.833162026331248
1.23035,0.833162026331248
1.2304,0.833162026331248
1.23045,0.833162026331248
1.2305,0.833162026331248
1.23055,0.833162026331248
1.2306,0.8334978450566448
1.23065,0.833162026331248
1.2307,0.8334978450566448
1.23075,0.833162026331248
1.2308,0.833162026331248
1.23085,0.8334978450566448
1.2309,0.8334978450566448
1.23095,0.8334978450566448
1.231,0.8334978450566448
1.23105,0.8334978450566448
1.2311,0.8334978450566448
1.23115,0.8334978450566448
1.2312,0.8334978450566448
1.23125,0.8334978450566448
1.2313,0.8334978450566448
1.23135,0.8334978450566448
1.2314,0.8334978450566448
1.23145,0.8334978450566448
1.2315,0.8334978450566448
1.23155,0.8334978450566448
1.2316,0.8334978450566448
1.23165,0.8334978450566448
1.2317,0.8334978450566448
1.23175,0.8334978450566448
1.2318,0.8334978450566448
1.23185,0.8334978450566448
1.2319,0.8334978450566448
1.23195,0.8334978450566448
1.232,0.8334978450566448
1.23205,0.8334978450566448
1.2321,0.8334978450566448
1.23215,0.8334978450566448
1.2322,0.8334978450566448
1.23225,0.833162026331248
1.2323,0.833162026331248
1.23235,0.833162026331248
1.2324,0.833162026331248
1.23245,0.833162026331248
1.2325,0.833162026331248
1.23255,0.833162026331248
1.2326,0.833162026331248
1.23265,0.833162026331248
1.2327,0.833162026331248
1.23275,0.833162026331248
1.2328,0.833162026331248
1.23285,0.833162026331248
1.2329,0.833162026331248
1.23295,0.8328262076058512
1.233,0.8328262076058512
1.23305,0.8328262076058512
1.2331,0.8328262076058512
1.23315,0.833162026331248
1.2332,0.8328262076058512
1.23325,0.8328262076058512
1.2333,0.833162026331248
1.23335,0.8328262076058512
1.2334,0.8328262076058512
1.23345,0.833162026331248
1.2335,0.8328262076058512
1.23355,0.8328262076058512
1.2336,0.8328262076058512
1.23365,0.833162026331248
1.2337,0.833162026331248
1.23375,0.833162026331248
1.2338,0.8328262076058512
1.23385,0.833162026331248
1.2339,0.833162026331248
1.23395,0.833162026331248
1.234,0.833162026331248
1.23405,0.833162026331248
1.2341,0.833162026331248
1.23415,0.833162026331248
1.2342,0.833162026331248
1.23425,0.833162026331248
1.2343,0.833162026331248
1.23435,0.833162026331248
1.2344,0.833162026331248
1.23445,0.833162026331248
1.2345,0.833162026331248
1.23455,0.833162026331248
1.2346,0.833162026331248
1.23465,0.833162026331248
1.2347,0.8328262076058512
1.23475,0.833162026331248
1.2348,0.833162026331248
1.23485,0.833162026331248
1.2349,0.833162026331248
1.23495,0.8328262076058512
1.235,0.833162026331248
1.23505,0.833162026331248
1.2351,0.833162026331248
1.23515,0.833162026331248
1.2352,0.833162026331248
1.23525,0.833162026331248
1.2353,0.833162026331248
1.23535,0.833162026331248
1.2354,0.833162026331248
1.23545,0.833162026331248
1.2355,0.833162026331248
1.23555,0.833162026331248
1.2356,0.833162026331248
1.23565,0.833162026331248
1.2357,0.8328262076058512
1.23575,0.833162026331248
1.2358,0.833162026331248
1.23585,0.833162026331248
1.2359,0.833162026331248
1.23595,0.833162026331248
1.236,0.8328262076058512
1.23605,0.8328262076058512
1.2361,0.8328262076058512
1.23615,0.8328262076058512
1.2362,0.8328262076058512
1.23625,0.8328262076058512
1.2363,0.833162026331248
1.23635,0.833162026331248
1.2364,0.8328262076058512
1.23645,0.8328262076058512
1.2365,0.8328262076058512
1.23655,0.8328262076058512
1.2366,0.833162026331248
1.23665,0.833162026331248
1.2367,0.8328262076058512
1.23675,0.8328262076058512
1.2368,0.833162026331248
1.23685,0.833162026331248
1.2369,0.833162026331248
1.23695,0.833162026331248
1.237,0.833162026331248
1.23705,0.833162026331248
1.2371,0.833162026331248
1.23715,0.833162026331248
1.2372,0.833162026331248
1.23725,0.833162026331248
1.2373,0.833162026331248
1.23735,0.833162026331248
1.2374,0.833162026331248
1.23745,0.8328262076058512
1.2375,0.8328262076058512
1.23755,0.833162026331248
1.2376,0.833162026331248
1.23765,0.8328262076058512
1.2377,0.8328262076058512
1.23775,0.833162026331248
1.2378,0.8328262076058512
1.23785,0.8328262076058512
1.2379,0.833162026331248
1.23795,0.8328262076058512
1.238,0.8328262076058512
1.23805,0.8328262076058512
1.2381,0.833162026331248
1.23815,0.833162026331248
1.2382,0.8328262076058512
1.23825,0.8328262076058512
1.2383,0.8328262076058512
1.23835,0.8328262076058512
1.2384,0.8328262076058512
1.23845,0.8328262076058512
1.2385,0.8328262076058512
1.23855,0.8328262076058512
1.2386,0.8328262076058512
1.23865,0.833162026331248
1.2387,0.8328262076058512
1.23875,0.8328262076058512
1.2388,0.833162026331248
1.23885,0.8328262076058512
1.2389,0.8328262076058512
1.23895,0.833162026331248
1.239,0.833162026331248
1.23905,0.833162026331248
1.2391,0.833162026331248
1.23915,0.8328262076058512
1.2392,0.833162026331248
1.23925,0.8328262076058512
1.2393,0.8328262076058512
1.23935,0.8328262076058512
1.2394,0.8328262076058512
1.23945,0.8328262076058512
1.2395,0.8328262076058512
1.23955,0.8328262076058512
1.2396,0.8328262076058512
1.23965,0.833162026331248
1.2397,0.833162026331248
1.23975,0.833162026331248
1.2398,0.8328262076058512
1.23985,0.8328262076058512
1.2399,0.8328262076058512
1.23995,0.8328262076058512
1.24,0.833162026331248
1.24005,0.833162026331248
1.2401,0.833162026331248
1.24015,0.833162026331248
1.2402,0.8328262076058512
1.24025,0.8328262076058512
1.2403,0.8328262076058512
1.24035,0.8328262076058512
1.2404,0.8328262076058512
1.24045,0.833162026331248
1.2405,0.833162026331248
1.24055,0.833162026331248
1.2406,0.8328262076058512
1.24065,0.8328262076058512
1.2407,0.8328262076058512
1.24075,0.8328262076058512
1.2408,0.8328262076058512
1.24085,0.8328262076058512
1.2409,0.8328262076058512
1.24095,0.8328262076058512
1.241,0.8328262076058512
1.24105,0.8328262076058512
1.2411,0.8328262076058512
1.24115,0.8328262076058512
1.2412,0.8328262076058512
1.24125,0.8328262076058512
1.2413,0.8324903888804545
1.24135,0.8324903888804545
1.2414,0.8324903888804545
1.24145,0.8324903888804545
1.2415,0.8324903888804545
1.24155,0.8324903888804545
1.2416,0.8324903888804545
1.24165,0.8324903888804545
1.2417,0.8324903888804545
1.24175,0.8324903888804545
1.2418,0.8324903888804545
1.24185,0.8324903888804545
1.2419,0.8324903888804545
1.24195,0.8324903888804545
1.242,0.8324903888804545
1.24205,0.8324903888804545
1.2421,0.8324903888804545
1.24215,0.8324903888804545
1.2422,0.8324903888804545
1.24225,0.8324903888804545
1.2423,0.8328262076058512
1.24235,0.8324903888804545
1.2424,0.8324903888804545
1.24245,0.8328262076058512
1.2425,0.8328262076058512
1.24255,0.8328262076058512
1.2426,0.8324903888804545
1.24265,0.8324903888804545
1.2427,0.8328262076058512
1.24275,0.8324903888804545
1.2428,0.8328262076058512
1.24285,0.8328262076058512
1.2429,0.8324903888804545
1.24295,0.8328262076058512
1.243,0.8328262076058512
1.24305,0.8328262076058512
1.2431,0.8328262076058512
1.24315,0.8328262076058512
1.2432,0.8324903888804545
1.24325,0.8324903888804545
1.2433,0.8328262076058512
1.24335,0.8328262076058512
1.2434,0.8328262076058512
1.24345,0.8328262076058512
1.2435,0.8324903888804545
1.24355,0.8328262076058512
1.2436,0.8324903888804545
1.24365,0.8328262076058512
1.2437,0.8324903888804545
1.24375,0.8324903888804545
1.2438,0.8324903888804545
1.24385,0.8324903888804545
1.2439,0.8324903888804545
1.24395,0.8328262076058512
1.244,0.8324903888804545
1.24405,0.8324903888804545
1.2441,0.8324903888804545
1.24415,0.8324903888804545
1.2442,0.8324903888804545
1.24425,0.8324903888804545
1.2443,0.8324903888804545
1.24435,0.8324903888804545
1.2444,0.8324903888804545
1.24445,0.8324903888804545
1.2445,0.8328262076058512
1.24455,0.8328262076058512
1.2446,0.8328262076058512
1.24465,0.8328262076058512
1.2447,0.8328262076058512
1.24475,0.8324903888804545
1.2448,0.8324903888804545
1.24485,0.8324903888804545
1.2449,0.8324903888804545
1.24495,0.8324903888804545
1.245,0.8324903888804545
1.24505,0.8324903888804545
1.2451,0.8328262076058512
1.24515,0.8324903888804545
1.2452,0.8328262076058512
1.24525,0.8328262076058512
1.2453,0.8328262076058512
1.24535,0.8328262076058512
1.2454,0.8328262076058512
1.24545,0.8328262076058512
1.2455,0.833162026331248
1.24555,0.8328262076058512
1.2456,0.8328262076058512
1.24565,0.8328262076058512
1.2457,0.8328262076058512
1.24575,0.8328262076058512
1.2458,0.8328262076058512
1.24585,0.8328262076058512
1.2459,0.8328262076058512
1.24595,0.8328262076058512
1.246,0.8328262076058512
1.24605,0.8328262076058512
1.2461,0.8328262076058512
1.24615,0.8328262076058512
1.2462,0.8328262076058512
1.24625,0.8328262076058512
1.2463,0.8328262076058512
1.24635,0.8328262076058512
1.2464,0.8328262076058512
1.24645,0.8328262076058512
1.2465,0.8328262076058512
1.24655,0.8328262076058512
1.2466,0.8328262076058512
1.24665,0.8328262076058512
1.2467,0.8328262076058512
1.24675,0.8328262076058512
1.2468,0.8328262076058512
1.24685,0.8328262076058512
1.2469,0.8328262076058512
1.24695,0.8328262076058512
1.247,0.8328262076058512
1.24705,0.8328262076058512
1.2471,0.8328262076058512
1.24715,0.8328262076058512
1.2472,0.8328262076058512
1.24725,0.833162026331248
1.2473,0.833162026331248
1.24735,0.833162026331248
1.2474,0.8328262076058512
1.24745,0.8328262076058512
1.2475,0.8328262076058512
1.24755,0.8328262076058512
1.2476,0.8328262076058512
1.24765,0.833162026331248
1.2477,0.833162026331248
1.24775,0.833162026331248
1.2478,0.833162026331248
1.24785,0.833162026331248
1.2479,0.8334978450566448
1.24795,0.8334978450566448
1.248,0.833162026331248
1.24805,0.833162026331248
1.2481,0.833162026331248
1.24815,0.833162026331248
1.2482,0.833162026331248
1.24825,0.833162026331248
1.2483,0.8328262076058512
1.24835,0.833162026331248
1.2484,0.833162026331248
1.24845,0.833162026331248
1.2485,0.8328262076058512
1.24855,0.833162026331248
1.2486,0.833162026331248
1.24865,0.833162026331248
1.2487,0.833162026331248
1.24875,0.833162026331248
1.2488,0.833162026331248
1.24885,0.833162026331248
1.2489,0.833162026331248
1.24895,0.8334978450566448
1.249,0.833162026331248
1.24905,0.833162026331248
1.2491,0.833162026331248
1.24915,0.833162026331248
1.2492,0.833162026331248
1.24925,0.833162026331248
1.2493,0.833162026331248
1.24935,0.833162026331248
1.2494,0.833162026331248
1.24945,0.833162026331248
1.2495,0.833162026331248
1.24955,0.833162026331248
1.2496,0.833162026331248
1.24965,0.833162026331248
1.2497,0.8334978450566448
1.24975,0.833162026331248
1.2498,0.8334978450566448
1.24985,0.8334978450566448
1.2499,0.8334978450566448
1.24995,0.833162026331248
1.25,0.833162026331248
1.25005,0.833162026331248
1.2501,0.833162026331248
1.25015,0.833162026331248
1.2502,0.833162026331248
1.25025,0.833162026331248
1.2503,0.833162026331248
1.25035,0.833162026331248
1.2504,0.833162026331248
1.25045,0.833162026331248
1.2505,0.833162026331248
1.25055,0.833162026331248
1.2506,0.833162026331248
1.25065,0.833162026331248
1.2507,0.833162026331248
1.25075,0.8334978450566448
1.2508,0.8334978450566448
1.25085,0.8334978450566448
1.2509,0.8334978450566448
1.25095,0.8334978450566448
1.251,0.8334978450566448
1.25105,0.833162026331248
1.2511,0.8334978450566448
1.25115,0.833162026331248
1.2512,0.833162026331248
1.25125,0.833162026331248
1.2513,0.833162026331248
1.25135,0.833162026331248
1.2514,0.833162026331248
1.25145,0.833162026331248
1.2515,0.8334978450566448
1.25155,0.8334978450566448
1.2516,0.8334978450566448
1.25165,0.833162026331248
1.2517,0.833162026331248
1.25175,0.833162026331248
1.2518,0.833162026331248
1.25185,0.833162026331248
1.2519,0.8334978450566448
1.25195,0.8334978450566448
1.252,0.8334978450566448
1.25205,0.8334978450566448
1.2521,0.8334978450566448
1.25215,0.8334978450566448
1.2522,0.8334978450566448
1.25225,0.833162026331248
1.2523,0.833162026331248
1.25235,0.8328262076058512
1.2524,0.833162026331248
1.25245,0.833162026331248
1.2525,0.8328262076058512
1.25255,0.833162026331248
1.2526,0.833162026331248
1.25265,0.833162026331248
1.2527,0.833162026331248
1.25275,0.833162026331248
1.2528,0.833162026331248
1.25285,0.833162026331248
1.2529,0.833162026331248
1.25295,0.833162026331248
1.253,0.833162026331248
1.25305,0.833162026331248
1.2531,0.8328262076058512
1.25315,0.8328262076058512
1.2532,0.833162026331248
1.25325,0.8328262076058512
1.2533,0.8328262076058512
1.25335,0.833162026331248
1.2534,0.833162026331248
1.25345,0.833162026331248
1.2535,0.833162026331248
1.25355,0.833162026331248
1.2536,0.833162026331248
1.25365,0.8328262076058512
1.2537,0.8328262076058512
1.25375,0.8328262076058512
1.2538,0.8328262076058512
1.25385,0.8328262076058512
1.2539,0.8328262076058512
1.25395,0.8328262076058512
1.254,0.8328262076058512
1.25405,0.833162026331248
1.2541,0.8328262076058512
1.25415,0.8328262076058512
1.2542,0.8328262076058512
1.25425,0.8328262076058512
1.2543,0.8328262076058512
1.25435,0.8328262076058512
1.2544,0.833162026331248
1.25445,0.8328262076058512
1.2545,0.833162026331248
1.25455,0.8328262076058512
1.2546,0.833162026331248
1.25465,0.8328262076058512
1.2547,0.8328262076058512
1.25475,0.8328262076058512
1.2548,0.8328262076058512
1.25485,0.8328262076058512
1.2549,0.8328262076058512
1.25495,0.833162026331248
1.255,0.8328262076058512
1.25505,0.833162026331248
1.2551,0.833162026331248
1.25515,0.833162026331248
1.2552,0.8328262076058512
1.25525,0.833162026331248
1.2553,0.8328262076058512
1.25535,0.8328262076058512
1.2554,0.8328262076058512
1.25545,0.8328262076058512
1.2555,0.8328262076058512
1.25555,0.8328262076058512
1.2556,0.8328262076058512
1.25565,0.8328262076058512
1.2557,0.8328262076058512
1.25575,0.8328262076058512
1.2558,0.833162026331248
1.25585,0.8328262076058512
1.2559,0.8328262076058512
1.25595,0.8328262076058512
1.256,0.8328262076058512
1.25605,0.8328262076058512
1.2561,0.8328262076058512
1.25615,0.8328262076058512
1.2562,0.8328262076058512
1.25625,0.8328262076058512
1.2563,0.8328262076058512
1.25635,0.833162026331248
1.2564,0.833162026331248
1.25645,0.8328262076058512
1.2565,0.833162026331248
1.25655,0.8328262076058512
1.2566,0.833162026331248
1.25665,0.8328262076058512
1.2567,0.8328262076058512
1.25675,0.8328262076058512
1.2568,0.8328262076058512
1.25685,0.8328262076058512
1.2569,0.833162026331248
1.25695,0.833162026331248
1.257,0.833162026331248
1.25705,0.833162026331248
1.2571,0.8328262076058512
1.25715,0.833162026331248
1.2572,0.8328262076058512
1.25725,0.833162026331248
1.2573,0.8328262076058512
1.25735,0.833162026331248
1.2574,0.833162026331248
1.25745,0.833162026331248
1.2575,0.833162026331248
1.25755,0.8328262076058512
1.2576,0.8328262076058512
1.25765,0.8328262076058512
1.2577,0.8328262076058512
1.25775,0.833162026331248
1.2578,0.833162026331248
1.25785,0.833162026331248
1.2579,0.833162026331248
1.25795,0.8328262076058512
1.258,0.833162026331248
1.25805,0.8328262076058512
1.2581,0.8328262076058512
1.25815,0.8328262076058512
1.2582,0.8328262076058512
1.25825,0.8328262076058512
1.2583,0.8328262076058512
1.25835,0.8328262076058512
1.2584,0.8328262076058512
1.25845,0.8328262076058512
1.2585,0.8328262076058512
1.25855,0.8328262076058512
1.2586,0.8328262076058512
1.25865,0.8328262076058512
1.2587,0.8328262076058512
1.25875,0.8328262076058512
1.2588,0.8328262076058512
1.25885,0.8328262076058512
1.2589,0.8328262076058512
1.25895,0.8328262076058512
1.259,0.8328262076058512
1.25905,0.8328262076058512
1.2591,0.8328262076058512
1.25915,0.833162026331248
1.2592,0.833162026331248
1.25925,0.8328262076058512
1.2593,0.8328262076058512
1.25935,0.8328262076058512
1.2594,0.8328262076058512
1.25945,0.8328262076058512
1.2595,0.8328262076058512
1.25955,0.8328262076058512
1.2596,0.8328262076058512
1.25965,0.8328262076058512
1.2597,0.8328262076058512
1.25975,0.8328262076058512
1.2598,0.8328262076058512
1.25985,0.8328262076058512
1.2599,0.8328262076058512
1.25995,0.833162026331248
1.26,0.8328262076058512
1.26005,0.8328262076058512
1.2601,0.8328262076058512
1.26015,0.8328262076058512
1.2602,0.8328262076058512
1.26025,0.8328262076058512
1.2603,0.833162026331248
1.26035,0.8328262076058512
1.2604,0.8328262076058512
1.26045,0.8328262076058512
1.2605,0.8328262076058512
1.26055,0.8328262076058512
1.2606,0.8328262076058512
1.26065,0.8328262076058512
1.2607,0.8328262076058512
1.26075,0.833162026331248
1.2608,0.833162026331248
1.26085,0.833162026331248
1.2609,0.833162026331248
1.26095,0.833162026331248
1.261,0.8328262076058512
1.26105,0.8328262076058512
1.2611,0.8328262076058512
1.26115,0.8328262076058512
1.2612,0.8328262076058512
1.26125,0.8328262076058512
1.2613,0.8324903888804545
1.26135,0.8324903888804545
1.2614,0.8328262076058512
1.26145,0.8324903888804545
1.2615,0.8324903888804545
1.26155,0.8324903888804545
1.2616,0.8324903888804545
1.26165,0.8324903888804545
1.2617,0.8324903888804545
1.26175,0.8328262076058512
1.2618,0.8324903888804545
1.26185,0.8324903888804545
1.2619,0.8324903888804545
1.26195,0.8324903888804545
1.262,0.8328262076058512
1.26205,0.8324903888804545
1.2621,0.8324903888804545
1.26215,0.8324903888804545
1.2622,0.8324903888804545
1.26225,0.8324903888804545
1.2623,0.8324903888804545
1.26235,0.8324903888804545
1.2624,0.8324903888804545
1.26245,0.8324903888804545
1.2625,0.8328262076058512
1.26255,0.8328262076058512
1.2626,0.8324903888804545
1.26265,0.8324903888804545
1.2627,0.8324903888804545
1.26275,0.8324903888804545
1.2628,0.8324903888804545
1.26285,0.8324903888804545
1.2629,0.8324903888804545
1.26295,0.8324903888804545
1.263,0.8324903888804545
1.26305,0.8324903888804545
1.2631,0.8324903888804545
1.26315,0.8324903888804545
1.2632,0.8324903888804545
1.26325,0.8324903888804545
1.2633,0.8324903888804545
1.26335,0.8324903888804545
1.2634,0.8324903888804545
1.26345,0.8324903888804545
1.2635,0.8324903888804545
1.26355,0.8324903888804545
1.2636,0.8324903888804545
1.26365,0.8328262076058512
1.2637,0.8324903888804545
1.26375,0.8324903888804545
1.2638,0.8324903888804545
1.26385,0.8324903888804545
1.2639,0.8324903888804545
1.26395,0.8324903888804545
1.264,0.8324903888804545
1.26405,0.8324903888804545
1.2641,0.8324903888804545
1.26415,0.8324903888804545
1.2642,0.8324903888804545
1.26425,0.8324903888804545
1.2643,0.8324903888804545
1.26435,0.8324903888804545
1.2644,0.8324903888804545
1.26445,0.8324903888804545
1.2645,0.8324903888804545
1.26455,0.8324903888804545
1.2646,0.8324903888804545
1.26465,0.8324903888804545
1.2647,0.8324903888804545
1.26475,0.8328262076058512
1.2648,0.8324903888804545
1.26485,0.8324903888804545
1.2649,0.8328262076058512
1.26495,0.8328262076058512
1.265,0.8328262076058512
1.26505,0.8324903888804545
1.2651,0.8324903888804545
1.26515,0.8324903888804545
1.2652,0.8324903888804545
1.26525,0.8328262076058512
1.2653,0.8324903888804545
1.26535,0.8328262076058512
1.2654,0.8328262076058512
1.26545,0.8324903888804545
1.2655,0.8328262076058512
1.26555,0.8328262076058512
1.2656,0.8328262076058512
1.26565,0.8324903888804545
1.2657,0.8324903888804545
1.26575,0.8328262076058512
1.2658,0.8324903888804545
1.26585,0.8328262076058512
1.2659,0.8328262076058512
1.26595,0.8328262076058512
1.266,0.8328262076058512
1.26605,0.8328262076058512
1.2661,0.8328262076058512
1.26615,0.8328262076058512
1.2662,0.8328262076058512
1.26625,0.8328262076058512
1.2663,0.8328262076058512
1.26635,0.8328262076058512
1.2664,0.8328262076058512
1.26645,0.8328262076058512
1.2665,0.8328262076058512
1.26655,0.8328262076058512
1.2666,0.8328262076058512
1.26665,0.8328262076058512
1.2667,0.8328262076058512
1.26675,0.8328262076058512
1.2668,0.8328262076058512
1.26685,0.8328262076058512
1.2669,0.8328262076058512
1.26695,0.8328262076058512
1.267,0.8328262076058512
1.26705,0.8328262076058512
1.2671,0.8328262076058512
1.26715,0.8328262076058512
1.2672,0.8328262076058512
1.26725,0.8328262076058512
1.2673,0.8328262076058512
1.26735,0.8328262076058512
1.2674,0.8328262076058512
1.26745,0.8328262076058512
1.2675,0.8328262076058512
1.26755,0.8328262076058512
1.2676,0.8328262076058512
1.26765,0.8328262076058512
1.2677,0.8328262076058512
1.26775,0.8328262076058512
1.2678,0.833162026331248
1.26785,0.833162026331248
1.2679,0.8328262076058512
1.26795,0.833162026331248
1.268,0.833162026331248
1.26805,0.833162026331248
1.2681,0.833162026331248
1.26815,0.833162026331248
1.2682,0.833162026331248
1.26825,0.833162026331248
1.2683,0.833162026331248
1.26835,0.833162026331248
1.2684,0.833162026331248
1.26845,0.833162026331248
1.2685,0.833162026331248
1.26855,0.833162026331248
1.2686,0.833162026331248
1.26865,0.8334978450566448
1.2687,0.833162026331248
1.26875,0.833162026331248
1.2688,0.833162026331248
1.26885,0.833162026331248
1.2689,0.8334978450566448
1.26895,0.833162026331248
1.269,0.833162026331248
1.26905,0.8334978450566448
1.2691,0.833162026331248
1.26915,0.8334978450566448
1.2692,0.833162026331248
1.26925,0.833162026331248
1.2693,0.833162026331248
1.26935,0.833162026331248
1.2694,0.833162026331248
1.26945,0.833162026331248
1.2695,0.8334978450566448
1.26955,0.833162026331248
1.2696,0.8334978450566448
1.26965,0.833162026331248
1.2697,0.833162026331248
1.26975,0.833162026331248
1.2698,0.8334978450566448
1.26985,0.833162026331248
1.2699,0.833162026331248
1.26995,0.8334978450566448
1.27,0.833162026331248
1.27005,0.833162026331248
1.2701,0.833162026331248
1.27015,0.833162026331248
1.2702,0.833162026331248
1.27025,0.8334978450566448
1.2703,0.833162026331248
1.27035,0.8334978450566448
1.2704,0.8334978450566448
1.27045,0.833162026331248
1.2705,0.833162026331248
1.27055,0.833162026331248
1.2706,0.833162026331248
1.27065,0.8334978450566448
1.2707,0.833162026331248
1.27075,0.8334978450566448
1.2708,0.8334978450566448
1.27085,0.833162026331248
1.2709,0.8334978450566448
1.27095,0.833162026331248
1.271,0.8334978450566448
1.27105,0.8334978450566448
1.2711,0.8334978450566448
1.27115,0.833162026331248
1.2712,0.833162026331248
1.27125,0.8334978450566448
1.2713,0.8334978450566448
1.27135,0.8334978450566448
1.2714,0.8334978450566448
1.27145,0.833162026331248
1.2715,0.833162026331248
1.27155,0.8334978450566448
1.2716,0.8334978450566448
1.27165,0.8334978450566448
1.2717,0.8334978450566448
1.27175,0.8334978450566448
1.2718,0.8334978450566448
1.27185,0.8334978450566448
1.2719,0.8334978450566448
1.27195,0.833162026331248
1.272,0.8334978450566448
1.27205,0.8334978450566448
1.2721,0.8334978450566448
1.27215,0.8334978450566448
1.2722,0.833162026331248
1.27225,0.833162026331248
1.2723,0.833162026331248
1.27235,0.833162026331248
1.2724,0.833162026331248
1.27245,0.833162026331248
1.2725,0.833162026331248
1.27255,0.833162026331248
1.2726,0.833162026331248
1.27265,0.833162026331248
1.2727,0.833162026331248
1.27275,0.833162026331248
1.2728,0.833162026331248
1.27285,0.8328262076058512
1.2729,0.833162026331248
1.27295,0.833162026331248
1.273,0.833162026331248
1.27305,0.833162026331248
1.2731,0.833162026331248
1.27315,0.833162026331248
1.2732,0.833162026331248
1.27325,0.833162026331248
1.2733,0.833162026331248
1.27335,0.833162026331248
1.2734,0.8328262076058512
1.27345,0.833162026331248
1.2735,0.8328262076058512
1.27355,0.833162026331248
1.2736,0.833162026331248
1.27365,0.833162026331248
1.2737,0.833162026331248
1.27375,0.8328262076058512
1.2738,0.833162026331248
1.27385,0.8328262076058512
1.2739,0.8328262076058512
1.27395,0.833162026331248
1.274,0.8328262076058512
1.27405,0.833162026331248
1.2741,0.833162026331248
1.27415,0.833162026331248
1.2742,0.833162026331248
1.27425,0.833162026331248
1.2743,0.833162026331248
1.27435,0.8328262076058512
1.2744,0.8328262076058512
1.27445,0.833162026331248
1.2745,0.833162026331248
1.27455,0.833162026331248
1.2746,0.833162026331248
1.27465,0.833162026331248
1.2747,0.8328262076058512
1.27475,0.8328262076058512
1.2748,0.8328262076058512
1.27485,0.8328262076058512
1.2749,0.8328262076058512
1.27495,0.8328262076058512
1.275,0.8328262076058512
1.27505,0.8328262076058512
1.2751,0.833162026331248
1.27515,0.833162026331248
1.2752,0.8328262076058512
1.27525,0.833162026331248
1.2753,0.833162026331248
1.27535,0.833162026331248
1.2754,0.833162026331248
1.27545,0.833162026331248
1.2755,0.833162026331248
1.27555,0.833162026331248
1.2756,0.833162026331248
1.27565,0.833162026331248
1.2757,0.833162026331248
1.27575,0.833162026331248
1.2758,0.833162026331248
1.27585,0.833162026331248
1.2759,0.833162026331248
1.27595,0.833162026331248
1.276,0.833162026331248
1.27605,0.8328262076058512
1.2761,0.833162026331248
1.27615,0.833162026331248
1.2762,0.833162026331248
1.27625,0.8328262076058512
1.2763,0.833162026331248
1.27635,0.8328262076058512
1.2764,0.8328262076058512
1.27645,0.833162026331248
1.2765,0.833162026331248
1.27655,0.833162026331248
1.2766,0.833162026331248
1.27665,0.833162026331248
1.2767,0.833162026331248
1.27675,0.8328262076058512
1.2768,0.833162026331248
1.27685,0.833162026331248
1.2769,0.833162026331248
1.27695,0.833162026331248
1.277,0.833162026331248
1.27705,0.833162026331248
1.2771,0.833162026331248
1.27715,0.833162026331248
1.2772,0.833162026331248
1.27725,0.833162026331248
1.2773,0.833162026331248
1.27735,0.8328262076058512
1.2774,0.833162026331248
1.27745,0.833162026331248
1.2775,0.8328262076058512
1.27755,0.8328262076058512
1.2776,0.833162026331248
1.27765,0.833162026331248
1.2777,0.833162026331248
1.27775,0.833162026331248
1.2778,0.833162026331248
1.27785,0.8328262076058512
1.2779,0.833162026331248
1.27795,0.833162026331248
1.278,0.833162026331248
1.27805,0.833162026331248
1.2781,0.8328262076058512
1.27815,0.833162026331248
1.2782,0.8328262076058512
1.27825,0.833162026331248
1.2783,0.833162026331248
1.27835,0.8328262076058512
1.2784,0.8328262076058512
1.27845,0.833162026331248
1.2785,0.8328262076058512
1.27855,0.833162026331248
1.2786,0.833162026331248
1.27865,0.8328262076058512
1.2787,0.8328262076058512
1.27875,0.8328262076058512
1.2788,0.833162026331248
1.27885,0.8328262076058512
1.2789,0.8328262076058512
1.27895,0.833162026331248
1.279,0.833162026331248
1.27905,0.8328262076058512
1.2791,0.833162026331248
1.27915,0.833162026331248
1.2792,0.8328262076058512
1.27925,0.833162026331248
1.2793,0.8328262076058512
1.27935,0.8328262076058512
1.2794,0.833162026331248
1.27945,0.833162026331248
1.2795,0.833162026331248
1.27955,0.833162026331248
1.2796,0.833162026331248
1.27965,0.833162026331248
1.2797,0.833162026331248
1.27975,0.8328262076058512
1.2798,0.8328262076058512
1.27985,0.8328262076058512
1.2799,0.8328262076058512
1.27995,0.8328262076058512
1.28,0.8328262076058512
1.28005,0.8328262076058512
1.2801,0.8328262076058512
1.28015,0.8328262076058512
1.2802,0.8328262076058512
1.28025,0.8328262076058512
1.2803,0.8328262076058512
1.28035,0.8328262076058512
1.2804,0.833162026331248
1.28045,0.8328262076058512
1.2805,0.8328262076058512
1.28055,0.8328262076058512
1.2806,0.8328262076058512
1.28065,0.8328262076058512
1.2807,0.8328262076058512
1.28075,0.833162026331248
1.2808,0.8328262076058512
1.28085,0.8328262076058512
1.2809,0.8328262076058512
1.28095,0.833162026331248
1.281,0.8328262076058512
1.28105,0.8328262076058512
1.2811,0.8328262076058512
1.28115,0.8328262076058512
1.2812,0.8328262076058512
1.28125,0.8328262076058512
1.2813,0.8328262076058512
1.28135,0.8324903888804545
1.2814,0.8324903888804545
1.28145,0.8324903888804545
1.2815,0.8324903888804545
1.28155,0.8324903888804545
1.2816,0.8324903888804545
1.28165,0.8324903888804545
1.2817,0.8324903888804545
1.28175,0.8324903888804545
1.2818,0.8324903888804545
1.28185,0.8324903888804545
1.2819,0.8324903888804545
1.28195,0.8324903888804545
1.282,0.8324903888804545
1.28205,0.8324903888804545
1.2821,0.8324903888804545
1.28215,0.8324903888804545
1.2822,0.8324903888804545
1.28225,0.8324903888804545
1.2823,0.8324903888804545
1.28235,0.8324903888804545
1.2824,0.8324903888804545
1.28245,0.8324903888804545
1.2825,0.8328262076058512
1.28255,0.8328262076058512
1.2826,0.8328262076058512
1.28265,0.8328262076058512
1.2827,0.8324903888804545
1.28275,0.8324903888804545
1.2828,0.8324903888804545
1.28285,0.8324903888804545
1.2829,0.8328262076058512
1.28295,0.8324903888804545
1.283,0.8324903888804545
1.28305,0.8324903888804545
1.2831,0.8324903888804545
1.28315,0.8324903888804545
1.2832,0.8324903888804545
1.28325,0.8328262076058512
1.2833,0.8324903888804545
1.28335,0.8324903888804545
1.2834,0.8328262076058512
1.28345,0.8324903888804545
1.2835,0.8324903888804545
1.28355,0.8324903888804545
1.2836,0.8328262076058512
1.28365,0.8324903888804545
1.2837,0.8324903888804545
1.28375,0.8324903888804545
1.2838,0.8324903888804545
1.28385,0.8324903888804545
1.2839,0.8324903888804545
1.28395,0.8324903888804545
1.284,0.8324903888804545
1.28405,0.8324903888804545
1.2841,0.8324903888804545
1.28415,0.8324903888804545
1.2842,0.8324903888804545
1.28425,0.8324903888804545
1.2843,0.8324903888804545
1.28435,0.8324903888804545
1.2844,0.8324903888804545
1.28445,0.8324903888804545
1.2845,0.8324903888804545
1.28455,0.8324903888804545
1.2846,0.8324903888804545
1.28465,0.8324903888804545
1.2847,0.8324903888804545
1.28475,0.8324903888804545
1.2848,0.8324903888804545
1.28485,0.8324903888804545
1.2849,0.8324903888804545
1.28495,0.8324903888804545
1.285,0.8324903888804545
1.28505,0.8324903888804545
1.2851,0.8328262076058512
1.28515,0.8324903888804545
1.2852,0.8328262076058512
1.28525,0.8328262076058512
1.2853,0.8324903888804545
1.28535,0.8328262076058512
1.2854,0.8328262076058512
1.28545,0.8328262076058512
1.2855,0.8328262076058512
1.28555,0.8328262076058512
1.2856,0.8324903888804545
1.28565,0.8324903888804545
1.2857,0.8324903888804545
1.28575,0.8328262076058512
1.2858,0.8328262076058512
1.28585,0.8328262076058512
1.2859,0.8328262076058512
1.28595,0.8328262076058512
1.286,0.8328262076058512
1.28605,0.8328262076058512
1.2861,0.8328262076058512
1.28615,0.8328262076058512
1.2862,0.8328262076058512
1.28625,0.8328262076058512
1.2863,0.8328262076058512
1.28635,0.8328262076058512
1.2864,0.8328262076058512
1.28645,0.8328262076058512
1.2865,0.8328262076058512
1.28655,0.8328262076058512
1.2866,0.8328262076058512
1.28665,0.8328262076058512
1.2867,0.8328262076058512
1.28675,0.8328262076058512
1.2868,0.8328262076058512
1.28685,0.8328262076058512
1.2869,0.8328262076058512
1.28695,0.8328262076058512
1.287,0.8328262076058512
1.28705,0.8328262076058512
1.2871,0.8328262076058512
1.28715,0.8328262076058512
1.2872,0.8328262076058512
1.28725,0.8328262076058512
1.2873,0.8328262076058512
1.28735,0.8328262076058512
1.2874,0.8328262076058512
1.28745,0.833162026331248
1.2875,0.8328262076058512
1.28755,0.8328262076058512
1.2876,0.8328262076058512
1.28765,0.8328262076058512
1.2877,0.8328262076058512
1.28775,0.8328262076058512
1.2878,0.833162026331248
1.28785,0.833162026331248
1.2879,0.8334978450566448
1.28795,0.833162026331248
1.288,0.833162026331248
1.28805,0.833162026331248
1.2881,0.833162026331248
1.28815,0.833162026331248
1.2882,0.833162026331248
1.28825,0.833162026331248
1.2883,0.833162026331248
1.28835,0.833162026331248
1.2884,0.833162026331248
1.28845,0.833162026331248
1.2885,0.833162026331248
1.28855,0.833162026331248
1.2886,0.833162026331248
1.28865,0.833162026331248
1.2887,0.833162026331248
1.28875,0.8334978450566448
1.2888,0.833162026331248
1.28885,0.833162026331248
1.2889,0.8334978450566448
1.28895,0.833162026331248
1.289,0.8334978450566448
1.28905,0.833162026331248
1.2891,0.8334978450566448
1.28915,0.833162026331248
1.2892,0.833162026331248
1.28925,0.833162026331248
1.2893,0.833162026331248
1.28935,0.833162026331248
1.2894,0.833162026331248
1.28945,0.833162026331248
1.2895,0.8334978450566448
1.28955,0.833162026331248
1.2896,0.833162026331248
1.28965,0.833162026331248
1.2897,0.833162026331248
1.28975,0.833162026331248
1.2898,0.833162026331248
1.28985,0.833162026331248
1.2899,0.833162026331248
1.28995,0.833162026331248
1.29,0.8334978450566448
1.29005,0.833162026331248
1.2901,0.8334978450566448
1.29015,0.833162026331248
1.2902,0.833162026331248
1.29025,0.833162026331248
1.2903,0.833162026331248
1.29035,0.833162026331248
1.2904,0.833162026331248
1.29045,0.833162026331248
1.2905,0.833162026331248
1.29055,0.833162026331248
1.2906,0.833162026331248
1.29065,0.833162026331248
1.2907,0.833162026331248
1.29075,0.8334978450566448
1.2908,0.8334978450566448
1.29085,0.833162026331248
1.2909,0.833162026331248
1.29095,0.833162026331248
1.291,0.833162026331248
1.29105,0.833162026331248
1.2911,0.833162026331248
1.29115,0.833162026331248
1.2912,0.8334978450566448
1.29125,0.8334978450566448
1.2913,0.8334978450566448
1.29135,0.8334978450566448
1.2914,0.833162026331248
1.29145,0.8334978450566448
1.2915,0.8334978450566448
1.29155,0.8334978450566448
1.2916,0.8334978450566448
1.29165,0.8334978450566448
1.2917,0.8334978450566448
1.29175,0.8334978450566448
1.2918,0.8334978450566448
1.29185,0.8334978450566448
1.2919,0.833162026331248
1.29195,0.8334978450566448
1.292,0.8334978450566448
1.29205,0.8334978450566448
1.2921,0.8334978450566448
1.29215,0.833162026331248
1.2922,0.8334978450566448
1.29225,0.833162026331248
1.2923,0.833162026331248
1.29235,0.833162026331248
1.2924,0.833162026331248
1.29245,0.833162026331248
1.2925,0.833162026331248
1.29255,0.8328262076058512
1.2926,0.833162026331248
1.29265,0.8328262076058512
1.2927,0.8328262076058512
1.29275,0.833162026331248
1.2928,0.8328262076058512
1.29285,0.833162026331248
1.2929,0.833162026331248
1.29295,0.833162026331248
1.293,0.833162026331248
1.29305,0.833162026331248
1.2931,0.8328262076058512
1.29315,0.833162026331248
1.2932,0.833162026331248
1.29325,0.833162026331248
1.2933,0.833162026331248
1.29335,0.8328262076058512
1.2934,0.833162026331248
1.29345,0.833162026331248
1.2935,0.8328262076058512
1.29355,0.8328262076058512
1.2936,0.8328262076058512
1.29365,0.833162026331248
1.2937,0.833162026331248
1.29375,0.833162026331248
1.2938,0.833162026331248
1.29385,0.8328262076058512
1.2939,0.833162026331248
1.29395,0.833162026331248
1.294,0.8328262076058512
1.29405,0.833162026331248
1.2941,0.833162026331248
1.29415,0.833162026331248
1.2942,0.833162026331248
1.29425,0.8328262076058512
1.2943,0.8328262076058512
1.29435,0.8328262076058512
1.2944,0.8328262076058512
1.29445,0.833162026331248
1.2945,0.8328262076058512
1.29455,0.8328262076058512
1.2946,0.833162026331248
1.29465,0.8328262076058512
1.2947,0.8328262076058512
1.29475,0.833162026331248
1.2948,0.833162026331248
1.29485,0.833162026331248
1.2949,0.833162026331248
1.29495,0.8328262076058512
1.295,0.833162026331248
1.29505,0.833162026331248
1.2951,0.833162026331248
1.29515,0.8328262076058512
1.2952,0.833162026331248
1.29525,0.8328262076058512
1.2953,0.8328262076058512
1.29535,0.8328262076058512
1.2954,0.8328262076058512
1.29545,0.833162026331248
1.2955,0.833162026331248
1.29555,0.8328262076058512
1.2956,0.8328262076058512
1.29565,0.833162026331248
1.2957,0.833162026331248
1.29575,0.833162026331248
1.2958,0.8328262076058512
1.29585,0.8328262076058512
1.2959,0.8328262076058512
1.29595,0.8328262076058512
1.296,0.833162026331248
1.29605,0.833162026331248
1.2961,0.833162026331248
1.29615,0.833162026331248
1.2962,0.833162026331248
1.29625,0.8328262076058512
1.2963,0.833162026331248
1.29635,0.833162026331248
1.2964,0.833162026331248
1.29645,0.833162026331248
1.2965,0.8328262076058512
1.29655,0.833162026331248
1.2966,0.8328262076058512
1.29665,0.8328262076058512
1.2967,0.833162026331248
1.29675,0.833162026331248
1.2968,0.833162026331248
1.29685,0.833162026331248
1.2969,0.8328262076058512
1.29695,0.8328262076058512
1.297,0.833162026331248
1.29705,0.8328262076058512
1.2971,0.833162026331248
1.29715,0.833162026331248
1.2972,0.8328262076058512
1.29725,0.8328262076058512
1.2973,0.8328262076058512
1.29735,0.833162026331248
1.2974,0.8328262076058512
1.29745,0.8328262076058512
1.2975,0.833162026331248
1.29755,0.833162026331248
1.2976,0.8328262076058512
1.29765,0.833162026331248
1.2977,0.8328262076058512
1.29775,0.833162026331248
1.2978,0.8328262076058512
1.29785,0.8328262076058512
1.2979,0.8328262076058512
1.29795,0.8328262076058512
1.298,0.833162026331248
1.29805,0.8328262076058512
1.2981,0.833162026331248
1.29815,0.833162026331248
1.2982,0.8328262076058512
1.29825,0.8328262076058512
1.2983,0.8328262076058512
1.29835,0.8328262076058512
1.2984,0.833162026331248
1.29845,0.833162026331248
1.2985,0.833162026331248
1.29855,0.833162026331248
1.2986,0.8328262076058512
1.29865,0.833162026331248
1.2987,0.833162026331248
1.29875,0.833162026331248
1.2988,0.8328262076058512
1.29885,0.8328262076058512
1.2989,0.833162026331248
1.29895,0.833162026331248
1.299,0.8328262076058512
1.29905,0.8328262076058512
1.2991,0.8328262076058512
1.29915,0.8328262076058512
1.2992,0.8328262076058512
1.29925,0.8328262076058512
1.2993,0.833162026331248
1.29935,0.8328262076058512
1.2994,0.8328262076058512
1.29945,0.8328262076058512
1.2995,0.8328262076058512
1.29955,0.8328262076058512
1.2996,0.8328262076058512
1.29965,0.8328262076058512
1.2997,0.8328262076058512
1.29975,0.8328262076058512
1.2998,0.8328262076058512
1.29985,0.8328262076058512
1.2999,0.8328262076058512
1.29995,0.8328262076058512
1.3,0.8328262076058512
1.30005,0.8328262076058512
1.3001,0.8328262076058512
1.30015,0.8328262076058512
1.3002,0.8328262076058512
1.30025,0.8328262076058512
1.3003,0.8328262076058512
1.30035,0.8328262076058512
1.3004,0.8328262076058512
1.30045,0.8328262076058512
1.3005,0.833162026331248
1.30055,0.8328262076058512
1.3006,0.8328262076058512
1.30065,0.8328262076058512
1.3007,0.8328262076058512
1.30075,0.8328262076058512
1.3008,0.8328262076058512
1.30085,0.833162026331248
1.3009,0.8328262076058512
1.30095,0.8328262076058512
1.301,0.8328262076058512
1.30105,0.8328262076058512
1.3011,0.8328262076058512
1.30115,0.8324903888804545
1.3012,0.8324903888804545
1.30125,0.8324903888804545
1.3013,0.8324903888804545
1.30135,0.8328262076058512
1.3014,0.8328262076058512
1.30145,0.8324903888804545
1.3015,0.8324903888804545
1.30155,0.8328262076058512
1.3016,0.8328262076058512
1.30165,0.8328262076058512
1.3017,0.8324903888804545
1.30175,0.8324903888804545
1.3018,0.8324903888804545
1.30185,0.8324903888804545
1.3019,0.8324903888804545
1.30195,0.8328262076058512
1.302,0.8328262076058512
1.30205,0.8328262076058512
1.3021,0.8328262076058512
1.30215,0.8328262076058512
1.3022,0.8324903888804545
1.30225,0.8324903888804545
1.3023,0.8328262076058512
1.30235,0.8324903888804545
1.3024,0.8324903888804545
1.30245,0.8328262076058512
1.3025,0.8328262076058512
1.30255,0.8328262076058512
1.3026,0.8328262076058512
1.30265,0.8324903888804545
1.3027,0.8324903888804545
1.30275,0.8328262076058512
1.3028,0.8324903888804545
1.30285,0.8324903888804545
1.3029,0.8328262076058512
1.30295,0.8328262076058512
1.303,0.8328262076058512
1.30305,0.8324903888804545
1.3031,0.8324903888804545
1.30315,0.8324903888804545
1.3032,0.8324903888804545
1.30325,0.8324903888804545
1.3033,0.8324903888804545
1.30335,0.8324903888804545
1.3034,0.8328262076058512
1.30345,0.8324903888804545
1.3035,0.8324903888804545
1.30355,0.8328262076058512
1.3036,0.8328262076058512
1.30365,0.8328262076058512
1.3037,0.8328262076058512
1.30375,0.8324903888804545
1.3038,0.8328262076058512
1.30385,0.8328262076058512
1.3039,0.8324903888804545
1.30395,0.8324903888804545
1.304,0.8324903888804545
1.30405,0.8324903888804545
1.3041,0.8324903888804545
1.30415,0.8324903888804545
1.3042,0.8324903888804545
1.30425,0.8324903888804545
1.3043,0.8324903888804545
1.30435,0.8324903888804545
1.3044,0.8324903888804545
1.30445,0.8324903888804545
1.3045,0.8324903888804545
1.30455,0.8324903888804545
1.3046,0.8324903888804545
1.30465,0.8328262076058512
1.3047,0.8324903888804545
1.30475,0.8324903888804545
1.3048,0.8324903888804545
1.30485,0.8324903888804545
1.3049,0.8328262076058512
1.30495,0.8324903888804545
1.305,0.8328262076058512
1.30505,0.8324903888804545
1.3051,0.8324903888804545
1.30515,0.8324903888804545
1.3052,0.8324903888804545
1.30525,0.8328262076058512
1.3053,0.8328262076058512
1.30535,0.8328262076058512
1.3054,0.8328262076058512
1.30545,0.8328262076058512
1.3055,0.8328262076058512
1.30555,0.8328262076058512
1.3056,0.8328262076058512
1.30565,0.8328262076058512
1.3057,0.8328262076058512
1.30575,0.8328262076058512
1.3058,0.8324903888804545
1.30585,0.8324903888804545
1.3059,0.8328262076058512
1.30595,0.8328262076058512
1.306,0.8328262076058512
1.30605,0.8328262076058512
1.3061,0.8328262076058512
1.30615,0.8328262076058512
1.3062,0.8328262076058512
1.30625,0.8328262076058512
1.3063,0.8328262076058512
1.30635,0.8328262076058512
1.3064,0.8328262076058512
1.30645,0.8328262076058512
1.3065,0.8324903888804545
1.30655,0.8324903888804545
1.3066,0.8328262076058512
1.30665,0.8328262076058512
1.3067,0.8328262076058512
1.30675,0.8328262076058512
1.3068,0.8328262076058512
1.30685,0.8328262076058512
1.3069,0.8328262076058512
1.30695,0.8328262076058512
1.307,0.8328262076058512
1.30705,0.8328262076058512
1.3071,0.8328262076058512
1.30715,0.8328262076058512
1.3072,0.8328262076058512
1.30725,0.8328262076058512
1.3073,0.8328262076058512
1.30735,0.8328262076058512
1.3074,0.8328262076058512
1.30745,0.8328262076058512
1.3075,0.8328262076058512
1.30755,0.8328262076058512
1.3076,0.8328262076058512
1.30765,0.8328262076058512
1.3077,0.8328262076058512
1.30775,0.833162026331248
1.3078,0.833162026331248
1.30785,0.8328262076058512
1.3079,0.833162026331248
1.30795,0.833162026331248
1.308,0.833162026331248
1.30805,0.833162026331248
1.3081,0.8334978450566448
1.30815,0.833162026331248
1.3082,0.833162026331248
1.30825,0.833162026331248
1.3083,0.833162026331248
1.30835,0.833162026331248
1.3084,0.833162026331248
1.30845,0.833162026331248
1.3085,0.833162026331248
1.30855,0.833162026331248
1.3086,0.833162026331248
1.30865,0.833162026331248
1.3087,0.833162026331248
1.30875,0.833162026331248
1.3088,0.833162026331248
1.30885,0.8334978450566448
1.3089,0.8334978450566448
1.30895,0.833162026331248
1.309,0.833162026331248
1.30905,0.833162026331248
1.3091,0.833162026331248
1.30915,0.833162026331248
1.3092,0.833162026331248
1.30925,0.833162026331248
1.3093,0.833162026331248
1.30935,0.833162026331248
1.3094,0.833162026331248
1.30945,0.8334978450566448
1.3095,0.833162026331248
1.30955,0.833162026331248
1.3096,0.833162026331248
1.30965,0.833162026331248
1.3097,0.833162026331248
1.30975,0.833162026331248
1.3098,0.833162026331248
1.30985,0.8334978450566448
1.3099,0.833162026331248
1.30995,0.8334978450566448
1.31,0.833162026331248
1.31005,0.833162026331248
1.3101,0.833162026331248
1.31015,0.833162026331248
1.3102,0.833162026331248
1.31025,0.833162026331248
1.3103,0.833162026331248
1.31035,0.833162026331248
1.3104,0.833162026331248
1.31045,0.833162026331248
1.3105,0.833162026331248
1.31055,0.833162026331248
1.3106,0.833162026331248
1.31065,0.833162026331248
1.3107,0.833162026331248
1.31075,0.8334978450566448
1.3108,0.833162026331248
1.31085,0.833162026331248
1.3109,0.8334978450566448
1.31095,0.8334978450566448
1.311,0.8334978450566448
1.31105,0.8334978450566448
1.3111,0.8334978450566448
1.31115,0.8334978450566448
1.3112,0.833162026331248
1.31125,0.833162026331248
1.3113,0.833162026331248
1.31135,0.8334978450566448
1.3114,0.833162026331248
1.31145,0.8334978450566448
1.3115,0.8334978450566448
1.31155,0.8334978450566448
1.3116,0.8334978450566448
1.31165,0.8334978450566448
1.3117,0.8334978450566448
1.31175,0.8334978450566448
1.3118,0.8334978450566448
1.31185,0.8334978450566448
1.3119,0.8334978450566448
1.31195,0.8334978450566448
1.312,0.8334978450566448
1.31205,0.8334978450566448
1.3121,0.8334978450566448
1.31215,0.8334978450566448
1.3122,0.8334978450566448
1.31225,0.833162026331248
1.3123,0.833162026331248
1.31235,0.833162026331248
1.3124,0.833162026331248
1.31245,0.833162026331248
1.3125,0.833162026331248
1.31255,0.833162026331248
1.3126,0.833162026331248
1.31265,0.8328262076058512
1.3127,0.833162026331248
1.31275,0.833162026331248
1.3128,0.8328262076058512
1.31285,0.833162026331248
1.3129,0.833162026331248
1.31295,0.8328262076058512
1.313,0.8328262076058512
1.31305,0.8328262076058512
1.3131,0.8328262076058512
1.31315,0.833162026331248
1.3132,0.833162026331248
1.31325,0.8328262076058512
1.3133,0.8328262076058512
1.31335,0.833162026331248
1.3134,0.833162026331248
1.31345,0.8328262076058512
1.3135,0.833162026331248
1.31355,0.833162026331248
1.3136,0.833162026331248
1.31365,0.8328262076058512
1.3137,0.833162026331248
1.31375,0.833162026331248
1.3138,0.833162026331248
1.31385,0.833162026331248
1.3139,0.833162026331248
1.31395,0.833162026331248
1.314,0.8328262076058512
1.31405,0.833162026331248
1.3141,0.833162026331248
1.31415,0.833162026331248
1.3142,0.8328262076058512
1.31425,0.8328262076058512
1.3143,0.8328262076058512
1.31435,0.8328262076058512
1.3144,0.833162026331248
1.31445,0.833162026331248
1.3145,0.8328262076058512
1.31455,0.833162026331248
1.3146,0.8328262076058512
1.31465,0.833162026331248
1.3147,0.833162026331248
1.31475,0.8328262076058512
1.3148,0.833162026331248
1.31485,0.833162026331248
1.3149,0.833162026331248
1.31495,0.8328262076058512
1.315,0.8328262076058512
1.31505,0.833162026331248
1.3151,0.8328262076058512
1.31515,0.8328262076058512
1.3152,0.833162026331248
1.31525,0.833162026331248
1.3153,0.8328262076058512
1.31535,0.8328262076058512
1.3154,0.8328262076058512
1.31545,0.8328262076058512
1.3155,0.833162026331248
1.31555,0.833162026331248
1.3156,0.833162026331248
1.31565,0.833162026331248
1.3157,0.833162026331248
1.31575,0.833162026331248
1.3158,0.8328262076058512
1.31585,0.833162026331248
1.3159,0.833162026331248
1.31595,0.833162026331248
1.316,0.8328262076058512
1.31605,0.8328262076058512
1.3161,0.833162026331248
1.31615,0.8328262076058512
1.3162,0.8328262076058512
1.31625,0.8328262076058512
1.3163,0.8328262076058512
1.31635,0.8328262076058512
1.3164,0.8328262076058512
1.31645,0.8328262076058512
1.3165,0.8328262076058512
1.31655,0.8328262076058512
1.3166,0.8328262076058512
1.31665,0.8328262076058512
1.3167,0.8328262076058512
1.31675,0.8328262076058512
1.3168,0.8328262076058512
1.31685,0.8328262076058512
1.3169,0.833162026331248
1.31695,0.833162026331248
1.317,0.8328262076058512
1.31705,0.8328262076058512
1.3171,0.8328262076058512
1.31715,0.8328262076058512
1.3172,0.833162026331248
1.31725,0.8328262076058512
1.3173,0.8328262076058512
1.31735,0.8328262076058512
1.3174,0.8328262076058512
1.31745,0.8328262076058512
1.3175,0.8328262076058512
1.31755,0.833162026331248
1.3176,0.8328262076058512
1.31765,0.8328262076058512
1.3177,0.8328262076058512
1.31775,0.8328262076058512
1.3178,0.8328262076058512
1.31785,0.8328262076058512
1.3179,0.8328262076058512
1.31795,0.8328262076058512
1.318,0.8328262076058512
1.31805,0.8328262076058512
1.3181,0.833162026331248
1.31815,0.8328262076058512
1.3182,0.8328262076058512
1.31825,0.8328262076058512
1.3183,0.8328262076058512
1.31835,0.833162026331248
1.3184,0.8328262076058512
1.31845,0.8328262076058512
1.3185,0.8328262076058512
1.31855,0.8328262076058512
1.3186,0.8328262076058512
1.31865,0.833162026331248
1.3187,0.8328262076058512
1.31875,0.8328262076058512
1.3188,0.8328262076058512
1.31885,0.8328262076058512
1.3189,0.8328262076058512
1.31895,0.833162026331248
1.319,0.833162026331248
1.31905,0.8328262076058512
1.3191,0.833162026331248
1.31915,0.833162026331248
1.3192,0.8328262076058512
1.31925,0.8328262076058512
1.3193,0.8328262076058512
1.31935,0.8328262076058512
1.3194,0.8328262076058512
1.31945,0.8328262076058512
1.3195,0.8328262076058512
1.31955,0.8328262076058512
1.3196,0.8328262076058512
1.31965,0.8328262076058512
1.3197,0.8328262076058512
1.31975,0.8328262076058512
1.3198,0.8328262076058512
1.31985,0.8328262076058512
1.3199,0.8328262076058512
1.31995,0.8328262076058512
1.32,0.8328262076058512
1.32005,0.8328262076058512
1.3201,0.8328262076058512
1.32015,0.8328262076058512
1.3202,0.8328262076058512
1.32025,0.8328262076058512
1.3203,0.8328262076058512
1.32035,0.8328262076058512
1.3204,0.833162026331248
1.32045,0.8328262076058512
1.3205,0.8328262076058512
1.32055,0.8328262076058512
1.3206,0.8328262076058512
1.32065,0.8328262076058512
1.3207,0.8328262076058512
1.32075,0.8328262076058512
1.3208,0.8328262076058512
1.32085,0.8328262076058512
1.3209,0.8328262076058512
1.32095,0.8328262076058512
1.321,0.8328262076058512
1.32105,0.8328262076058512
1.3211,0.8328262076058512
1.32115,0.8328262076058512
1.3212,0.8324903888804545
1.32125,0.8328262076058512
1.3213,0.8324903888804545
1.32135,0.8324903888804545
1.3214,0.8324903888804545
1.32145,0.8324903888804545
1.3215,0.8324903888804545
1.32155,0.8324903888804545
1.3216,0.8324903888804545
1.32165,0.8324903888804545
1.3217,0.8324903888804545
1.32175,0.8324903888804545
1.3218,0.8324903888804545
1.32185,0.8324903888804545
1.3219,0.8324903888804545
1.32195,0.8324903888804545
1.322,0.8324903888804545
1.32205,0.8324903888804545
1.3221,0.8324903888804545
1.32215,0.8324903888804545
1.3222,0.8324903888804545
1.32225,0.8328262076058512
1.3223,0.8328262076058512
1.32235,0.8324903888804545
1.3224,0.8328262076058512
1.32245,0.8324903888804545
1.3225,0.8324903888804545
1.32255,0.8328262076058512
1.3226,0.8324903888804545
1.32265,0.8324903888804545
1.3227,0.8328262076058512
1.32275,0.8324903888804545
1.3228,0.8324903888804545
1.32285,0.8324903888804545
1.3229,0.8324903888804545
1.32295,0.8324903888804545
1.323,0.8324903888804545
1.32305,0.8324903888804545
1.3231,0.8324903888804545
1.32315,0.8324903888804545
1.3232,0.8324903888804545
1.32325,0.8324903888804545
1.3233,0.8324903888804545
1.32335,0.8324903888804545
1.3234,0.8324903888804545
1.32345,0.8324903888804545
1.3235,0.8324903888804545
1.32355,0.8324903888804545
1.3236,0.8324903888804545
1.32365,0.8324903888804545
1.3237,0.8324903888804545
1.32375,0.8328262076058512
1.3238,0.8324903888804545
1.32385,0.8324903888804545
1.3239,0.8324903888804545
1.32395,0.8324903888804545
1.324,0.8324903888804545
1.32405,0.8324903888804545
1.3241,0.8324903888804545
1.32415,0.8324903888804545
1.3242,0.8324903888804545
1.32425,0.8324903888804545
1.3243,0.8324903888804545
1.32435,0.8324903888804545
1.3244,0.8324903888804545
1.32445,0.8328262076058512
1.3245,0.8324903888804545
1.32455,0.8324903888804545
1.3246,0.8324903888804545
1.32465,0.8324903888804545
1.3247,0.8324903888804545
1.32475,0.8324903888804545
1.3248,0.8324903888804545
1.32485,0.8324903888804545
1.3249,0.8324903888804545
1.32495,0.8324903888804545
1.325,0.8324903888804545
1.32505,0.8324903888804545
1.3251,0.8324903888804545
1.32515,0.8328262076058512
1.3252,0.8324903888804545
1.32525,0.8324903888804545
1.3253,0.8328262076058512
1.32535,0.8328262076058512
1.3254,0.8324903888804545
1.32545,0.8324903888804545
1.3255,0.8324903888804545
1.32555,0.8324903888804545
1.3256,0.8324903888804545
1.32565,0.8328262076058512
1.3257,0.8328262076058512
1.32575,0.8328262076058512
1.3258,0.8328262076058512
1.32585,0.8328262076058512
1.3259,0.8328262076058512
1.32595,0.8328262076058512
1.326,0.8328262076058512
1.32605,0.8328262076058512
1.3261,0.8328262076058512
1.32615,0.8328262076058512
1.3262,0.8328262076058512
1.32625,0.8328262076058512
1.3263,0.8328262076058512
1.32635,0.8328262076058512
1.3264,0.8328262076058512
1.32645,0.8328262076058512
1.3265,0.8328262076058512
1.32655,0.8328262076058512
1.3266,0.8328262076058512
1.32665,0.8328262076058512
1.3267,0.8328262076058512
1.32675,0.8328262076058512
1.3268,0.8328262076058512
1.32685,0.8328262076058512
1.3269,0.8328262076058512
1.32695,0.8328262076058512
1.327,0.8328262076058512
1.32705,0.8328262076058512
1.3271,0.8324903888804545
1.32715,0.8324903888804545
1.3272,0.8328262076058512
1.32725,0.8328262076058512
1.3273,0.8324903888804545
1.32735,0.8328262076058512
1.3274,0.8328262076058512
1.32745,0.8328262076058512
1.3275,0.8328262076058512
1.32755,0.8328262076058512
1.3276,0.8328262076058512
1.32765,0.8328262076058512
1.3277,0.8328262076058512
1.32775,0.833162026331248
1.3278,0.833162026331248
1.32785,0.833162026331248
1.3279,0.833162026331248
1.32795,0.833162026331248
1.328,0.833162026331248
1.32805,0.833162026331248
1.3281,0.833162026331248
1.32815,0.833162026331248
1.3282,0.833162026331248
1.32825,0.833162026331248
1.3283,0.833162026331248
1.32835,0.833162026331248
1.3284,0.833162026331248
1.32845,0.833162026331248
1.3285,0.833162026331248
1.32855,0.833162026331248
1.3286,0.833162026331248
1.32865,0.833162026331248
1.3287,0.833162026331248
1.32875,0.8334978450566448
1.3288,0.8334978450566448
1.32885,0.8334978450566448
1.3289,0.833162026331248
1.32895,0.8334978450566448
1.329,0.833162026331248
1.32905,0.833162026331248
1.3291,0.833162026331248
1.32915,0.833162026331248
1.3292,0.833162026331248
1.32925,0.833162026331248
1.3293,0.8334978450566448
1.32935,0.833162026331248
1.3294,0.833162026331248
1.32945,0.833162026331248
1.3295,0.833162026331248
1.32955,0.833162026331248
1.3296,0.833162026331248
1.32965,0.833162026331248
1.3297,0.833162026331248
1.32975,0.833162026331248
1.3298,0.833162026331248
1.32985,0.833162026331248
1.3299,0.833162026331248
1.32995,0.833162026331248
1.33,0.833162026331248
1.33005,0.833162026331248
1.3301,0.833162026331248
1.33015,0.833162026331248
1.3302,0.833162026331248
1.33025,0.8328262076058512
1.3303,0.833162026331248
1.33035,0.833162026331248
1.3304,0.833162026331248
1.33045,0.8328262076058512
1.3305,0.833162026331248
1.33055,0.833162026331248
1.3306,0.833162026331248
1.33065,0.833162026331248
1.3307,0.833162026331248
1.33075,0.8334978450566448
1.3308,0.8334978450566448
1.33085,0.8334978450566448
1.3309,0.8334978450566448
1.33095,0.8334978450566448
1.331,0.833162026331248
1.33105,0.8334978450566448
1.3311,0.833162026331248
1.33115,0.8334978450566448
1.3312,0.833162026331248
1.33125,0.833162026331248
1.3313,0.833162026331248
1.33135,0.833162026331248
1.3314,0.8334978450566448
1.33145,0.8334978450566448
1.3315,0.8334978450566448
1.33155,0.833162026331248
1.3316,0.833162026331248
1.33165,0.833162026331248
1.3317,0.833162026331248
1.33175,0.833162026331248
1.3318,0.8334978450566448
1.33185,0.833162026331248
1.3319,0.833162026331248
1.33195,0.833162026331248
1.332,0.8334978450566448
1.33205,0.833162026331248
1.3321,0.8334978450566448
1.33215,0.8334978450566448
1.3322,0.8334978450566448
1.33225,0.833162026331248
1.3323,0.833162026331248
1.33235,0.833162026331248
1.3324,0.833162026331248
1.33245,0.833162026331248
1.3325,0.833162026331248
1.33255,0.833162026331248
1.3326,0.833162026331248
1.33265,0.8328262076058512
1.3327,0.833162026331248
1.33275,0.833162026331248
1.3328,0.8328262076058512
1.33285,0.8328262076058512
1.3329,0.833162026331248
1.33295,0.833162026331248
1.333,0.833162026331248
1.33305,0.833162026331248
1.3331,0.8328262076058512
1.33315,0.833162026331248
1.3332,0.833162026331248
1.33325,0.833162026331248
1.3333,0.833162026331248
1.33335,0.8328262076058512
1.3334,0.8328262076058512
1.33345,0.8328262076058512
1.3335,0.833162026331248
1.33355,0.833162026331248
1.3336,0.8328262076058512
1.33365,0.8328262076058512
1.3337,0.833162026331248
1.33375,0.8328262076058512
1.3338,0.8328262076058512
1.33385,0.8328262076058512
1.3339,0.833162026331248
1.33395,0.833162026331248
1.334,0.833162026331248
1.33405,0.833162026331248
1.3341,0.833162026331248
1.33415,0.833162026331248
1.3342,0.833162026331248
1.33425,0.833162026331248
1.3343,0.833162026331248
1.33435,0.8328262076058512
1.3344,0.833162026331248
1.33445,0.833162026331248
1.3345,0.833162026331248
1.33455,0.8328262076058512
1.3346,0.833162026331248
1.33465,0.8328262076058512
1.3347,0.8328262076058512
1.33475,0.8328262076058512
1.3348,0.8328262076058512
1.33485,0.8328262076058512
1.3349,0.833162026331248
1.33495,0.833162026331248
1.335,0.833162026331248
1.33505,0.833162026331248
1.3351,0.833162026331248
1.33515,0.833162026331248
1.3352,0.833162026331248
1.33525,0.8328262076058512
1.3353,0.8328262076058512
1.33535,0.8328262076058512
1.3354,0.8328262076058512
1.33545,0.8328262076058512
1.3355,0.8328262076058512
1.33555,0.8328262076058512
1.3356,0.833162026331248
1.33565,0.8328262076058512
1.3357,0.833162026331248
1.33575,0.8328262076058512
1.3358,0.8328262076058512
1.33585,0.8328262076058512
1.3359,0.8328262076058512
1.33595,0.8328262076058512
1.336,0.833162026331248
1.33605,0.833162026331248
1.3361,0.8328262076058512
1.33615,0.8328262076058512
1.3362,0.833162026331248
1.33625,0.833162026331248
1.3363,0.8328262076058512
1.33635,0.8328262076058512
1.3364,0.8328262076058512
1.33645,0.8328262076058512
1.3365,0.8328262076058512
1.33655,0.8328262076058512
1.3366,0.833162026331248
1.33665,0.833162026331248
1.3367,0.8328262076058512
1.33675,0.8328262076058512
1.3368,0.8328262076058512
1.33685,0.8328262076058512
1.3369,0.8328262076058512
1.33695,0.8328262076058512
1.337,0.8328262076058512
1.33705,0.8328262076058512
1.3371,0.8328262076058512
1.33715,0.8328262076058512
1.3372,0.8328262076058512
1.33725,0.833162026331248
1.3373,0.833162026331248
1.33735,0.833162026331248
1.3374,0.8328262076058512
1.33745,0.8328262076058512
1.3375,0.8328262076058512
1.33755,0.833162026331248
1.3376,0.8328262076058512
1.33765,0.8328262076058512
1.3377,0.833162026331248
1.33775,0.833162026331248
1.3378,0.8328262076058512
1.33785,0.8328262076058512
1.3379,0.8328262076058512
1.33795,0.8328262076058512
1.338,0.8328262076058512
1.33805,0.833162026331248
1.3381,0.8328262076058512
1.33815,0.8328262076058512
1.3382,0.8328262076058512
1.33825,0.8328262076058512
1.3383,0.8328262076058512
1.33835,0.8328262076058512
1.3384,0.8328262076058512
1.33845,0.8328262076058512
1.3385,0.8328262076058512
1.33855,0.8328262076058512
1.3386,0.8328262076058512
1.33865,0.833162026331248
1.3387,0.8328262076058512
1.33875,0.8328262076058512
1.3388,0.8328262076058512
1.33885,0.8328262076058512
1.3389,0.8328262076058512
1.33895,0.8328262076058512
1.339,0.8328262076058512
1.33905,0.8328262076058512
1.3391,0.8328262076058512
1.33915,0.833162026331248
1.3392,0.8328262076058512
1.33925,0.833162026331248
1.3393,0.8328262076058512
1.33935,0.833162026331248
1.3394,0.833162026331248
1.33945,0.8328262076058512
1.3395,0.833162026331248
1.33955,0.8328262076058512
1.3396,0.8328262076058512
1.33965,0.833162026331248
1.3397,0.8328262076058512
1.33975,0.8328262076058512
1.3398,0.8328262076058512
1.33985,0.8328262076058512
1.3399,0.8328262076058512
1.33995,0.8328262076058512
1.34,0.8328262076058512
1.34005,0.8328262076058512
1.3401,0.8328262076058512
1.34015,0.8328262076058512
1.3402,0.8328262076058512
1.34025,0.8328262076058512
1.3403,0.8328262076058512
1.34035,0.8328262076058512
1.3404,0.8328262076058512
1.34045,0.8328262076058512
1.3405,0.8328262076058512
1.34055,0.833162026331248
1.3406,0.833162026331248
1.34065,0.833162026331248
1.3407,0.833162026331248
1.34075,0.8328262076058512
1.3408,0.8328262076058512
1.34085,0.8328262076058512
1.3409,0.8328262076058512
1.34095,0.8328262076058512
1.341,0.8328262076058512
1.34105,0.8328262076058512
1.3411,0.8324903888804545
1.34115,0.8324903888804545
1.3412,0.8328262076058512
1.34125,0.8324903888804545
1.3413,0.8324903888804545
1.34135,0.8324903888804545
1.3414,0.8324903888804545
1.34145,0.8324903888804545
1.3415,0.8324903888804545
1.34155,0.8324903888804545
1.3416,0.8324903888804545
1.34165,0.8324903888804545
1.3417,0.8324903888804545
1.34175,0.8324903888804545
1.3418,0.8324903888804545
1.34185,0.8324903888804545
1.3419,0.8324903888804545
1.34195,0.8324903888804545
1.342,0.8324903888804545
1.34205,0.8324903888804545
1.3421,0.8324903888804545
1.34215,0.8328262076058512
1.3422,0.8324903888804545
1.34225,0.8324903888804545
1.3423,0.8324903888804545
1.34235,0.8324903888804545
1.3424,0.8324903888804545
1.34245,0.8324903888804545
1.3425,0.8328262076058512
1.34255,0.8324903888804545
1.3426,0.8324903888804545
1.34265,0.8324903888804545
1.3427,0.8324903888804545
1.34275,0.8328262076058512
1.3428,0.8328262076058512
1.34285,0.8324903888804545
1.3429,0.8324903888804545
1.34295,0.8324903888804545
1.343,0.8324903888804545
1.34305,0.8324903888804545
1.3431,0.8324903888804545
1.34315,0.8324903888804545
1.3432,0.8328262076058512
1.34325,0.8324903888804545
1.3433,0.8328262076058512
1.34335,0.8324903888804545
1.3434,0.8324903888804545
1.34345,0.8324903888804545
1.3435,0.8324903888804545
1.34355,0.8328262076058512
1.3436,0.8324903888804545
1.34365,0.8328262076058512
1.3437,0.8324903888804545
1.34375,0.8324903888804545
1.3438,0.8328262076058512
1.34385,0.8328262076058512
1.3439,0.8324903888804545
1.34395,0.8328262076058512
1.344,0.8324903888804545
1.34405,0.8324903888804545
1.3441,0.8324903888804545
1.34415,0.8324903888804545
1.3442,0.8324903888804545
1.34425,0.8324903888804545
1.3443,0.8324903888804545
1.34435,0.8324903888804545
1.3444,0.8324903888804545
1.34445,0.8324903888804545
1.3445,0.8324903888804545
1.34455,0.8324903888804545
1.3446,0.8324903888804545
1.34465,0.8324903888804545
1.3447,0.8324903888804545
1.34475,0.8324903888804545
1.3448,0.8324903888804545
1.34485,0.8324903888804545
1.3449,0.8328262076058512
1.34495,0.8328262076058512
1.345,0.8328262076058512
1.34505,0.8328262076058512
1.3451,0.8328262076058512
1.34515,0.8328262076058512
1.3452,0.8328262076058512
1.34525,0.8328262076058512
1.3453,0.8328262076058512
1.34535,0.8328262076058512
1.3454,0.8328262076058512
1.34545,0.8328262076058512
1.3455,0.8328262076058512
1.34555,0.8328262076058512
1.3456,0.8324903888804545
1.34565,0.8328262076058512
1.3457,0.8328262076058512
1.34575,0.8324903888804545
1.3458,0.8324903888804545
1.34585,0.8328262076058512
1.3459,0.8328262076058512
1.34595,0.8328262076058512
1.346,0.8328262076058512
1.34605,0.8328262076058512
1.3461,0.8328262076058512
1.34615,0.8328262076058512
1.3462,0.8328262076058512
1.34625,0.8328262076058512
1.3463,0.8328262076058512
1.34635,0.8324903888804545
1.3464,0.8328262076058512
1.34645,0.8328262076058512
1.3465,0.8328262076058512
1.34655,0.8328262076058512
1.3466,0.8328262076058512
1.34665,0.833162026331248
1.3467,0.8328262076058512
1.34675,0.8328262076058512
1.3468,0.8328262076058512
1.34685,0.8328262076058512
1.3469,0.8328262076058512
1.34695,0.8328262076058512
1.347,0.8328262076058512
1.34705,0.8328262076058512
1.3471,0.8328262076058512
1.34715,0.8328262076058512
1.3472,0.8328262076058512
1.34725,0.8328262076058512
1.3473,0.8328262076058512
1.34735,0.8328262076058512
1.3474,0.8328262076058512
1.34745,0.8328262076058512
1.3475,0.8328262076058512
1.34755,0.8328262076058512
1.3476,0.8328262076058512
1.34765,0.8328262076058512
1.3477,0.8328262076058512
1.34775,0.833162026331248
1.3478,0.833162026331248
1.34785,0.833162026331248
1.3479,0.833162026331248
1.34795,0.833162026331248
1.348,0.833162026331248
1.34805,0.8334978450566448
1.3481,0.8334978450566448
1.34815,0.833162026331248
1.3482,0.833162026331248
1.34825,0.833162026331248
1.3483,0.833162026331248
1.34835,0.833162026331248
1.3484,0.833162026331248
1.34845,0.833162026331248
1.3485,0.833162026331248
1.34855,0.833162026331248
1.3486,0.833162026331248
1.34865,0.833162026331248
1.3487,0.833162026331248
1.34875,0.833162026331248
1.3488,0.833162026331248
1.34885,0.833162026331248
1.3489,0.833162026331248
1.34895,0.833162026331248
1.349,0.8334978450566448
1.34905,0.8334978450566448
1.3491,0.833162026331248
1.34915,0.833162026331248
1.3492,0.833162026331248
1.34925,0.833162026331248
1.3493,0.833162026331248
1.34935,0.833162026331248
1.3494,0.833162026331248
1.34945,0.833162026331248
1.3495,0.8334978450566448
1.34955,0.833162026331248
1.3496,0.8334978450566448
1.34965,0.8334978450566448
1.3497,0.833162026331248
1.34975,0.833162026331248
1.3498,0.833162026331248
1.34985,0.833162026331248
1.3499,0.833162026331248
1.34995,0.833162026331248
1.35,0.833162026331248
1.35005,0.833162026331248
1.3501,0.833162026331248
1.35015,0.833162026331248
1.3502,0.833162026331248
1.35025,0.833162026331248
1.3503,0.833162026331248
1.35035,0.833162026331248
1.3504,0.833162026331248
1.35045,0.833162026331248
1.3505,0.833162026331248
1.35055,0.833162026331248
1.3506,0.833162026331248
1.35065,0.833162026331248
1.3507,0.8334978450566448
1.35075,0.8334978450566448
1.3508,0.833162026331248
1.35085,0.833162026331248
1.3509,0.833162026331248
1.35095,0.8334978450566448
1.351,0.8334978450566448
1.35105,0.8334978450566448
1.3511,0.8334978450566448
1.35115,0.8334978450566448
1.3512,0.8334978450566448
1.35125,0.833162026331248
1.3513,0.8334978450566448
1.35135,0.8334978450566448
1.3514,0.833162026331248
1.35145,0.8334978450566448
1.3515,0.8334978450566448
1.35155,0.833162026331248
1.3516,0.8334978450566448
1.35165,0.8334978450566448
1.3517,0.8334978450566448
1.35175,0.8334978450566448
1.3518,0.833162026331248
1.35185,0.8334978450566448
1.3519,0.833162026331248
1.35195,0.833162026331248
1.352,0.833162026331248
1.35205,0.833162026331248
1.3521,0.8334978450566448
1.35215,0.8334978450566448
1.3522,0.833162026331248
1.35225,0.833162026331248
1.3523,0.833162026331248
1.35235,0.833162026331248
1.3524,0.833162026331248
1.35245,0.833162026331248
1.3525,0.833162026331248
1.35255,0.8328262076058512
1.3526,0.833162026331248
1.35265,0.833162026331248
1.3527,0.8328262076058512
1.35275,0.833162026331248
1.3528,0.8328262076058512
1.35285,0.833162026331248
1.3529,0.833162026331248
1.35295,0.833162026331248
1.353,0.833162026331248
1.35305,0.833162026331248
1.3531,0.8328262076058512
1.35315,0.833162026331248
1.3532,0.8328262076058512
1.35325,0.833162026331248
1.3533,0.833162026331248
1.35335,0.833162026331248
1.3534,0.8328262076058512
1.35345,0.8328262076058512
1.3535,0.8328262076058512
1.35355,0.8328262076058512
1.3536,0.8328262076058512
1.35365,0.8328262076058512
1.3537,0.8328262076058512
1.35375,0.833162026331248
1.3538,0.8328262076058512
1.35385,0.833162026331248
1.3539,0.833162026331248
1.35395,0.833162026331248
1.354,0.833162026331248
1.35405,0.833162026331248
1.3541,0.833162026331248
1.35415,0.833162026331248
1.3542,0.833162026331248
1.35425,0.833162026331248
1.3543,0.833162026331248
1.35435,0.833162026331248
1.3544,0.833162026331248
1.35445,0.833162026331248
1.3545,0.833162026331248
1.35455,0.833162026331248
1.3546,0.833162026331248
1.35465,0.833162026331248
1.3547,0.833162026331248
1.35475,0.8328262076058512
1.3548,0.833162026331248
1.35485,0.833162026331248
1.3549,0.833162026331248
1.35495,0.833162026331248
1.355,0.833162026331248
1.35505,0.833162026331248
1.3551,0.833162026331248
1.35515,0.833162026331248
1.3552,0.833162026331248
1.35525,0.833162026331248
1.3553,0.833162026331248
1.35535,0.833162026331248
1.3554,0.833162026331248
1.35545,0.833162026331248
1.3555,0.833162026331248
1.35555,0.833162026331248
1.3556,0.833162026331248
1.35565,0.833162026331248
1.3557,0.833162026331248
1.35575,0.8328262076058512
1.3558,0.833162026331248
1.35585,0.833162026331248
1.3559,0.833162026331248
1.35595,0.833162026331248
1.356,0.833162026331248
1.35605,0.833162026331248
1.3561,0.833162026331248
1.35615,0.833162026331248
1.3562,0.8328262076058512
1.35625,0.8328262076058512
1.3563,0.8328262076058512
1.35635,0.8328262076058512
1.3564,0.8328262076058512
1.35645,0.8328262076058512
1.3565,0.8328262076058512
1.35655,0.8328262076058512
1.3566,0.8328262076058512
1.35665,0.833162026331248
1.3567,0.833162026331248
1.35675,0.833162026331248
1.3568,0.833162026331248
1.35685,0.833162026331248
1.3569,0.833162026331248
1.35695,0.8328262076058512
1.357,0.833162026331248
1.35705,0.833162026331248
1.3571,0.8328262076058512
1.35715,0.833162026331248
1.3572,0.8328262076058512
1.35725,0.8328262076058512
1.3573,0.8328262076058512
1.35735,0.8328262076058512
1.3574,0.8328262076058512
1.35745,0.8328262076058512
1.3575,0.8328262076058512
1.35755,0.8328262076058512
1.3576,0.8328262076058512
1.35765,0.8328262076058512
1.3577,0.8328262076058512
1.35775,0.8328262076058512
1.3578,0.8328262076058512
1.35785,0.833162026331248
1.3579,0.8328262076058512
1.35795,0.8328262076058512
1.358,0.8328262076058512
1.35805,0.833162026331248
1.3581,0.833162026331248
1.35815,0.8328262076058512
1.3582,0.8328262076058512
1.35825,0.8328262076058512
1.3583,0.8328262076058512
1.35835,0.8328262076058512
1.3584,0.8328262076058512
1.35845,0.8328262076058512
1.3585,0.8328262076058512
1.35855,0.8328262076058512
1.3586,0.8328262076058512
1.35865,0.8328262076058512
1.3587,0.8328262076058512
1.35875,0.8328262076058512
1.3588,0.8328262076058512
1.35885,0.8328262076058512
1.3589,0.8328262076058512
1.35895,0.8328262076058512
1.359,0.8328262076058512
1.35905,0.8328262076058512
1.3591,0.8328262076058512
1.35915,0.833162026331248
1.3592,0.833162026331248
1.35925,0.8328262076058512
1.3593,0.8328262076058512
1.35935,0.8328262076058512
1.3594,0.833162026331248
1.35945,0.8328262076058512
1.3595,0.8328262076058512
1.35955,0.8328262076058512
1.3596,0.8328262076058512
1.35965,0.8328262076058512
1.3597,0.8328262076058512
1.35975,0.8328262076058512
1.3598,0.8328262076058512
1.35985,0.8328262076058512
1.3599,0.8328262076058512
1.35995,0.8328262076058512
1.36,0.8328262076058512
1.36005,0.8328262076058512
1.3601,0.8328262076058512
1.36015,0.8328262076058512
1.3602,0.8328262076058512
1.36025,0.833162026331248
1.3603,0.833162026331248
1.36035,0.8328262076058512
1.3604,0.833162026331248
1.36045,0.833162026331248
1.3605,0.833162026331248
1.36055,0.833162026331248
1.3606,0.8328262076058512
1.36065,0.8328262076058512
1.3607,0.8328262076058512
1.36075,0.8328262076058512
1.3608,0.8328262076058512
1.36085,0.8328262076058512
1.3609,0.8328262076058512
1.36095,0.8324903888804545
1.361,0.8328262076058512
1.36105,0.8328262076058512
1.3611,0.8328262076058512
1.36115,0.8328262076058512
1.3612,0.8328262076058512
1.36125,0.8324903888804545
1.3613,0.8324903888804545
1.36135,0.8324903888804545
1.3614,0.8324903888804545
1.36145,0.8324903888804545
1.3615,0.8324903888804545
1.36155,0.8324903888804545
1.3616,0.8324903888804545
1.36165,0.8324903888804545
1.3617,0.8324903888804545
1.36175,0.8324903888804545
1.3618,0.8324903888804545
1.36185,0.8324903888804545
1.3619,0.8324903888804545
1.36195,0.8328262076058512
1.362,0.8324903888804545
1.36205,0.8328262076058512
1.3621,0.8324903888804545
1.36215,0.8328262076058512
1.3622,0.8324903888804545
1.36225,0.8324903888804545
1.3623,0.8328262076058512
1.36235,0.8324903888804545
1.3624,0.8324903888804545
1.36245,0.8328262076058512
1.3625,0.8328262076058512
1.36255,0.8324903888804545
1.3626,0.8324903888804545
1.36265,0.8324903888804545
1.3627,0.8324903888804545
1.36275,0.8324903888804545
1.3628,0.8324903888804545
1.36285,0.8324903888804545
1.3629,0.8324903888804545
1.36295,0.8324903888804545
1.363,0.8324903888804545
1.36305,0.8324903888804545
1.3631,0.8324903888804545
1.36315,0.8324903888804545
1.3632,0.8324903888804545
1.36325,0.8324903888804545
1.3633,0.8324903888804545
1.36335,0.8324903888804545
1.3634,0.8324903888804545
1.36345,0.8324903888804545
1.3635,0.8324903888804545
1.36355,0.8324903888804545
1.3636,0.8324903888804545
1.36365,0.8328262076058512
1.3637,0.8324903888804545
1.36375,0.8324903888804545
1.3638,0.8324903888804545
1.36385,0.8324903888804545
1.3639,0.8324903888804545
1.36395,0.8328262076058512
1.364,0.8324903888804545
1.36405,0.8324903888804545
1.3641,0.8324903888804545
1.36415,0.8328262076058512
1.3642,0.8324903888804545
1.36425,0.8328262076058512
1.3643,0.8324903888804545
1.36435,0.8324903888804545
1.3644,0.8324903888804545
1.36445,0.8324903888804545
1.3645,0.8324903888804545
1.36455,0.8324903888804545
1.3646,0.8324903888804545
1.36465,0.8324903888804545
1.3647,0.8324903888804545
1.36475,0.8328262076058512
1.3648,0.8324903888804545
1.36485,0.8324903888804545
1.3649,0.8324903888804545
1.36495,0.8324903888804545
1.365,0.8324903888804545
1.36505,0.8328262076058512
1.3651,0.8328262076058512
1.36515,0.8328262076058512
1.3652,0.8328262076058512
1.36525,0.8328262076058512
1.3653,0.8328262076058512
1.36535,0.8328262076058512
1.3654,0.8328262076058512
1.36545,0.8328262076058512
1.3655,0.8328262076058512
1.36555,0.8328262076058512
1.3656,0.8328262076058512
1.36565,0.8328262076058512
1.3657,0.8328262076058512
1.36575,0.8328262076058512
1.3658,0.8328262076058512
1.36585,0.8328262076058512
1.3659,0.8328262076058512
1.36595,0.8328262076058512
1.366,0.8328262076058512
1.36605,0.8328262076058512
1.3661,0.8328262076058512
1.36615,0.8328262076058512
1.3662,0.8328262076058512
1.36625,0.8328262076058512
1.3663,0.8328262076058512
1.36635,0.8328262076058512
1.3664,0.8328262076058512
1.36645,0.8328262076058512
1.3665,0.8328262076058512
1.36655,0.8328262076058512
1.3666,0.8328262076058512
1.36665,0.8328262076058512
1.3667,0.8328262076058512
1.36675,0.8328262076058512
1.3668,0.8328262076058512
1.36685,0.8328262076058512
1.3669,0.8328262076058512
1.36695,0.8328262076058512
1.367,0.8328262076058512
1.36705,0.8328262076058512
1.3671,0.8328262076058512
1.36715,0.8328262076058512
1.3672,0.833162026331248
1.36725,0.8328262076058512
1.3673,0.8328262076058512
1.36735,0.8328262076058512
1.3674,0.8328262076058512
1.36745,0.8328262076058512
1.3675,0.833162026331248
1.36755,0.833162026331248
1.3676,0.833162026331248
1.36765,0.833162026331248
1.3677,0.833162026331248
1.36775,0.833162026331248
1.3678,0.833162026331248
1.36785,0.833162026331248
1.3679,0.833162026331248
1.36795,0.833162026331248
1.368,0.833162026331248
1.36805,0.833162026331248
1.3681,0.8334978450566448
1.36815,0.833162026331248
1.3682,0.833162026331248
1.36825,0.833162026331248
1.3683,0.833162026331248
1.36835,0.833162026331248
1.3684,0.833162026331248
1.36845,0.833162026331248
1.3685,0.833162026331248
1.36855,0.833162026331248
1.3686,0.8334978450566448
1.36865,0.833162026331248
1.3687,0.8334978450566448
1.36875,0.833162026331248
1.3688,0.833162026331248
1.36885,0.833162026331248
1.3689,0.833162026331248
1.36895,0.833162026331248
1.369,0.833162026331248
1.36905,0.8334978450566448
1.3691,0.8334978450566448
1.36915,0.8334978450566448
1.3692,0.8334978450566448
1.36925,0.833162026331248
1.3693,0.833162026331248
1.36935,0.833162026331248
1.3694,0.8334978450566448
1.36945,0.833162026331248
1.3695,0.833162026331248
1.36955,0.833162026331248
1.3696,0.8334978450566448
1.36965,0.8334978450566448
1.3697,0.8334978450566448
1.36975,0.8334978450566448
1.3698,0.8334978450566448
1.36985,0.8334978450566448
1.3699,0.8334978450566448
1.36995,0.833162026331248
1.37,0.833162026331248
1.37005,0.833162026331248
1.3701,0.833162026331248
1.37015,0.833162026331248
1.3702,0.833162026331248
1.37025,0.833162026331248
1.3703,0.833162026331248
1.37035,0.833162026331248
1.3704,0.833162026331248
1.37045,0.833162026331248
1.3705,0.833162026331248
1.37055,0.833162026331248
1.3706,0.833162026331248
1.37065,0.833162026331248
1.3707,0.8334978450566448
1.37075,0.833162026331248
1.3708,0.833162026331248
1.37085,0.8334978450566448
1.3709,0.8334978450566448
1.37095,0.8334978450566448
1.371,0.8334978450566448
1.37105,0.8334978450566448
1.3711,0.8334978450566448
1.37115,0.8334978450566448
1.3712,0.8334978450566448
1.37125,0.8334978450566448
1.3713,0.8334978450566448
1.37135,0.8334978450566448
1.3714,0.833162026331248
1.37145,0.8334978450566448
1.3715,0.8334978450566448
1.37155,0.8334978450566448
1.3716,0.8334978450566448
1.37165,0.8334978450566448
1.3717,0.8334978450566448
1.37175,0.8334978450566448
1.3718,0.8334978450566448
1.37185,0.8334978450566448
1.3719,0.8334978450566448
1.37195,0.8334978450566448
1.372,0.8334978450566448
1.37205,0.8334978450566448
1.3721,0.8334978450566448
1.37215,0.8334978450566448
1.3722,0.833162026331248
1.37225,0.833162026331248
1.3723,0.833162026331248
1.37235,0.833162026331248
1.3724,0.833162026331248
1.37245,0.8328262076058512
1.3725,0.833162026331248
1.37255,0.833162026331248
1.3726,0.833162026331248
1.37265,0.833162026331248
1.3727,0.833162026331248
1.37275,0.833162026331248
1.3728,0.833162026331248
1.37285,0.833162026331248
1.3729,0.833162026331248
1.37295,0.8328262076058512
1.373,0.8328262076058512
1.37305,0.833162026331248
1.3731,0.833162026331248
1.37315,0.8328262076058512
1.3732,0.833162026331248
1.37325,0.833162026331248
1.3733,0.8328262076058512
1.37335,0.833162026331248
1.3734,0.8328262076058512
1.37345,0.8328262076058512
1.3735,0.8328262076058512
1.37355,0.833162026331248
1.3736,0.833162026331248
1.37365,0.833162026331248
1.3737,0.833162026331248
1.37375,0.8328262076058512
1.3738,0.833162026331248
1.37385,0.8328262076058512
1.3739,0.8328262076058512
1.37395,0.8328262076058512
1.374,0.8328262076058512
1.37405,0.8328262076058512
1.3741,0.8328262076058512
1.37415,0.8328262076058512
1.3742,0.8328262076058512
1.37425,0.8328262076058512
1.3743,0.8328262076058512
1.37435,0.833162026331248
1.3744,0.8328262076058512
1.37445,0.833162026331248
1.3745,0.833162026331248
1.37455,0.8328262076058512
1.3746,0.8328262076058512
1.37465,0.833162026331248
1.3747,0.8328262076058512
1.37475,0.833162026331248
1.3748,0.8328262076058512
1.37485,0.8328262076058512
1.3749,0.8328262076058512
1.37495,0.8328262076058512
1.375,0.8328262076058512
1.37505,0.8328262076058512
1.3751,0.8328262076058512
1.37515,0.8328262076058512
1.3752,0.8328262076058512
1.37525,0.8328262076058512
1.3753,0.833162026331248
1.37535,0.8328262076058512
1.3754,0.8328262076058512
1.37545,0.833162026331248
1.3755,0.833162026331248
1.37555,0.8328262076058512
1.3756,0.8328262076058512
1.37565,0.8328262076058512
1.3757,0.8328262076058512
1.37575,0.8328262076058512
1.3758,0.8328262076058512
1.37585,0.8328262076058512
1.3759,0.8328262076058512
1.37595,0.833162026331248
1.376,0.833162026331248
1.37605,0.833162026331248
1.3761,0.833162026331248
1.37615,0.8328262076058512
1.3762,0.833162026331248
1.37625,0.833162026331248
1.3763,0.8328262076058512
1.37635,0.833162026331248
1.3764,0.833162026331248
1.37645,0.833162026331248
1.3765,0.8328262076058512
1.37655,0.8328262076058512
1.3766,0.8328262076058512
1.37665,0.8328262076058512
1.3767,0.8328262076058512
1.37675,0.8328262076058512
1.3768,0.8328262076058512
1.37685,0.8328262076058512
1.3769,0.8328262076058512
1.37695,0.8328262076058512
1.377,0.833162026331248
1.37705,0.833162026331248
1.3771,0.833162026331248
1.37715,0.833162026331248
1.3772,0.833162026331248
1.37725,0.833162026331248
1.3773,0.8328262076058512
1.37735,0.8328262076058512
1.3774,0.8328262076058512
1.37745,0.8328262076058512
1.3775,0.8328262076058512
1.37755,0.833162026331248
1.3776,0.8328262076058512
1.37765,0.8328262076058512
1.3777,0.8328262076058512
1.37775,0.8328262076058512
1.3778,0.8328262076058512
1.37785,0.8328262076058512
1.3779,0.8328262076058512
1.37795,0.8328262076058512
1.378,0.8328262076058512
1.37805,0.833162026331248
1.3781,0.8328262076058512
1.37815,0.8328262076058512
1.3782,0.8328262076058512
1.37825,0.833162026331248
1.3783,0.8328262076058512
1.37835,0.833162026331248
1.3784,0.8328262076058512
1.37845,0.8328262076058512
1.3785,0.8328262076058512
1.37855,0.8328262076058512
1.3786,0.8328262076058512
1.37865,0.8328262076058512
1.3787,0.833162026331248
1.37875,0.8328262076058512
1.3788,0.8328262076058512
1.37885,0.833162026331248
1.3789,0.833162026331248
1.37895,0.8328262076058512
1.379,0.833162026331248
1.37905,0.8328262076058512
1.3791,0.8328262076058512
1.37915,0.833162026331248
1.3792,0.833162026331248
1.37925,0.833162026331248
1.3793,0.8328262076058512
1.37935,0.833162026331248
1.3794,0.833162026331248
1.37945,0.8328262076058512
1.3795,0.8328262076058512
1.37955,0.8328262076058512
1.3796,0.8328262076058512
1.37965,0.8328262076058512
1.3797,0.8328262076058512
1.37975,0.8328262076058512
1.3798,0.8328262076058512
1.37985,0.8328262076058512
1.3799,0.8328262076058512
1.37995,0.8328262076058512
1.38,0.8328262076058512
1.38005,0.8328262076058512
1.3801,0.833162026331248
1.38015,0.8328262076058512
1.3802,0.8328262076058512
1.38025,0.8328262076058512
1.3803,0.8328262076058512
1.38035,0.8328262076058512
1.3804,0.8328262076058512
1.38045,0.8328262076058512
1.3805,0.8328262076058512
1.38055,0.8328262076058512
1.3806,0.8328262076058512
1.38065,0.8328262076058512
1.3807,0.8328262076058512
1.38075,0.8328262076058512
1.3808,0.8328262076058512
1.38085,0.8328262076058512
1.3809,0.8328262076058512
1.38095,0.8328262076058512
1.381,0.8328262076058512
1.38105,0.8328262076058512
1.3811,0.8328262076058512
1.38115,0.8328262076058512
1.3812,0.8324903888804545
1.38125,0.8324903888804545
1.3813,0.8324903888804545
1.38135,0.8324903888804545
1.3814,0.8324903888804545
1.38145,0.8324903888804545
1.3815,0.8324903888804545
1.38155,0.8324903888804545
1.3816,0.8324903888804545
1.38165,0.8324903888804545
1.3817,0.8324903888804545
1.38175,0.8324903888804545
1.3818,0.8324903888804545
1.38185,0.8324903888804545
1.3819,0.8324903888804545
1.38195,0.8324903888804545
1.382,0.8324903888804545
1.38205,0.8324903888804545
1.3821,0.8324903888804545
1.38215,0.8324903888804545
1.3822,0.8324903888804545
1.38225,0.8324903888804545
1.3823,0.8324903888804545
1.38235,0.8324903888804545
1.3824,0.8324903888804545
1.38245,0.8324903888804545
1.3825,0.8324903888804545
1.38255,0.8324903888804545
1.3826,0.8324903888804545
1.38265,0.8324903888804545
1.3827,0.8324903888804545
1.38275,0.8324903888804545
1.3828,0.8324903888804545
1.38285,0.8324903888804545
1.3829,0.8324903888804545
1.38295,0.8324903888804545
1.383,0.8324903888804545
1.38305,0.8324903888804545
1.3831,0.8324903888804545
1.38315,0.8324903888804545
1.3832,0.8324903888804545
1.38325,0.8324903888804545
1.3833,0.8324903888804545
1.38335,0.8324903888804545
1.3834,0.8324903888804545
1.38345,0.8324903888804545
1.3835,0.8324903888804545
1.38355,0.8324903888804545
1.3836,0.8324903888804545
1.38365,0.8324903888804545
1.3837,0.8324903888804545
1.38375,0.8324903888804545
1.3838,0.8324903888804545
1.38385,0.8324903888804545
1.3839,0.8324903888804545
1.38395,0.8324903888804545
1.384,0.8324903888804545
1.38405,0.8324903888804545
1.3841,0.8324903888804545
1.38415,0.8324903888804545
1.3842,0.8324903888804545
1.38425,0.8324903888804545
1.3843,0.8324903888804545
1.38435,0.8324903888804545
1.3844,0.8324903888804545
1.38445,0.8324903888804545
1.3845,0.8324903888804545
1.38455,0.8324903888804545
1.3846,0.8324903888804545
1.38465,0.8324903888804545
1.3847,0.8324903888804545
1.38475,0.8324903888804545
1.3848,0.8324903888804545
1.38485,0.8324903888804545
1.3849,0.8324903888804545
1.38495,0.8328262076058512
1.385,0.8324903888804545
1.38505,0.8324903888804545
1.3851,0.8324903888804545
1.38515,0.8328262076058512
1.3852,0.8328262076058512
1.38525,0.8324903888804545
1.3853,0.8324903888804545
1.38535,0.8328262076058512
1.3854,0.8328262076058512
1.38545,0.8328262076058512
1.3855,0.8328262076058512
1.38555,0.8328262076058512
1.3856,0.8328262076058512
1.38565,0.8328262076058512
1.3857,0.8324903888804545
1.38575,0.8328262076058512
1.3858,0.8328262076058512
1.38585,0.8328262076058512
1.3859,0.8328262076058512
1.38595,0.8328262076058512
1.386,0.8328262076058512
1.38605,0.833162026331248
1.3861,0.833162026331248
1.38615,0.833162026331248
1.3862,0.8328262076058512
1.38625,0.8328262076058512
1.3863,0.8328262076058512
1.38635,0.8328262076058512
1.3864,0.8328262076058512
1.38645,0.8328262076058512
1.3865,0.8328262076058512
1.38655,0.8328262076058512
1.3866,0.8328262076058512
1.38665,0.8328262076058512
1.3867,0.833162026331248
1.38675,0.8328262076058512
1.3868,0.8328262076058512
1.38685,0.8328262076058512
1.3869,0.8328262076058512
1.38695,0.8328262076058512
1.387,0.8328262076058512
1.38705,0.8328262076058512
1.3871,0.833162026331248
1.38715,0.833162026331248
1.3872,0.8328262076058512
1.38725,0.8328262076058512
1.3873,0.8328262076058512
1.38735,0.8328262076058512
1.3874,0.833162026331248
1.38745,0.8328262076058512
1.3875,0.8328262076058512
1.38755,0.8328262076058512
1.3876,0.8328262076058512
1.38765,0.833162026331248
1.3877,0.833162026331248
1.38775,0.833162026331248
1.3878,0.833162026331248
1.38785,0.833162026331248
1.3879,0.833162026331248
1.38795,0.8328262076058512
1.388,0.833162026331248
1.38805,0.833162026331248
1.3881,0.833162026331248
1.38815,0.833162026331248
1.3882,0.833162026331248
1.38825,0.833162026331248
1.3883,0.833162026331248
1.38835,0.833162026331248
1.3884,0.833162026331248
1.38845,0.833162026331248
1.3885,0.8334978450566448
1.38855,0.833162026331248
1.3886,0.8334978450566448
1.38865,0.8334978450566448
1.3887,0.8334978450566448
1.38875,0.8334978450566448
1.3888,0.833162026331248
1.38885,0.8334978450566448
1.3889,0.833162026331248
1.38895,0.833162026331248
1.389,0.833162026331248
1.38905,0.833162026331248
1.3891,0.833162026331248
1.38915,0.833162026331248
1.3892,0.833162026331248
1.38925,0.833162026331248
1.3893,0.833162026331248
1.38935,0.833162026331248
1.3894,0.833162026331248
1.38945,0.833162026331248
1.3895,0.8334978450566448
1.38955,0.8334978450566448
1.3896,0.8334978450566448
1.38965,0.8334978450566448
1.3897,0.8334978450566448
1.38975,0.833162026331248
1.3898,0.833162026331248
1.38985,0.8334978450566448
1.3899,0.833162026331248
1.38995,0.833162026331248
1.39,0.833162026331248
1.39005,0.833162026331248
1.3901,0.833162026331248
1.39015,0.833162026331248
1.3902,0.833162026331248
1.39025,0.833162026331248
1.3903,0.833162026331248
1.39035,0.833162026331248
1.3904,0.833162026331248
1.39045,0.833162026331248
1.3905,0.833162026331248
1.39055,0.833162026331248
1.3906,0.833162026331248
1.39065,0.8334978450566448
1.3907,0.8334978450566448
1.39075,0.8334978450566448
1.3908,0.8334978450566448
1.39085,0.8334978450566448
1.3909,0.833162026331248
1.39095,0.8334978450566448
1.391,0.8334978450566448
1.39105,0.833162026331248
1.3911,0.8334978450566448
1.39115,0.8334978450566448
1.3912,0.8334978450566448
1.39125,0.8334978450566448
1.3913,0.8334978450566448
1.39135,0.8334978450566448
1.3914,0.8334978450566448
1.39145,0.833162026331248
1.3915,0.833162026331248
1.39155,0.833162026331248
1.3916,0.8334978450566448
1.39165,0.8334978450566448
1.3917,0.8334978450566448
1.39175,0.8334978450566448
1.3918,0.8334978450566448
1.39185,0.8334978450566448
1.3919,0.833162026331248
1.39195,0.833162026331248
1.392,0.833162026331248
1.39205,0.833162026331248
1.3921,0.833162026331248
1.39215,0.833162026331248
1.3922,0.833162026331248
1.39225,0.833162026331248
1.3923,0.833162026331248
1.39235,0.8328262076058512
1.3924,0.833162026331248
1.39245,0.833162026331248
1.3925,0.833162026331248
1.39255,0.833162026331248
1.3926,0.8328262076058512
1.39265,0.8328262076058512
1.3927,0.833162026331248
1.39275,0.833162026331248
1.3928,0.833162026331248
1.39285,0.833162026331248
1.3929,0.833162026331248
1.39295,0.8328262076058512
1.393,0.833162026331248
1.39305,0.833162026331248
1.3931,0.8328262076058512
1.39315,0.833162026331248
1.3932,0.8328262076058512
1.39325,0.833162026331248
1.3933,0.833162026331248
1.39335,0.833162026331248
1.3934,0.833162026331248
1.39345,0.833162026331248
1.3935,0.8328262076058512
1.39355,0.8328262076058512
1.3936,0.833162026331248
1.39365,0.8328262076058512
1.3937,0.833162026331248
1.39375,0.8328262076058512
1.3938,0.8328262076058512
1.39385,0.8328262076058512
1.3939,0.8328262076058512
1.39395,0.8328262076058512
1.394,0.8328262076058512
1.39405,0.8328262076058512
1.3941,0.833162026331248
1.39415,0.833162026331248
1.3942,0.833162026331248
1.39425,0.833162026331248
1.3943,0.833162026331248
1.39435,0.833162026331248
1.3944,0.833162026331248
1.39445,0.8328262076058512
1.3945,0.8328262076058512
1.39455,0.8328262076058512
1.3946,0.8328262076058512
1.39465,0.8328262076058512
1.3947,0.833162026331248
1.39475,0.833162026331248
1.3948,0.833162026331248
1.39485,0.833162026331248
1.3949,0.833162026331248
1.39495,0.833162026331248
1.395,0.8328262076058512
1.39505,0.833162026331248
1.3951,0.833162026331248
1.39515,0.8328262076058512
1.3952,0.833162026331248
1.39525,0.8328262076058512
1.3953,0.8328262076058512
1.39535,0.8328262076058512
1.3954,0.833162026331248
1.39545,0.833162026331248
1.3955,0.833162026331248
1.39555,0.833162026331248
1.3956,0.833162026331248
1.39565,0.833162026331248
1.3957,0.8328262076058512
1.39575,0.8328262076058512
1.3958,0.833162026331248
1.39585,0.8328262076058512
1.3959,0.833162026331248
1.39595,0.833162026331248
1.396,0.833162026331248
1.39605,0.833162026331248
1.3961,0.833162026331248
1.39615,0.8328262076058512
1.3962,0.8328262076058512
1.39625,0.8328262076058512
1.3963,0.8328262076058512
1.39635,0.8328262076058512
1.3964,0.8328262076058512
1.39645,0.8328262076058512
1.3965,0.833162026331248
1.39655,0.8328262076058512
1.3966,0.8328262076058512
1.39665,0.8328262076058512
1.3967,0.8328262076058512
1.39675,0.8328262076058512
1.3968,0.8328262076058512
1.39685,0.833162026331248
1.3969,0.833162026331248
1.39695,0.8328262076058512
1.397,0.8328262076058512
1.39705,0.8328262076058512
1.3971,0.8328262076058512
1.39715,0.8328262076058512
1.3972,0.8328262076058512
1.39725,0.8328262076058512
1.3973,0.833162026331248
1.39735,0.833162026331248
1.3974,0.8328262076058512
1.39745,0.8328262076058512
1.3975,0.833162026331248
1.39755,0.833162026331248
1.3976,0.8328262076058512
1.39765,0.833162026331248
1.3977,0.833162026331248
1.39775,0.833162026331248
1.3978,0.833162026331248
1.39785,0.833162026331248
1.3979,0.833162026331248
1.39795,0.8328262076058512
1.398,0.8328262076058512
1.39805,0.8328262076058512
1.3981,0.8328262076058512
1.39815,0.833162026331248
1.3982,0.8328262076058512
1.39825,0.8328262076058512
1.3983,0.8328262076058512
1.39835,0.8328262076058512
1.3984,0.8328262076058512
1.39845,0.8328262076058512
1.3985,0.8328262076058512
1.39855,0.8328262076058512
1.3986,0.833162026331248
1.39865,0.833162026331248
1.3987,0.8328262076058512
1.39875,0.833162026331248
1.3988,0.833162026331248
1.39885,0.833162026331248
1.3989,0.8328262076058512
1.39895,0.833162026331248
1.399,0.8328262076058512
1.39905,0.8328262076058512
1.3991,0.8328262076058512
1.39915,0.8328262076058512
1.3992,0.8328262076058512
1.39925,0.8328262076058512
1.3993,0.8328262076058512
1.39935,0.8328262076058512
1.3994,0.8328262076058512
1.39945,0.8328262076058512
1.3995,0.8328262076058512
1.39955,0.8328262076058512
1.3996,0.8328262076058512
1.39965,0.8328262076058512
1.3997,0.8328262076058512
1.39975,0.8328262076058512
1.3998,0.8328262076058512
1.39985,0.833162026331248
1.3999,0.8328262076058512
1.39995,0.833162026331248
1.4,0.8328262076058512
1.40005,0.8328262076058512
1.4001,0.8328262076058512
1.40015,0.8328262076058512
1.4002,0.8328262076058512
1.40025,0.8328262076058512
1.4003,0.8328262076058512
1.40035,0.8328262076058512
1.4004,0.833162026331248
1.40045,0.8328262076058512
1.4005,0.8328262076058512
1.40055,0.833162026331248
1.4006,0.8328262076058512
1.40065,0.8328262076058512
1.4007,0.8328262076058512
1.40075,0.8328262076058512
1.4008,0.8328262076058512
1.40085,0.8328262076058512
1.4009,0.8328262076058512
1.40095,0.8328262076058512
1.401,0.8328262076058512
1.40105,0.8328262076058512
1.4011,0.8324903888804545
1.40115,0.8324903888804545
1.4012,0.8324903888804545
1.40125,0.8324903888804545
1.4013,0.8328262076058512
1.40135,0.8328262076058512
1.4014,0.8324903888804545
1.40145,0.8324903888804545
1.4015,0.8324903888804545
1.40155,0.8324903888804545
1.4016,0.8324903888804545
1.40165,0.8324903888804545
1.4017,0.8324903888804545
1.40175,0.8324903888804545
1.4018,0.8324903888804545
1.40185,0.8328262076058512
1.4019,0.8324903888804545
1.40195,0.8324903888804545
1.402,0.8324903888804545
1.40205,0.8324903888804545
1.4021,0.8324903888804545
1.40215,0.8324903888804545
1.4022,0.8324903888804545
1.40225,0.8324903888804545
1.4023,0.8324903888804545
1.40235,0.8324903888804545
1.4024,0.8328262076058512
1.40245,0.8328262076058512
1.4025,0.8328262076058512
1.40255,0.8324903888804545
1.4026,0.8324903888804545
1.40265,0.8324903888804545
1.4027,0.8324903888804545
1.40275,0.8324903888804545
1.4028,0.8324903888804545
1.40285,0.8324903888804545
1.4029,0.8324903888804545
1.40295,0.8324903888804545
1.403,0.8324903888804545
1.40305,0.8324903888804545
1.4031,0.8324903888804545
1.40315,0.8324903888804545
1.4032,0.8324903888804545
1.40325,0.8324903888804545
1.4033,0.8324903888804545
1.40335,0.8324903888804545
1.4034,0.8324903888804545
1.40345,0.8324903888804545
1.4035,0.8324903888804545
1.40355,0.8324903888804545
1.4036,0.8324903888804545
1.40365,0.8324903888804545
1.4037,0.8324903888804545
1.40375,0.8324903888804545
1.4038,0.8324903888804545
1.40385,0.8324903888804545
1.4039,0.8324903888804545
1.40395,0.8324903888804545
1.404,0.8324903888804545
1.40405,0.8324903888804545
1.4041,0.8324903888804545
1.40415,0.8324903888804545
1.4042,0.8324903888804545
1.40425,0.8324903888804545
1.4043,0.8324903888804545
1.40435,0.8324903888804545
1.4044,0.8324903888804545
1.40445,0.8324903888804545
1.4045,0.8324903888804545
1.40455,0.8324903888804545
1.4046,0.8324903888804545
1.40465,0.8324903888804545
1.4047,0.8324903888804545
1.40475,0.8324903888804545
1.4048,0.8324903888804545
1.40485,0.8324903888804545
1.4049,0.8324903888804545
1.40495,0.8324903888804545
1.405,0.8328262076058512
1.40505,0.8324903888804545
1.4051,0.8328262076058512
1.40515,0.8328262076058512
1.4052,0.8328262076058512
1.40525,0.8328262076058512
1.4053,0.8328262076058512
1.40535,0.8324903888804545
1.4054,0.8328262076058512
1.40545,0.8324903888804545
1.4055,0.8324903888804545
1.40555,0.8324903888804545
1.4056,0.8328262076058512
1.40565,0.8324903888804545
1.4057,0.8328262076058512
1.40575,0.8324903888804545
1.4058,0.8328262076058512
1.40585,0.8328262076058512
1.4059,0.8328262076058512
1.40595,0.8328262076058512
1.406,0.8328262076058512
1.40605,0.8328262076058512
1.4061,0.8328262076058512
1.40615,0.8328262076058512
1.4062,0.8328262076058512
1.40625,0.8328262076058512
1.4063,0.8328262076058512
1.40635,0.8328262076058512
1.4064,0.8328262076058512
1.40645,0.8328262076058512
1.4065,0.8328262076058512
1.40655,0.8328262076058512
1.4066,0.8328262076058512
1.40665,0.8328262076058512
1.4067,0.8328262076058512
1.40675,0.8328262076058512
1.4068,0.8328262076058512
1.40685,0.8328262076058512
1.4069,0.8328262076058512
1.40695,0.8328262076058512
1.407,0.8328262076058512
1.40705,0.8328262076058512
1.4071,0.8328262076058512
1.40715,0.8328262076058512
1.4072,0.8328262076058512
1.40725,0.833162026331248
1.4073,0.833162026331248
1.40735,0.8328262076058512
1.4074,0.8328262076058512
1.40745,0.8328262076058512
1.4075,0.8328262076058512
1.40755,0.833162026331248
1.4076,0.833162026331248
1.40765,0.8328262076058512
1.4077,0.833162026331248
1.40775,0.8328262076058512
1.4078,0.8328262076058512
1.40785,0.833162026331248
1.4079,0.833162026331248
1.40795,0.833162026331248
1.408,0.833162026331248
1.40805,0.8334978450566448
1.4081,0.833162026331248
1.40815,0.8334978450566448
1.4082,0.833162026331248
1.40825,0.8334978450566448
1.4083,0.8334978450566448
1.40835,0.833162026331248
1.4084,0.833162026331248
1.40845,0.833162026331248
1.4085,0.833162026331248
1.40855,0.833162026331248
1.4086,0.8334978450566448
1.40865,0.8334978450566448
1.4087,0.8334978450566448
1.40875,0.833162026331248
1.4088,0.833162026331248
1.40885,0.833162026331248
1.4089,0.8334978450566448
1.40895,0.8334978450566448
1.409,0.8334978450566448
1.40905,0.833162026331248
1.4091,0.8334978450566448
1.40915,0.8334978450566448
1.4092,0.8334978450566448
1.40925,0.833162026331248
1.4093,0.833162026331248
1.40935,0.833162026331248
1.4094,0.833162026331248
1.40945,0.8334978450566448
1.4095,0.8334978450566448
1.40955,0.8334978450566448
1.4096,0.8334978450566448
1.40965,0.833162026331248
1.4097,0.833162026331248
1.40975,0.833162026331248
1.4098,0.8328262076058512
1.40985,0.8328262076058512
1.4099,0.833162026331248
1.40995,0.833162026331248
1.41,0.833162026331248
1.41005,0.8328262076058512
1.4101,0.833162026331248
1.41015,0.8334978450566448
1.4102,0.8334978450566448
1.41025,0.8334978450566448
1.4103,0.833162026331248
1.41035,0.833162026331248
1.4104,0.833162026331248
1.41045,0.833162026331248
1.4105,0.8328262076058512
1.41055,0.8328262076058512
1.4106,0.8328262076058512
1.41065,0.833162026331248
1.4107,0.833162026331248
1.41075,0.833162026331248
1.4108,0.8334978450566448
1.41085,0.8334978450566448
1.4109,0.8334978450566448
1.41095,0.8334978450566448
1.411,0.833162026331248
1.41105,0.833162026331248
1.4111,0.833162026331248
1.41115,0.833162026331248
1.4112,0.833162026331248
1.41125,0.833162026331248
1.4113,0.833162026331248
1.41135,0.833162026331248
1.4114,0.8334978450566448
1.41145,0.8334978450566448
1.4115,0.8334978450566448
1.41155,0.833162026331248
1.4116,0.833162026331248
1.41165,0.8334978450566448
1.4117,0.833162026331248
1.41175,0.833162026331248
1.4118,0.833162026331248
1.41185,0.8334978450566448
1.4119,0.833162026331248
1.41195,0.8334978450566448
1.412,0.8334978450566448
1.41205,0.8338336637820416
1.4121,0.8334978450566448
1.41215,0.8334978450566448
1.4122,0.8334978450566448
1.41225,0.833162026331248
1.4123,0.8328262076058512
1.41235,0.8328262076058512
1.4124,0.8328262076058512
1.41245,0.833162026331248
1.4125,0.833162026331248
1.41255,0.833162026331248
1.4126,0.833162026331248
1.41265,0.833162026331248
1.4127,0.8334978450566448
1.41275,0.8334978450566448
1.4128,0.833162026331248
1.41285,0.833162026331248
1.4129,0.8328262076058512
1.41295,0.8328262076058512
1.413,0.8328262076058512
1.41305,0.833162026331248
1.4131,0.833162026331248
1.41315,0.833162026331248
1.4132,0.833162026331248
1.41325,0.8334978450566448
1.4133,0.833162026331248
1.41335,0.833162026331248
1.4134,0.833162026331248
1.41345,0.833162026331248
1.4135,0.833162026331248
1.41355,0.833162026331248
1.4136,0.8328262076058512
1.41365,0.8328262076058512
1.4137,0.8328262076058512
1.41375,0.8328262076058512
1.4138,0.8328262076058512
1.41385,0.8328262076058512
1.4139,0.8328262076058512
1.41395,0.833162026331248
1.414,0.833162026331248
1.41405,0.833162026331248
1.4141,0.833162026331248
1.41415,0.833162026331248
1.4142,0.8328262076058512
1.41425,0.8328262076058512
1.4143,0.8328262076058512
1.41435,0.8328262076058512
1.4144,0.8328262076058512
1.41445,0.8328262076058512
1.4145,0.8328262076058512
1.41455,0.8328262076058512
1.4146,0.833162026331248
1.41465,0.833162026331248
1.4147,0.8328262076058512
1.41475,0.833162026331248
1.4148,0.833162026331248
1.41485,0.8328262076058512
1.4149,0.833162026331248
1.41495,0.833162026331248
1.415,0.8328262076058512
1.41505,0.8328262076058512
1.4151,0.8328262076058512
1.41515,0.833162026331248
1.4152,0.8328262076058512
1.41525,0.8328262076058512
1.4153,0.8328262076058512
1.41535,0.8328262076058512
1.4154,0.8328262076058512
1.41545,0.8328262076058512
1.4155,0.8328262076058512
1.41555,0.833162026331248
1.4156,0.833162026331248
1.41565,0.8328262076058512
1.4157,0.8328262076058512
1.41575,0.833162026331248
1.4158,0.8328262076058512
1.41585,0.8328262076058512
1.4159,0.8328262076058512
1.41595,0.8328262076058512
1.416,0.833162026331248
1.41605,0.8328262076058512
1.4161,0.8328262076058512
1.41615,0.8328262076058512
1.4162,0.833162026331248
1.41625,0.8328262076058512
1.4163,0.8328262076058512
1.41635,0.8328262076058512
1.4164,0.8328262076058512
1.41645,0.8328262076058512
1.4165,0.8328262076058512
1.41655,0.8328262076058512
1.4166,0.8328262076058512
1.41665,0.8328262076058512
1.4167,0.8328262076058512
1.41675,0.8328262076058512
1.4168,0.8328262076058512
1.41685,0.8328262076058512
1.4169,0.8328262076058512
1.41695,0.833162026331248
1.417,0.833162026331248
1.41705,0.833162026331248
1.4171,0.833162026331248
1.41715,0.8328262076058512
1.4172,0.833162026331248
1.41725,0.8328262076058512
1.4173,0.8328262076058512
1.41735,0.8328262076058512
1.4174,0.8328262076058512
1.41745,0.8328262076058512
1.4175,0.8328262076058512
1.41755,0.8328262076058512
1.4176,0.833162026331248
1.41765,0.833162026331248
1.4177,0.833162026331248
1.41775,0.833162026331248
1.4178,0.8328262076058512
1.41785,0.8328262076058512
1.4179,0.8328262076058512
1.41795,0.8328262076058512
1.418,0.8328262076058512
1.41805,0.8328262076058512
1.4181,0.8328262076058512
1.41815,0.8328262076058512
1.4182,0.833162026331248
1.41825,0.833162026331248
1.4183,0.8328262076058512
1.41835,0.8328262076058512
1.4184,0.8328262076058512
1.41845,0.833162026331248
1.4185,0.8328262076058512
1.41855,0.8328262076058512
1.4186,0.8328262076058512
1.41865,0.8328262076058512
1.4187,0.8328262076058512
1.41875,0.8328262076058512
1.4188,0.8328262076058512
1.41885,0.8328262076058512
1.4189,0.8328262076058512
1.41895,0.8328262076058512
1.419,0.8328262076058512
1.41905,0.8328262076058512
1.4191,0.8328262076058512
1.41915,0.8328262076058512
1.4192,0.8328262076058512
1.41925,0.8324903888804545
1.4193,0.8328262076058512
1.41935,0.8328262076058512
1.4194,0.8328262076058512
1.41945,0.8328262076058512
1.4195,0.8328262076058512
1.41955,0.8328262076058512
1.4196,0.8328262076058512
1.41965,0.8328262076058512
1.4197,0.8328262076058512
1.41975,0.8328262076058512
1.4198,0.8328262076058512
1.41985,0.8328262076058512
1.4199,0.8328262076058512
1.41995,0.8328262076058512
1.42,0.8328262076058512
1.42005,0.8328262076058512
1.4201,0.8328262076058512
1.42015,0.8328262076058512
1.4202,0.8328262076058512
1.42025,0.8328262076058512
1.4203,0.8328262076058512
1.42035,0.8328262076058512
1.4204,0.8328262076058512
1.42045,0.8328262076058512
1.4205,0.8328262076058512
1.42055,0.8328262076058512
1.4206,0.8328262076058512
1.42065,0.8328262076058512
1.4207,0.8328262076058512
1.42075,0.8328262076058512
1.4208,0.8328262076058512
1.42085,0.8328262076058512
1.4209,0.8324903888804545
1.42095,0.8324903888804545
1.421,0.8324903888804545
1.42105,0.8324903888804545
1.4211,0.8324903888804545
1.42115,0.8324903888804545
1.4212,0.8324903888804545
1.42125,0.8324903888804545
1.4213,0.8324903888804545
1.42135,0.8324903888804545
1.4214,0.8324903888804545
1.42145,0.8324903888804545
1.4215,0.8328262076058512
1.42155,0.8328262076058512
1.4216,0.8324903888804545
1.42165,0.8324903888804545
1.4217,0.8324903888804545
1.42175,0.8324903888804545
1.4218,0.8324903888804545
1.42185,0.8324903888804545
1.4219,0.8324903888804545
1.42195,0.8324903888804545
1.422,0.8324903888804545
1.42205,0.8324903888804545
1.4221,0.8324903888804545
1.42215,0.8324903888804545
1.4222,0.8324903888804545
1.42225,0.8324903888804545
1.4223,0.8324903888804545
1.42235,0.8324903888804545
1.4224,0.8324903888804545
1.42245,0.8328262076058512
1.4225,0.8324903888804545
1.42255,0.8324903888804545
1.4226,0.8324903888804545
1.42265,0.8324903888804545
1.4227,0.8324903888804545
1.42275,0.8324903888804545
1.4228,0.8324903888804545
1.42285,0.8324903888804545
1.4229,0.8324903888804545
1.42295,0.8328262076058512
1.423,0.8328262076058512
1.42305,0.8324903888804545
1.4231,0.8324903888804545
1.42315,0.8328262076058512
1.4232,0.8324903888804545
1.42325,0.8328262076058512
1.4233,0.8324903888804545
1.42335,0.8324903888804545
1.4234,0.8324903888804545
1.42345,0.8324903888804545
1.4235,0.8328262076058512
1.42355,0.8324903888804545
1.4236,0.8324903888804545
1.42365,0.8324903888804545
1.4237,0.8324903888804545
1.42375,0.8324903888804545
1.4238,0.8324903888804545
1.42385,0.8324903888804545
1.4239,0.8324903888804545
1.42395,0.8324903888804545
1.424,0.8324903888804545
1.42405,0.8324903888804545
1.4241,0.8324903888804545
1.42415,0.8324903888804545
1.4242,0.8324903888804545
1.42425,0.8324903888804545
1.4243,0.8324903888804545
1.42435,0.8324903888804545
1.4244,0.8324903888804545
1.42445,0.8324903888804545
1.4245,0.8324903888804545
1.42455,0.8324903888804545
1.4246,0.8324903888804545
1.42465,0.8324903888804545
1.4247,0.8324903888804545
1.42475,0.8324903888804545
1.4248,0.8324903888804545
1.42485,0.8324903888804545
1.4249,0.8324903888804545
1.42495,0.8324903888804545
1.425,0.8324903888804545
1.42505,0.8324903888804545
1.4251,0.8324903888804545
1.42515,0.8324903888804545
1.4252,0.8328262076058512
1.42525,0.8328262076058512
1.4253,0.8328262076058512
1.42535,0.8328262076058512
1.4254,0.8328262076058512
1.42545,0.8328262076058512
1.4255,0.8324903888804545
1.42555,0.8324903888804545
1.4256,0.8324903888804545
1.42565,0.8324903888804545
1.4257,0.8324903888804545
1.42575,0.8324903888804545
1.4258,0.8328262076058512
1.42585,0.8328262076058512
1.4259,0.8324903888804545
1.42595,0.8328262076058512
1.426,0.8328262076058512
1.42605,0.8328262076058512
1.4261,0.8328262076058512
1.42615,0.8328262076058512
1.4262,0.8328262076058512
1.42625,0.8328262076058512
1.4263,0.8328262076058512
1.42635,0.8328262076058512
1.4264,0.8328262076058512
1.42645,0.8328262076058512
1.4265,0.8328262076058512
1.42655,0.8328262076058512
1.4266,0.8328262076058512
1.42665,0.8328262076058512
1.4267,0.8328262076058512
1.42675,0.8328262076058512
1.4268,0.8328262076058512
1.42685,0.8328262076058512
1.4269,0.8328262076058512
1.42695,0.8328262076058512
1.427,0.8328262076058512
1.42705,0.8328262076058512
1.4271,0.8328262076058512
1.42715,0.8328262076058512
1.4272,0.8328262076058512
1.42725,0.8328262076058512
1.4273,0.8328262076058512
1.42735,0.8328262076058512
1.4274,0.8328262076058512
1.42745,0.8328262076058512
1.4275,0.8328262076058512
1.42755,0.8328262076058512
1.4276,0.8328262076058512
1.42765,0.833162026331248
1.4277,0.833162026331248
1.42775,0.833162026331248
1.4278,0.833162026331248
1.42785,0.833162026331248
1.4279,0.833162026331248
1.42795,0.833162026331248
1.428,0.833162026331248
1.42805,0.833162026331248
1.4281,0.833162026331248
1.42815,0.833162026331248
1.4282,0.833162026331248
1.42825,0.833162026331248
1.4283,0.833162026331248
1.42835,0.833162026331248
1.4284,0.833162026331248
1.42845,0.833162026331248
1.4285,0.833162026331248
1.42855,0.833162026331248
1.4286,0.833162026331248
1.42865,0.833162026331248
1.4287,0.833162026331248
1.42875,0.833162026331248
1.4288,0.833162026331248
1.42885,0.8334978450566448
1.4289,0.833162026331248
1.42895,0.833162026331248
1.429,0.833162026331248
1.42905,0.833162026331248
1.4291,0.833162026331248
1.42915,0.833162026331248
1.4292,0.833162026331248
1.42925,0.833162026331248
1.4293,0.833162026331248
1.42935,0.833162026331248
1.4294,0.833162026331248
1.42945,0.833162026331248
1.4295,0.833162026331248
1.42955,0.833162026331248
1.4296,0.833162026331248
1.42965,0.833162026331248
1.4297,0.833162026331248
1.42975,0.833162026331248
1.4298,0.833162026331248
1.42985,0.833162026331248
1.4299,0.833162026331248
1.42995,0.833162026331248
1.43,0.833162026331248
1.43005,0.833162026331248
1.4301,0.833162026331248
1.43015,0.833162026331248
1.4302,0.833162026331248
1.43025,0.833162026331248
1.4303,0.833162026331248
1.43035,0.8328262076058512
1.4304,0.833162026331248
1.43045,0.833162026331248
1.4305,0.833162026331248
1.43055,0.833162026331248
1.4306,0.833162026331248
1.43065,0.833162026331248
1.4307,0.833162026331248
1.43075,0.833162026331248
1.4308,0.833162026331248
1.43085,0.833162026331248
1.4309,0.8334978450566448
1.43095,0.833162026331248
1.431,0.833162026331248
1.43105,0.833162026331248
1.4311,0.8334978450566448
1.43115,0.833162026331248
1.4312,0.833162026331248
1.43125,0.833162026331248
1.4313,0.8334978450566448
1.43135,0.8334978450566448
1.4314,0.8334978450566448
1.43145,0.8334978450566448
1.4315,0.8334978450566448
1.43155,0.8334978450566448
1.4316,0.8334978450566448
1.43165,0.8334978450566448
1.4317,0.8334978450566448
1.43175,0.8334978450566448
1.4318,0.8334978450566448
1.43185,0.8334978450566448
1.4319,0.833162026331248
1.43195,0.8334978450566448
1.432,0.833162026331248
1.43205,0.8334978450566448
1.4321,0.833162026331248
1.43215,0.833162026331248
1.4322,0.833162026331248
1.43225,0.833162026331248
1.4323,0.833162026331248
1.43235,0.833162026331248
1.4324,0.8328262076058512
1.43245,0.8328262076058512
1.4325,0.8328262076058512
1.43255,0.8328262076058512
1.4326,0.8328262076058512
1.43265,0.8328262076058512
1.4327,0.8328262076058512
1.43275,0.8328262076058512
1.4328,0.833162026331248
1.43285,0.833162026331248
1.4329,0.8328262076058512
1.43295,0.833162026331248
1.433,0.8328262076058512
1.43305,0.8328262076058512
1.4331,0.8328262076058512
1.43315,0.833162026331248
1.4332,0.833162026331248
1.43325,0.833162026331248
1.4333,0.833162026331248
1.43335,0.8328262076058512
1.4334,0.8328262076058512
1.43345,0.833162026331248
1.4335,0.8328262076058512
1.43355,0.8328262076058512
1.4336,0.8328262076058512
1.43365,0.8328262076058512
1.4337,0.833162026331248
1.43375,0.833162026331248
1.4338,0.833162026331248
1.43385,0.8328262076058512
1.4339,0.8328262076058512
1.43395,0.833162026331248
1.434,0.8328262076058512
1.43405,0.8328262076058512
1.4341,0.8328262076058512
1.43415,0.8328262076058512
1.4342,0.8328262076058512
1.43425,0.8328262076058512
1.4343,0.8328262076058512
1.43435,0.8328262076058512
1.4344,0.833162026331248
1.43445,0.8328262076058512
1.4345,0.8328262076058512
1.43455,0.8328262076058512
1.4346,0.8328262076058512
1.43465,0.8328262076058512
1.4347,0.8328262076058512
1.43475,0.8328262076058512
1.4348,0.833162026331248
1.43485,0.8328262076058512
1.4349,0.833162026331248
1.43495,0.8328262076058512
1.435,0.833162026331248
1.43505,0.833162026331248
1.4351,0.833162026331248
1.43515,0.8328262076058512
1.4352,0.8328262076058512
1.43525,0.8328262076058512
1.4353,0.8328262076058512
1.43535,0.833162026331248
1.4354,0.833162026331248
1.43545,0.8328262076058512
1.4355,0.8328262076058512
1.43555,0.8328262076058512
1.4356,0.8328262076058512
1.43565,0.833162026331248
1.4357,0.833162026331248
1.43575,0.8328262076058512
1.4358,0.8328262076058512
1.43585,0.8328262076058512
1.4359,0.8328262076058512
1.43595,0.8328262076058512
1.436,0.8328262076058512
1.43605,0.8328262076058512
1.4361,0.8328262076058512
1.43615,0.833162026331248
1.4362,0.833162026331248
1.43625,0.8328262076058512
1.4363,0.8328262076058512
1.43635,0.833162026331248
1.4364,0.8328262076058512
1.43645,0.8328262076058512
1.4365,0.8328262076058512
1.43655,0.8328262076058512
1.4366,0.8328262076058512
1.43665,0.8328262076058512
1.4367,0.8328262076058512
1.43675,0.8328262076058512
1.4368,0.8328262076058512
1.43685,0.8328262076058512
1.4369,0.8328262076058512
1.43695,0.8328262076058512
1.437,0.8328262076058512
1.43705,0.8328262076058512
1.4371,0.8328262076058512
1.43715,0.8328262076058512
1.4372,0.8328262076058512
1.43725,0.8328262076058512
1.4373,0.8328262076058512
1.43735,0.8328262076058512
1.4374,0.8328262076058512
1.43745,0.8328262076058512
1.4375,0.8328262076058512
1.43755,0.8328262076058512
1.4376,0.8328262076058512
1.43765,0.8328262076058512
1.4377,0.8328262076058512
1.43775,0.8328262076058512
1.4378,0.8328262076058512
1.43785,0.8328262076058512
1.4379,0.8328262076058512
1.43795,0.8328262076058512
1.438,0.8328262076058512
1.43805,0.8328262076058512
1.4381,0.8328262076058512
1.43815,0.8328262076058512
1.4382,0.8328262076058512
1.43825,0.8328262076058512
1.4383,0.8328262076058512
1.43835,0.8328262076058512
1.4384,0.8328262076058512
1.43845,0.8328262076058512
1.4385,0.8328262076058512
1.43855,0.8328262076058512
1.4386,0.8328262076058512
1.43865,0.8328262076058512
1.4387,0.8328262076058512
1.43875,0.8328262076058512
1.4388,0.8328262076058512
1.43885,0.8328262076058512
1.4389,0.8328262076058512
1.43895,0.8328262076058512
1.439,0.8328262076058512
1.43905,0.8328262076058512
1.4391,0.8328262076058512
1.43915,0.8328262076058512
1.4392,0.8328262076058512
1.43925,0.8328262076058512
1.4393,0.8328262076058512
1.43935,0.8328262076058512
1.4394,0.8328262076058512
1.43945,0.8328262076058512
1.4395,0.8328262076058512
1.43955,0.8328262076058512
1.4396,0.8328262076058512
1.43965,0.8328262076058512
1.4397,0.8328262076058512
1.43975,0.8328262076058512
1.4398,0.8324903888804545
1.43985,0.8328262076058512
1.4399,0.8328262076058512
1.43995,0.8328262076058512
1.44,0.8328262076058512
1.44005,0.8328262076058512
1.4401,0.8328262076058512
1.44015,0.8328262076058512
1.4402,0.8328262076058512
1.44025,0.8328262076058512
1.4403,0.833162026331248
1.44035,0.8328262076058512
1.4404,0.8328262076058512
1.44045,0.8328262076058512
1.4405,0.833162026331248
1.44055,0.8328262076058512
1.4406,0.8328262076058512
1.44065,0.8328262076058512
1.4407,0.8328262076058512
1.44075,0.8328262076058512
1.4408,0.8328262076058512
1.44085,0.8328262076058512
1.4409,0.8328262076058512
1.44095,0.8328262076058512
1.441,0.8324903888804545
1.44105,0.8324903888804545
1.4411,0.8324903888804545
1.44115,0.8324903888804545
1.4412,0.8324903888804545
1.44125,0.8324903888804545
1.4413,0.8324903888804545
1.44135,0.8324903888804545
1.4414,0.8324903888804545
1.44145,0.8324903888804545
1.4415,0.8324903888804545
1.44155,0.8324903888804545
1.4416,0.8324903888804545
1.44165,0.8324903888804545
1.4417,0.8324903888804545
1.44175,0.8324903888804545
1.4418,0.8324903888804545
1.44185,0.8324903888804545
1.4419,0.8324903888804545
1.44195,0.8324903888804545
1.442,0.8324903888804545
1.44205,0.8324903888804545
1.4421,0.8324903888804545
1.44215,0.8324903888804545
1.4422,0.8324903888804545
1.44225,0.8324903888804545
1.4423,0.8324903888804545
1.44235,0.8324903888804545
1.4424,0.8324903888804545
1.44245,0.8328262076058512
1.4425,0.8328262076058512
1.44255,0.8328262076058512
1.4426,0.8324903888804545
1.44265,0.8324903888804545
1.4427,0.8324903888804545
1.44275,0.8324903888804545
1.4428,0.8324903888804545
1.44285,0.8324903888804545
1.4429,0.8324903888804545
1.44295,0.8324903888804545
1.443,0.8324903888804545
1.44305,0.8324903888804545
1.4431,0.8324903888804545
1.44315,0.8324903888804545
1.4432,0.8324903888804545
1.44325,0.8324903888804545
1.4433,0.8324903888804545
1.44335,0.8324903888804545
1.4434,0.8324903888804545
1.44345,0.8324903888804545
1.4435,0.8324903888804545
1.44355,0.8324903888804545
1.4436,0.8328262076058512
1.44365,0.8328262076058512
1.4437,0.8324903888804545
1.44375,0.8328262076058512
1.4438,0.8324903888804545
1.44385,0.8324903888804545
1.4439,0.8324903888804545
1.44395,0.8324903888804545
1.444,0.8324903888804545
1.44405,0.8324903888804545
1.4441,0.8324903888804545
1.44415,0.8324903888804545
1.4442,0.8324903888804545
1.44425,0.8324903888804545
1.4443,0.8324903888804545
1.44435,0.8324903888804545
1.4444,0.8324903888804545
1.44445,0.8324903888804545
1.4445,0.8324903888804545
1.44455,0.8324903888804545
1.4446,0.8324903888804545
1.44465,0.8324903888804545
1.4447,0.8324903888804545
1.44475,0.8324903888804545
1.4448,0.8324903888804545
1.44485,0.8324903888804545
1.4449,0.8324903888804545
1.44495,0.8324903888804545
1.445,0.8324903888804545
1.44505,0.8324903888804545
1.4451,0.8324903888804545
1.44515,0.8324903888804545
1.4452,0.8324903888804545
1.44525,0.8324903888804545
1.4453,0.8328262076058512
1.44535,0.8324903888804545
1.4454,0.8324903888804545
1.44545,0.8328262076058512
1.4455,0.8324903888804545
1.44555,0.8324903888804545
1.4456,0.8324903888804545
1.44565,0.8324903888804545
1.4457,0.8328262076058512
1.44575,0.8324903888804545
1.4458,0.8328262076058512
1.44585,0.8328262076058512
1.4459,0.8328262076058512
1.44595,0.8328262076058512
1.446,0.8328262076058512
1.44605,0.8328262076058512
1.4461,0.8328262076058512
1.44615,0.8328262076058512
1.4462,0.8328262076058512
1.44625,0.8324903888804545
1.4463,0.8328262076058512
1.44635,0.8328262076058512
1.4464,0.8328262076058512
1.44645,0.8328262076058512
1.4465,0.8328262076058512
1.44655,0.8328262076058512
1.4466,0.8328262076058512
1.44665,0.8324903888804545
1.4467,0.8328262076058512
1.44675,0.8328262076058512
1.4468,0.8328262076058512
1.44685,0.8328262076058512
1.4469,0.8328262076058512
1.44695,0.8328262076058512
1.447,0.8328262076058512
1.44705,0.8328262076058512
1.4471,0.8324903888804545
1.44715,0.8328262076058512
1.4472,0.8328262076058512
1.44725,0.8328262076058512
1.4473,0.8328262076058512
1.44735,0.8328262076058512
1.4474,0.8328262076058512
1.44745,0.8328262076058512
1.4475,0.8328262076058512
1.44755,0.8328262076058512
1.4476,0.833162026331248
1.44765,0.833162026331248
1.4477,0.833162026331248
1.44775,0.833162026331248
1.4478,0.833162026331248
1.44785,0.833162026331248
1.4479,0.833162026331248
1.44795,0.833162026331248
1.448,0.833162026331248
1.44805,0.833162026331248
1.4481,0.833162026331248
1.44815,0.833162026331248
1.4482,0.833162026331248
1.44825,0.833162026331248
1.4483,0.833162026331248
1.44835,0.833162026331248
1.4484,0.833162026331248
1.44845,0.833162026331248
1.4485,0.833162026331248
1.44855,0.833162026331248
1.4486,0.833162026331248
1.44865,0.833162026331248
1.4487,0.8334978450566448
1.44875,0.833162026331248
1.4488,0.8334978450566448
1.44885,0.833162026331248
1.4489,0.833162026331248
1.44895,0.8334978450566448
1.449,0.833162026331248
1.44905,0.833162026331248
1.4491,0.833162026331248
1.44915,0.833162026331248
1.4492,0.833162026331248
1.44925,0.833162026331248
1.4493,0.833162026331248
1.44935,0.833162026331248
1.4494,0.833162026331248
1.44945,0.833162026331248
1.4495,0.8334978450566448
1.44955,0.8334978450566448
1.4496,0.8334978450566448
1.44965,0.8334978450566448
1.4497,0.8334978450566448
1.44975,0.833162026331248
1.4498,0.833162026331248
1.44985,0.8334978450566448
1.4499,0.833162026331248
1.44995,0.833162026331248
1.45,0.833162026331248
1.45005,0.833162026331248
1.4501,0.833162026331248
1.45015,0.833162026331248
1.4502,0.833162026331248
1.45025,0.833162026331248
1.4503,0.833162026331248
1.45035,0.833162026331248
1.4504,0.833162026331248
1.45045,0.833162026331248
1.4505,0.833162026331248
1.45055,0.833162026331248
1.4506,0.833162026331248
1.45065,0.833162026331248
1.4507,0.833162026331248
1.45075,0.833162026331248
1.4508,0.833162026331248
1.45085,0.8334978450566448
1.4509,0.833162026331248
1.45095,0.833162026331248
1.451,0.833162026331248
1.45105,0.833162026331248
1.4511,0.833162026331248
1.45115,0.833162026331248
1.4512,0.833162026331248
1.45125,0.833162026331248
1.4513,0.833162026331248
1.45135,0.833162026331248
1.4514,0.833162026331248
1.45145,0.8334978450566448
1.4515,0.833162026331248
1.45155,0.833162026331248
1.4516,0.833162026331248
1.45165,0.8334978450566448
1.4517,0.833162026331248
1.45175,0.833162026331248
1.4518,0.833162026331248
1.45185,0.833162026331248
1.4519,0.833162026331248
1.45195,0.833162026331248
1.452,0.833162026331248
1.45205,0.833162026331248
1.4521,0.833162026331248
1.45215,0.833162026331248
1.4522,0.833162026331248
1.45225,0.8328262076058512
1.4523,0.833162026331248
1.45235,0.833162026331248
1.4524,0.833162026331248
1.45245,0.833162026331248
1.4525,0.833162026331248
1.45255,0.833162026331248
1.4526,0.833162026331248
1.45265,0.8328262076058512
1.4527,0.833162026331248
1.45275,0.8328262076058512
1.4528,0.8328262076058512
1.45285,0.8328262076058512
1.4529,0.833162026331248
1.45295,0.8328262076058512
1.453,0.8328262076058512
1.45305,0.8328262076058512
1.4531,0.833162026331248
1.45315,0.833162026331248
1.4532,0.833162026331248
1.45325,0.833162026331248
1.4533,0.8328262076058512
1.45335,0.8328262076058512
1.4534,0.8328262076058512
1.45345,0.8328262076058512
1.4535,0.8328262076058512
1.45355,0.8328262076058512
1.4536,0.8328262076058512
1.45365,0.8328262076058512
1.4537,0.833162026331248
1.45375,0.833162026331248
1.4538,0.833162026331248
1.45385,0.8328262076058512
1.4539,0.833162026331248
1.45395,0.833162026331248
1.454,0.833162026331248
1.45405,0.833162026331248
1.4541,0.8328262076058512
1.45415,0.8328262076058512
1.4542,0.8328262076058512
1.45425,0.8328262076058512
1.4543,0.8328262076058512
1.45435,0.8328262076058512
1.4544,0.833162026331248
1.45445,0.8328262076058512
1.4545,0.8328262076058512
1.45455,0.8328262076058512
1.4546,0.8328262076058512
1.45465,0.8328262076058512
1.4547,0.8328262076058512
1.45475,0.8328262076058512
1.4548,0.8328262076058512
1.45485,0.8328262076058512
1.4549,0.8328262076058512
1.45495,0.8328262076058512
1.455,0.8328262076058512
1.45505,0.8328262076058512
1.4551,0.8328262076058512
1.45515,0.8328262076058512
1.4552,0.8328262076058512
1.45525,0.8328262076058512
1.4553,0.8328262076058512
1.45535,0.8328262076058512
1.4554,0.8328262076058512
1.45545,0.8328262076058512
1.4555,0.8328262076058512
1.45555,0.8328262076058512
1.4556,0.8328262076058512
1.45565,0.8328262076058512
1.4557,0.8328262076058512
1.45575,0.8328262076058512
1.4558,0.8328262076058512
1.45585,0.8328262076058512
1.4559,0.8328262076058512
1.45595,0.8328262076058512
1.456,0.8328262076058512
1.45605,0.833162026331248
1.4561,0.8328262076058512
1.45615,0.8328262076058512
1.4562,0.8328262076058512
1.45625,0.8328262076058512
1.4563,0.8328262076058512
1.45635,0.833162026331248
1.4564,0.8328262076058512
1.45645,0.8328262076058512
1.4565,0.8328262076058512
1.45655,0.8328262076058512
1.4566,0.8328262076058512
1.45665,0.8328262076058512
1.4567,0.8328262076058512
1.45675,0.8328262076058512
1.4568,0.833162026331248
1.45685,0.833162026331248
1.4569,0.8328262076058512
1.45695,0.8328262076058512
1.457,0.8328262076058512
1.45705,0.8328262076058512
1.4571,0.8328262076058512
1.45715,0.8328262076058512
1.4572,0.8328262076058512
1.45725,0.8328262076058512
1.4573,0.8328262076058512
1.45735,0.8328262076058512
1.4574,0.8328262076058512
1.45745,0.833162026331248
1.4575,0.8328262076058512
1.45755,0.8328262076058512
1.4576,0.8328262076058512
1.45765,0.8328262076058512
1.4577,0.8328262076058512
1.45775,0.8328262076058512
1.4578,0.8328262076058512
1.45785,0.8328262076058512
1.4579,0.8328262076058512
1.45795,0.8328262076058512
1.458,0.8328262076058512
1.45805,0.8328262076058512
1.4581,0.8328262076058512
1.45815,0.8328262076058512
1.4582,0.8328262076058512
1.45825,0.8328262076058512
1.4583,0.8328262076058512
1.45835,0.8328262076058512
1.4584,0.8328262076058512
1.45845,0.8328262076058512
1.4585,0.8328262076058512
1.45855,0.8328262076058512
1.4586,0.8328262076058512
1.45865,0.8328262076058512
1.4587,0.8328262076058512
1.45875,0.8328262076058512
1.4588,0.8328262076058512
1.45885,0.8328262076058512
1.4589,0.8328262076058512
1.45895,0.8328262076058512
1.459,0.8328262076058512
1.45905,0.8328262076058512
1.4591,0.8328262076058512
1.45915,0.8328262076058512
1.4592,0.8328262076058512
1.45925,0.833162026331248
1.4593,0.833162026331248
1.45935,0.8328262076058512
1.4594,0.8328262076058512
1.45945,0.8328262076058512
1.4595,0.8328262076058512
1.45955,0.833162026331248
1.4596,0.8328262076058512
1.45965,0.8328262076058512
1.4597,0.8328262076058512
1.45975,0.8328262076058512
1.4598,0.8328262076058512
1.45985,0.8328262076058512
1.4599,0.8328262076058512
1.45995,0.8328262076058512
1.46,0.8328262076058512
1.46005,0.8328262076058512
1.4601,0.8328262076058512
1.46015,0.8328262076058512
1.4602,0.833162026331248
1.46025,0.833162026331248
1.4603,0.8328262076058512
1.46035,0.8328262076058512
1.4604,0.8328262076058512
1.46045,0.8328262076058512
1.4605,0.8328262076058512
1.46055,0.8328262076058512
1.4606,0.8328262076058512
1.46065,0.8328262076058512
1.4607,0.8328262076058512
1.46075,0.8328262076058512
1.4608,0.8328262076058512
1.46085,0.8324903888804545
1.4609,0.8324903888804545
1.46095,0.8324903888804545
1.461,0.8324903888804545
1.46105,0.8324903888804545
1.4611,0.8324903888804545
1.46115,0.8324903888804545
1.4612,0.8324903888804545
1.46125,0.8328262076058512
1.4613,0.8324903888804545
1.46135,0.8324903888804545
1.4614,0.8324903888804545
1.46145,0.8324903888804545
1.4615,0.8324903888804545
1.46155,0.8324903888804545
1.4616,0.8324903888804545
1.46165,0.8324903888804545
1.4617,0.8324903888804545
1.46175,0.8324903888804545
1.4618,0.8324903888804545
1.46185,0.8324903888804545
1.4619,0.8324903888804545
1.46195,0.8324903888804545
1.462,0.8324903888804545
1.46205,0.8324903888804545
1.4621,0.8324903888804545
1.46215,0.8324903888804545
1.4622,0.8324903888804545
1.46225,0.8324903888804545
1.4623,0.8324903888804545
1.46235,0.8324903888804545
1.4624,0.8328262076058512
1.46245,0.8328262076058512
1.4625,0.8324903888804545
1.46255,0.8324903888804545
1.4626,0.8324903888804545
1.46265,0.8324903888804545
1.4627,0.8324903888804545
1.46275,0.8324903888804545
1.4628,0.8324903888804545
1.46285,0.8324903888804545
1.4629,0.8324903888804545
1.46295,0.8324903888804545
1.463,0.8324903888804545
1.46305,0.8324903888804545
1.4631,0.8324903888804545
1.46315,0.8324903888804545
1.4632,0.8324903888804545
1.46325,0.8324903888804545
1.4633,0.8324903888804545
1.46335,0.8324903888804545
1.4634,0.8324903888804545
1.46345,0.8324903888804545
1.4635,0.8324903888804545
1.46355,0.8324903888804545
1.4636,0.8324903888804545
1.46365,0.8328262076058512
1.4637,0.8324903888804545
1.46375,0.8324903888804545
1.4638,0.8324903888804545
1.46385,0.8321545701550577
1.4639,0.8324903888804545
1.46395,0.8321545701550577
1.464,0.8324903888804545
1.46405,0.8324903888804545
1.4641,0.8324903888804545
1.46415,0.8324903888804545
1.4642,0.8324903888804545
1.46425,0.8324903888804545
1.4643,0.8321545701550577
1.46435,0.8324903888804545
1.4644,0.8324903888804545
1.46445,0.8324903888804545
1.4645,0.8324903888804545
1.46455,0.8324903888804545
1.4646,0.8324903888804545
1.46465,0.8324903888804545
1.4647,0.8324903888804545
1.46475,0.8324903888804545
1.4648,0.8324903888804545
1.46485,0.8324903888804545
1.4649,0.8324903888804545
1.46495,0.8324903888804545
1.465,0.8324903888804545
1.46505,0.8324903888804545
1.4651,0.8324903888804545
1.46515,0.8324903888804545
1.4652,0.8324903888804545
1.46525,0.8324903888804545
1.4653,0.8324903888804545
1.46535,0.8328262076058512
1.4654,0.8324903888804545
1.46545,0.8324903888804545
1.4655,0.8328262076058512
1.46555,0.8324903888804545
1.4656,0.8324903888804545
1.46565,0.8328262076058512
1.4657,0.8324903888804545
1.46575,0.8328262076058512
1.4658,0.8324903888804545
1.46585,0.8324903888804545
1.4659,0.8328262076058512
1.46595,0.8328262076058512
1.466,0.8328262076058512
1.46605,0.8328262076058512
1.4661,0.8328262076058512
1.46615,0.8328262076058512
1.4662,0.8328262076058512
1.46625,0.8328262076058512
1.4663,0.8328262076058512
1.46635,0.8328262076058512
1.4664,0.8328262076058512
1.46645,0.8328262076058512
1.4665,0.8328262076058512
1.46655,0.8328262076058512
1.4666,0.8328262076058512
1.46665,0.8328262076058512
1.4667,0.8328262076058512
1.46675,0.8328262076058512
1.4668,0.8328262076058512
1.46685,0.8328262076058512
1.4669,0.8328262076058512
1.46695,0.8328262076058512
1.467,0.8328262076058512
1.46705,0.8328262076058512
1.4671,0.8324903888804545
1.46715,0.8324903888804545
1.4672,0.8328262076058512
1.46725,0.8328262076058512
1.4673,0.8328262076058512
1.46735,0.8328262076058512
1.4674,0.8324903888804545
1.46745,0.8328262076058512
1.4675,0.8328262076058512
1.46755,0.8328262076058512
1.4676,0.8328262076058512
1.46765,0.8328262076058512
1.4677,0.8328262076058512
1.46775,0.833162026331248
1.4678,0.833162026331248
1.46785,0.833162026331248
1.4679,0.833162026331248
1.46795,0.833162026331248
1.468,0.833162026331248
1.46805,0.833162026331248
1.4681,0.833162026331248
1.46815,0.833162026331248
1.4682,0.833162026331248
1.46825,0.833162026331248
1.4683,0.833162026331248
1.46835,0.833162026331248
1.4684,0.833162026331248
1.46845,0.833162026331248
1.4685,0.833162026331248
1.46855,0.833162026331248
1.4686,0.833162026331248
1.46865,0.833162026331248
1.4687,0.833162026331248
1.46875,0.833162026331248
1.4688,0.833162026331248
1.46885,0.8334978450566448
1.4689,0.833162026331248
1.46895,0.833162026331248
1.469,0.833162026331248
1.46905,0.833162026331248
1.4691,0.833162026331248
1.46915,0.833162026331248
1.4692,0.8334978450566448
1.46925,0.8334978450566448
1.4693,0.833162026331248
1.46935,0.833162026331248
1.4694,0.833162026331248
1.46945,0.833162026331248
1.4695,0.833162026331248
1.46955,0.8334978450566448
1.4696,0.833162026331248
1.46965,0.833162026331248
1.4697,0.833162026331248
1.46975,0.833162026331248
1.4698,0.833162026331248
1.46985,0.833162026331248
1.4699,0.833162026331248
1.46995,0.833162026331248
1.47,0.833162026331248
1.47005,0.833162026331248
1.4701,0.833162026331248
1.47015,0.833162026331248
1.4702,0.833162026331248
1.47025,0.833162026331248
1.4703,0.833162026331248
1.47035,0.8328262076058512
1.4704,0.8328262076058512
1.47045,0.8328262076058512
1.4705,0.833162026331248
1.47055,0.833162026331248
1.4706,0.833162026331248
1.47065,0.833162026331248
1.4707,0.8334978450566448
1.47075,0.833162026331248
1.4708,0.833162026331248
1.47085,0.8334978450566448
1.4709,0.8334978450566448
1.47095,0.833162026331248
1.471,0.833162026331248
1.47105,0.833162026331248
1.4711,0.8334978450566448
1.47115,0.8334978450566448
1.4712,0.8334978450566448
1.47125,0.8334978450566448
1.4713,0.833162026331248
1.47135,0.8334978450566448
1.4714,0.8334978450566448
1.47145,0.833162026331248
1.4715,0.8334978450566448
1.47155,0.8334978450566448
1.4716,0.8334978450566448
1.47165,0.8334978450566448
1.4717,0.8334978450566448
1.47175,0.8334978450566448
1.4718,0.8334978450566448
1.47185,0.833162026331248
1.4719,0.8334978450566448
1.47195,0.833162026331248
1.472,0.833162026331248
1.47205,0.8334978450566448
1.4721,0.8334978450566448
1.47215,0.8334978450566448
1.4722,0.833162026331248
1.47225,0.833162026331248
1.4723,0.8328262076058512
1.47235,0.833162026331248
1.4724,0.833162026331248
1.47245,0.8328262076058512
1.4725,0.833162026331248
1.47255,0.8328262076058512
1.4726,0.833162026331248
1.47265,0.8328262076058512
1.4727,0.8328262076058512
1.47275,0.8328262076058512
1.4728,0.8328262076058512
1.47285,0.8328262076058512
1.4729,0.8328262076058512
1.47295,0.8328262076058512
1.473,0.8328262076058512
1.47305,0.8328262076058512
1.4731,0.8328262076058512
1.47315,0.8328262076058512
1.4732,0.8328262076058512
1.47325,0.833162026331248
1.4733,0.833162026331248
1.47335,0.8328262076058512
1.4734,0.833162026331248
1.47345,0.8328262076058512
1.4735,0.833162026331248
1.47355,0.8328262076058512
1.4736,0.8328262076058512
1.47365,0.8328262076058512
1.4737,0.8328262076058512
1.47375,0.8328262076058512
1.4738,0.833162026331248
1.47385,0.833162026331248
1.4739,0.8328262076058512
1.47395,0.833162026331248
1.474,0.833162026331248
1.47405,0.8328262076058512
1.4741,0.833162026331248
1.47415,0.833162026331248
1.4742,0.8328262076058512
1.47425,0.8328262076058512
1.4743,0.8328262076058512
1.47435,0.8328262076058512
1.4744,0.8328262076058512
1.47445,0.8328262076058512
1.4745,0.8328262076058512
1.47455,0.8328262076058512
1.4746,0.8328262076058512
1.47465,0.8328262076058512
1.4747,0.8328262076058512
1.47475,0.833162026331248
1.4748,0.833162026331248
1.47485,0.833162026331248
1.4749,0.833162026331248
1.47495,0.8328262076058512
1.475,0.8328262076058512
1.47505,0.8328262076058512
1.4751,0.8328262076058512
1.47515,0.8328262076058512
1.4752,0.8328262076058512
1.47525,0.8328262076058512
1.4753,0.8328262076058512
1.47535,0.8328262076058512
1.4754,0.8328262076058512
1.47545,0.8328262076058512
1.4755,0.8328262076058512
1.47555,0.8328262076058512
1.4756,0.8328262076058512
1.47565,0.8328262076058512
1.4757,0.8328262076058512
1.47575,0.8328262076058512
1.4758,0.8328262076058512
1.47585,0.833162026331248
1.4759,0.833162026331248
1.47595,0.833162026331248
1.476,0.833162026331248
1.47605,0.8328262076058512
1.4761,0.8328262076058512
1.47615,0.8328262076058512
1.4762,0.8328262076058512
1.47625,0.8328262076058512
1.4763,0.8328262076058512
1.47635,0.8328262076058512
1.4764,0.8328262076058512
1.47645,0.8328262076058512
1.4765,0.8328262076058512
1.47655,0.833162026331248
1.4766,0.833162026331248
1.47665,0.833162026331248
1.4767,0.833162026331248
1.47675,0.8328262076058512
1.4768,0.8328262076058512
1.47685,0.8328262076058512
1.4769,0.8328262076058512
1.47695,0.833162026331248
1.477,0.833162026331248
1.47705,0.833162026331248
1.4771,0.8328262076058512
1.47715,0.833162026331248
1.4772,0.8328262076058512
1.47725,0.8328262076058512
1.4773,0.8328262076058512
1.47735,0.8328262076058512
1.4774,0.8328262076058512
1.47745,0.8328262076058512
1.4775,0.8328262076058512
1.47755,0.8328262076058512
1.4776,0.8328262076058512
1.47765,0.8328262076058512
1.4777,0.8328262076058512
1.47775,0.8328262076058512
1.4778,0.833162026331248
1.47785,0.8328262076058512
1.4779,0.8328262076058512
1.47795,0.8328262076058512
1.478,0.8328262076058512
1.47805,0.8328262076058512
1.4781,0.8328262076058512
1.47815,0.8328262076058512
1.4782,0.8328262076058512
1.47825,0.8328262076058512
1.4783,0.8328262076058512
1.47835,0.8328262076058512
1.4784,0.8328262076058512
1.47845,0.8328262076058512
1.4785,0.8328262076058512
1.47855,0.8328262076058512
1.4786,0.8328262076058512
1.47865,0.8328262076058512
1.4787,0.8328262076058512
1.47875,0.8328262076058512
1.4788,0.8328262076058512
1.47885,0.8328262076058512
1.4789,0.8328262076058512
1.47895,0.8328262076058512
1.479,0.8328262076058512
1.47905,0.8328262076058512
1.4791,0.8328262076058512
1.47915,0.8328262076058512
1.4792,0.8328262076058512
1.47925,0.8328262076058512
1.4793,0.8328262076058512
1.47935,0.8328262076058512
1.4794,0.8328262076058512
1.47945,0.8328262076058512
1.4795,0.8328262076058512
1.47955,0.8328262076058512
1.4796,0.8328262076058512
1.47965,0.8328262076058512
1.4797,0.8328262076058512
1.47975,0.8328262076058512
1.4798,0.8328262076058512
1.47985,0.8328262076058512
1.4799,0.8328262076058512
1.47995,0.8328262076058512
1.48,0.8328262076058512
1.48005,0.8328262076058512
1.4801,0.8328262076058512
1.48015,0.8328262076058512
1.4802,0.8328262076058512
1.48025,0.8328262076058512
1.4803,0.8328262076058512
1.48035,0.8328262076058512
1.4804,0.8328262076058512
1.48045,0.8328262076058512
1.4805,0.8328262076058512
1.48055,0.8328262076058512
1.4806,0.8328262076058512
1.48065,0.8328262076058512
1.4807,0.8328262076058512
1.48075,0.8328262076058512
1.4808,0.8328262076058512
1.48085,0.8328262076058512
1.4809,0.8328262076058512
1.48095,0.8328262076058512
1.481,0.8324903888804545
1.48105,0.8324903888804545
1.4811,0.8324903888804545
1.48115,0.8324903888804545
1.4812,0.8324903888804545
1.48125,0.8328262076058512
1.4813,0.8324903888804545
1.48135,0.8324903888804545
1.4814,0.8324903888804545
1.48145,0.8324903888804545
1.4815,0.8324903888804545
1.48155,0.8324903888804545
1.4816,0.8324903888804545
1.48165,0.8324903888804545
1.4817,0.8324903888804545
1.48175,0.8328262076058512
1.4818,0.8324903888804545
1.48185,0.8328262076058512
1.4819,0.8324903888804545
1.48195,0.8324903888804545
1.482,0.8324903888804545
1.48205,0.8324903888804545
1.4821,0.8324903888804545
1.48215,0.8324903888804545
1.4822,0.8324903888804545
1.48225,0.8324903888804545
1.4823,0.8324903888804545
1.48235,0.8328262076058512
1.4824,0.8328262076058512
1.48245,0.8324903888804545
1.4825,0.8324903888804545
1.48255,0.8324903888804545
1.4826,0.8324903888804545
1.48265,0.8324903888804545
1.4827,0.8324903888804545
1.48275,0.8324903888804545
1.4828,0.8324903888804545
1.48285,0.8324903888804545
1.4829,0.8324903888804545
1.48295,0.8324903888804545
1.483,0.8324903888804545
1.48305,0.8324903888804545
1.4831,0.8324903888804545
1.48315,0.8324903888804545
1.4832,0.8324903888804545
1.48325,0.8324903888804545
1.4833,0.8324903888804545
1.48335,0.8324903888804545
1.4834,0.8324903888804545
1.48345,0.8324903888804545
1.4835,0.8324903888804545
1.48355,0.8324903888804545
1.4836,0.8324903888804545
1.48365,0.8324903888804545
1.4837,0.8324903888804545
1.48375,0.8324903888804545
1.4838,0.8324903888804545
1.48385,0.8324903888804545
1.4839,0.8324903888804545
1.48395,0.8324903888804545
1.484,0.8324903888804545
1.48405,0.8324903888804545
1.4841,0.8324903888804545
1.48415,0.8324903888804545
1.4842,0.8324903888804545
1.48425,0.8324903888804545
1.4843,0.8324903888804545
1.48435,0.8324903888804545
1.4844,0.8324903888804545
1.48445,0.8324903888804545
1.4845,0.8321545701550577
1.48455,0.8324903888804545
1.4846,0.8321545701550577
1.48465,0.8324903888804545
1.4847,0.8324903888804545
1.48475,0.8324903888804545
1.4848,0.8324903888804545
1.48485,0.8324903888804545
1.4849,0.8328262076058512
1.48495,0.8328262076058512
1.485,0.8324903888804545
1.48505,0.8328262076058512
1.4851,0.8328262076058512
1.48515,0.8324903888804545
1.4852,0.8324903888804545
1.48525,0.8324903888804545
1.4853,0.8324903888804545
1.48535,0.8328262076058512
1.4854,0.8328262076058512
1.48545,0.8328262076058512
1.4855,0.8324903888804545
1.48555,0.8324903888804545
1.4856,0.8324903888804545
1.48565,0.8324903888804545
1.4857,0.8324903888804545
1.48575,0.8324903888804545
1.4858,0.8324903888804545
1.48585,0.8324903888804545
1.4859,0.8328262076058512
1.48595,0.8328262076058512
1.486,0.8328262076058512
1.48605,0.8328262076058512
1.4861,0.8328262076058512
1.48615,0.8328262076058512
1.4862,0.8328262076058512
1.48625,0.8328262076058512
1.4863,0.8328262076058512
1.48635,0.8328262076058512
1.4864,0.8328262076058512
1.48645,0.8328262076058512
1.4865,0.8328262076058512
1.48655,0.8328262076058512
1.4866,0.8328262076058512
1.48665,0.8328262076058512
1.4867,0.8328262076058512
1.48675,0.8328262076058512
1.4868,0.8328262076058512
1.48685,0.8328262076058512
1.4869,0.8328262076058512
1.48695,0.8328262076058512
1.487,0.8328262076058512
1.48705,0.8328262076058512
1.4871,0.8328262076058512
1.48715,0.8328262076058512
1.4872,0.8328262076058512
1.48725,0.8328262076058512
1.4873,0.8328262076058512
1.48735,0.8328262076058512
1.4874,0.8328262076058512
1.48745,0.8328262076058512
1.4875,0.8328262076058512
1.48755,0.8328262076058512
1.4876,0.8328262076058512
1.48765,0.833162026331248
1.4877,0.833162026331248
1.48775,0.833162026331248
1.4878,0.833162026331248
1.48785,0.833162026331248
1.4879,0.833162026331248
1.48795,0.833162026331248
1.488,0.833162026331248
1.48805,0.833162026331248
1.4881,0.833162026331248
1.48815,0.833162026331248
1.4882,0.833162026331248
1.48825,0.833162026331248
1.4883,0.833162026331248
1.48835,0.833162026331248
1.4884,0.833162026331248
1.48845,0.833162026331248
1.4885,0.833162026331248
1.48855,0.833162026331248
1.4886,0.833162026331248
1.48865,0.833162026331248
1.4887,0.833162026331248
1.48875,0.833162026331248
1.4888,0.833162026331248
1.48885,0.833162026331248
1.4889,0.833162026331248
1.48895,0.833162026331248
1.489,0.833162026331248
1.48905,0.833162026331248
1.4891,0.833162026331248
1.48915,0.833162026331248
1.4892,0.833162026331248
1.48925,0.833162026331248
1.4893,0.833162026331248
1.48935,0.833162026331248
1.4894,0.833162026331248
1.48945,0.833162026331248
1.4895,0.833162026331248
1.48955,0.833162026331248
1.4896,0.833162026331248
1.48965,0.833162026331248
1.4897,0.833162026331248
1.48975,0.833162026331248
1.4898,0.833162026331248
1.48985,0.833162026331248
1.4899,0.833162026331248
1.48995,0.833162026331248
1.49,0.833162026331248
1.49005,0.833162026331248
1.4901,0.833162026331248
1.49015,0.833162026331248
1.4902,0.833162026331248
1.49025,0.833162026331248
1.4903,0.833162026331248
1.49035,0.833162026331248
1.4904,0.833162026331248
1.49045,0.833162026331248
1.4905,0.833162026331248
1.49055,0.833162026331248
1.4906,0.833162026331248
1.49065,0.833162026331248
1.4907,0.833162026331248
1.49075,0.833162026331248
1.4908,0.833162026331248
1.49085,0.833162026331248
1.4909,0.833162026331248
1.49095,0.833162026331248
1.491,0.833162026331248
1.49105,0.8334978450566448
1.4911,0.833162026331248
1.49115,0.833162026331248
1.4912,0.833162026331248
1.49125,0.833162026331248
1.4913,0.8334978450566448
1.49135,0.8334978450566448
1.4914,0.833162026331248
1.49145,0.8334978450566448
1.4915,0.8334978450566448
1.49155,0.833162026331248
1.4916,0.833162026331248
1.49165,0.8334978450566448
1.4917,0.833162026331248
1.49175,0.833162026331248
1.4918,0.833162026331248
1.49185,0.833162026331248
1.4919,0.833162026331248
1.49195,0.833162026331248
1.492,0.8334978450566448
1.49205,0.8334978450566448
1.4921,0.833162026331248
1.49215,0.833162026331248
1.4922,0.833162026331248
1.49225,0.833162026331248
1.4923,0.833162026331248
1.49235,0.8328262076058512
1.4924,0.8328262076058512
1.49245,0.8328262076058512
1.4925,0.8328262076058512
1.49255,0.8328262076058512
1.4926,0.833162026331248
1.49265,0.833162026331248
1.4927,0.833162026331248
1.49275,0.8328262076058512
1.4928,0.8328262076058512
1.49285,0.833162026331248
1.4929,0.8328262076058512
1.49295,0.8328262076058512
1.493,0.8328262076058512
1.49305,0.8328262076058512
1.4931,0.8328262076058512
1.49315,0.8328262076058512
1.4932,0.8328262076058512
1.49325,0.8328262076058512
1.4933,0.8328262076058512
1.49335,0.8328262076058512
1.4934,0.833162026331248
1.49345,0.833162026331248
1.4935,0.833162026331248
1.49355,0.8328262076058512
1.4936,0.833162026331248
1.49365,0.833162026331248
1.4937,0.8328262076058512
1.49375,0.833162026331248
1.4938,0.833162026331248
1.49385,0.8328262076058512
1.4939,0.8328262076058512
1.49395,0.833162026331248
1.494,0.833162026331248
1.49405,0.833162026331248
1.4941,0.8328262076058512
1.49415,0.833162026331248
1.4942,0.833162026331248
1.49425,0.8328262076058512
1.4943,0.833162026331248
1.49435,0.833162026331248
1.4944,0.833162026331248
1.49445,0.8328262076058512
1.4945,0.833162026331248
1.49455,0.833162026331248
1.4946,0.8328262076058512
1.49465,0.8328262076058512
1.4947,0.833162026331248
1.49475,0.8328262076058512
1.4948,0.8328262076058512
1.49485,0.8328262076058512
1.4949,0.8328262076058512
1.49495,0.8328262076058512
1.495,0.8328262076058512
1.49505,0.8328262076058512
1.4951,0.8328262076058512
1.49515,0.8328262076058512
1.4952,0.8328262076058512
1.49525,0.8328262076058512
1.4953,0.8328262076058512
1.49535,0.8328262076058512
1.4954,0.8328262076058512
1.49545,0.8328262076058512
1.4955,0.8328262076058512
1.49555,0.8328262076058512
1.4956,0.8328262076058512
1.49565,0.8328262076058512
1.4957,0.8328262076058512
1.49575,0.8328262076058512
1.4958,0.8328262076058512
1.49585,0.8328262076058512
1.4959,0.8328262076058512
1.49595,0.8328262076058512
1.496,0.8328262076058512
1.49605,0.8328262076058512
1.4961,0.8328262076058512
1.49615,0.8328262076058512
1.4962,0.833162026331248
1.49625,0.8328262076058512
1.4963,0.833162026331248
1.49635,0.8328262076058512
1.4964,0.8328262076058512
1.49645,0.8328262076058512
1.4965,0.8328262076058512
1.49655,0.8328262076058512
1.4966,0.8328262076058512
1.49665,0.8328262076058512
1.4967,0.8328262076058512
1.49675,0.8328262076058512
1.4968,0.8328262076058512
1.49685,0.8328262076058512
1.4969,0.8328262076058512
1.49695,0.8328262076058512
1.497,0.833162026331248
1.49705,0.833162026331248
1.4971,0.8328262076058512
1.49715,0.8328262076058512
1.4972,0.8328262076058512
1.49725,0.8328262076058512
1.4973,0.8328262076058512
1.49735,0.8328262076058512
1.4974,0.8328262076058512
1.49745,0.8328262076058512
1.4975,0.8328262076058512
1.49755,0.8328262076058512
1.4976,0.8328262076058512
1.49765,0.8328262076058512
1.4977,0.8328262076058512
1.49775,0.8328262076058512
1.4978,0.8328262076058512
1.49785,0.8328262076058512
1.4979,0.8328262076058512
1.49795,0.833162026331248
1.498,0.8328262076058512
1.49805,0.8328262076058512
1.4981,0.8328262076058512
1.49815,0.8328262076058512
1.4982,0.8328262076058512
1.49825,0.8328262076058512
1.4983,0.8328262076058512
1.49835,0.8328262076058512
1.4984,0.8328262076058512
1.49845,0.8328262076058512
1.4985,0.8328262076058512
1.49855,0.8328262076058512
1.4986,0.8328262076058512
1.49865,0.8328262076058512
1.4987,0.8328262076058512
1.49875,0.8328262076058512
1.4988,0.833162026331248
1.49885,0.8328262076058512
1.4989,0.8328262076058512
1.49895,0.8328262076058512
1.499,0.8328262076058512
1.49905,0.8328262076058512
1.4991,0.8328262076058512
1.49915,0.833162026331248
1.4992,0.8328262076058512
1.49925,0.8328262076058512
1.4993,0.833162026331248
1.49935,0.833162026331248
1.4994,0.833162026331248
1.49945,0.8328262076058512
1.4995,0.8328262076058512
1.49955,0.8328262076058512
1.4996,0.8328262076058512
1.49965,0.833162026331248
1.4997,0.833162026331248
1.49975,0.833162026331248
1.4998,0.833162026331248
1.49985,0.8328262076058512
1.4999,0.8328262076058512
1.49995,0.8328262076058512
1.5,0.8328262076058512
1.50005,0.8328262076058512
1.5001,0.8328262076058512
1.50015,0.8328262076058512
1.5002,0.8328262076058512
1.50025,0.8328262076058512
1.5003,0.8328262076058512
1.50035,0.8328262076058512
1.5004,0.8328262076058512
1.50045,0.8328262076058512
1.5005,0.833162026331248
1.50055,0.8328262076058512
1.5006,0.8328262076058512
1.50065,0.8328262076058512
1.5007,0.8328262076058512
1.50075,0.8328262076058512
1.5008,0.8328262076058512
1.50085,0.8328262076058512
1.5009,0.8324903888804545
1.50095,0.8328262076058512
1.501,0.8324903888804545
1.50105,0.8324903888804545
1.5011,0.8324903888804545
1.50115,0.8324903888804545
1.5012,0.8328262076058512
1.50125,0.8324903888804545
1.5013,0.8324903888804545
1.50135,0.8324903888804545
1.5014,0.8324903888804545
1.50145,0.8324903888804545
1.5015,0.8324903888804545
1.50155,0.8324903888804545
1.5016,0.8324903888804545
1.50165,0.8324903888804545
1.5017,0.8324903888804545
1.50175,0.8324903888804545
1.5018,0.8324903888804545
1.50185,0.8324903888804545
1.5019,0.8324903888804545
1.50195,0.8324903888804545
1.502,0.8324903888804545
1.50205,0.8328262076058512
1.5021,0.8324903888804545
1.50215,0.8324903888804545
1.5022,0.8324903888804545
1.50225,0.8324903888804545
1.5023,0.8324903888804545
1.50235,0.8324903888804545
1.5024,0.8324903888804545
1.50245,0.8324903888804545
1.5025,0.8324903888804545
1.50255,0.8324903888804545
1.5026,0.8324903888804545
1.50265,0.8324903888804545
1.5027,0.8324903888804545
1.50275,0.8324903888804545
1.5028,0.8324903888804545
1.50285,0.8324903888804545
1.5029,0.8324903888804545
1.50295,0.8324903888804545
1.503,0.8324903888804545
1.50305,0.8324903888804545
1.5031,0.8324903888804545
1.50315,0.8324903888804545
1.5032,0.8324903888804545
1.50325,0.8324903888804545
1.5033,0.8324903888804545
1.50335,0.8324903888804545
1.5034,0.8324903888804545
1.50345,0.8324903888804545
1.5035,0.8324903888804545
1.50355,0.8324903888804545
1.5036,0.8324903888804545
1.50365,0.8324903888804545
1.5037,0.8324903888804545
1.50375,0.8324903888804545
1.5038,0.8324903888804545
1.50385,0.8324903888804545
1.5039,0.8324903888804545
1.50395,0.8324903888804545
1.504,0.8324903888804545
1.50405,0.8321545701550577
1.5041,0.8321545701550577
1.50415,0.8324903888804545
1.5042,0.8324903888804545
1.50425,0.8324903888804545
1.5043,0.8324903888804545
1.50435,0.8324903888804545
1.5044,0.8324903888804545
1.50445,0.8324903888804545
1.5045,0.8324903888804545
1.50455,0.8324903888804545
1.5046,0.8324903888804545
1.50465,0.8324903888804545
1.5047,0.8324903888804545
1.50475,0.8324903888804545
1.5048,0.8324903888804545
1.50485,0.8324903888804545
1.5049,0.8324903888804545
1.50495,0.8324903888804545
1.505,0.8328262076058512
1.50505,0.8328262076058512
1.5051,0.8328262076058512
1.50515,0.8328262076058512
1.5052,0.8324903888804545
1.50525,0.8324903888804545
1.5053,0.8328262076058512
1.50535,0.8328262076058512
1.5054,0.8328262076058512
1.50545,0.8328262076058512
1.5055,0.8328262076058512
1.50555,0.8328262076058512
1.5056,0.8324903888804545
1.50565,0.8328262076058512
1.5057,0.8328262076058512
1.50575,0.8328262076058512
1.5058,0.8328262076058512
1.50585,0.8328262076058512
1.5059,0.8324903888804545
1.50595,0.8328262076058512
1.506,0.8328262076058512
1.50605,0.8328262076058512
1.5061,0.8328262076058512
1.50615,0.8328262076058512
1.5062,0.8328262076058512
1.50625,0.8328262076058512
1.5063,0.8324903888804545
1.50635,0.8328262076058512
1.5064,0.8328262076058512
1.50645,0.8328262076058512
1.5065,0.8328262076058512
1.50655,0.8328262076058512
1.5066,0.8328262076058512
1.50665,0.8328262076058512
1.5067,0.8328262076058512
1.50675,0.8328262076058512
1.5068,0.8328262076058512
1.50685,0.8328262076058512
1.5069,0.8328262076058512
1.50695,0.8328262076058512
1.507,0.8328262076058512
1.50705,0.8328262076058512
1.5071,0.8328262076058512
1.50715,0.8328262076058512
1.5072,0.8328262076058512
1.50725,0.8328262076058512
1.5073,0.8328262076058512
1.50735,0.8328262076058512
1.5074,0.8328262076058512
1.50745,0.8328262076058512
1.5075,0.8328262076058512
1.50755,0.833162026331248
1.5076,0.8328262076058512
1.50765,0.8328262076058512
1.5077,0.8328262076058512
1.50775,0.833162026331248
1.5078,0.833162026331248
1.50785,0.833162026331248
1.5079,0.833162026331248
1.50795,0.833162026331248
1.508,0.833162026331248
1.50805,0.833162026331248
1.5081,0.833162026331248
1.50815,0.833162026331248
1.5082,0.833162026331248
1.50825,0.833162026331248
1.5083,0.8328262076058512
1.50835,0.8328262076058512
1.5084,0.8328262076058512
1.50845,0.833162026331248
1.5085,0.833162026331248
1.50855,0.833162026331248
1.5086,0.833162026331248
1.50865,0.833162026331248
1.5087,0.833162026331248
1.50875,0.833162026331248
1.5088,0.833162026331248
1.50885,0.833162026331248
1.5089,0.833162026331248
1.50895,0.833162026331248
1.509,0.833162026331248
1.50905,0.833162026331248
1.5091,0.833162026331248
1.50915,0.833162026331248
1.5092,0.833162026331248
1.50925,0.833162026331248
1.5093,0.833162026331248
1.50935,0.833162026331248
1.5094,0.8328262076058512
1.50945,0.833162026331248
1.5095,0.833162026331248
1.50955,0.833162026331248
1.5096,0.833162026331248
1.50965,0.833162026331248
1.5097,0.833162026331248
1.50975,0.833162026331248
1.5098,0.833162026331248
1.50985,0.833162026331248
1.5099,0.833162026331248
1.50995,0.833162026331248
1.51,0.833162026331248
1.51005,0.833162026331248
1.5101,0.833162026331248
1.51015,0.833162026331248
1.5102,0.833162026331248
1.51025,0.833162026331248
1.5103,0.833162026331248
1.51035,0.833162026331248
1.5104,0.833162026331248
1.51045,0.8334978450566448
1.5105,0.833162026331248
1.51055,0.833162026331248
1.5106,0.8334978450566448
1.51065,0.8334978450566448
1.5107,0.833162026331248
1.51075,0.833162026331248
1.5108,0.833162026331248
1.51085,0.833162026331248
1.5109,0.833162026331248
1.51095,0.833162026331248
1.511,0.833162026331248
1.51105,0.833162026331248
1.5111,0.833162026331248
1.51115,0.833162026331248
1.5112,0.833162026331248
1.51125,0.833162026331248
1.5113,0.8334978450566448
1.51135,0.8334978450566448
1.5114,0.8334978450566448
1.51145,0.833162026331248
1.5115,0.833162026331248
1.51155,0.833162026331248
1.5116,0.833162026331248
1.51165,0.833162026331248
1.5117,0.833162026331248
1.51175,0.833162026331248
1.5118,0.8334978450566448
1.51185,0.833162026331248
1.5119,0.8334978450566448
1.51195,0.8334978450566448
1.512,0.833162026331248
1.51205,0.8334978450566448
1.5121,0.833162026331248
1.51215,0.833162026331248
1.5122,0.833162026331248
1.51225,0.833162026331248
1.5123,0.833162026331248
1.51235,0.833162026331248
1.5124,0.833162026331248
1.51245,0.833162026331248
1.5125,0.833162026331248
1.51255,0.8328262076058512
1.5126,0.8328262076058512
1.51265,0.8328262076058512
1.5127,0.8328262076058512
1.51275,0.833162026331248
1.5128,0.833162026331248
1.51285,0.833162026331248
1.5129,0.833162026331248
1.51295,0.8328262076058512
1.513,0.8328262076058512
1.51305,0.8328262076058512
1.5131,0.8328262076058512
1.51315,0.8328262076058512
1.5132,0.8328262076058512
1.51325,0.8328262076058512
1.5133,0.8328262076058512
1.51335,0.833162026331248
1.5134,0.8328262076058512
1.51345,0.8328262076058512
1.5135,0.833162026331248
1.51355,0.833162026331248
1.5136,0.833162026331248
1.51365,0.8328262076058512
1.5137,0.8328262076058512
1.51375,0.8328262076058512
1.5138,0.8328262076058512
1.51385,0.8328262076058512
1.5139,0.8328262076058512
1.51395,0.8328262076058512
1.514,0.833162026331248
1.51405,0.833162026331248
1.5141,0.8328262076058512
1.51415,0.8328262076058512
1.5142,0.8328262076058512
1.51425,0.833162026331248
1.5143,0.8328262076058512
1.51435,0.833162026331248
1.5144,0.833162026331248
1.51445,0.833162026331248
1.5145,0.8328262076058512
1.51455,0.8328262076058512
1.5146,0.833162026331248
1.51465,0.8328262076058512
1.5147,0.8328262076058512
1.51475,0.833162026331248
1.5148,0.8328262076058512
1.51485,0.8328262076058512
1.5149,0.8328262076058512
1.51495,0.8328262076058512
1.515,0.8328262076058512
1.51505,0.8328262076058512
1.5151,0.8328262076058512
1.51515,0.8328262076058512
1.5152,0.8328262076058512
1.51525,0.833162026331248
1.5153,0.8328262076058512
1.51535,0.833162026331248
1.5154,0.8328262076058512
1.51545,0.833162026331248
1.5155,0.833162026331248
1.51555,0.833162026331248
1.5156,0.833162026331248
1.51565,0.8328262076058512
1.5157,0.833162026331248
1.51575,0.8328262076058512
1.5158,0.8328262076058512
1.51585,0.8328262076058512
1.5159,0.8328262076058512
1.51595,0.8328262076058512
1.516,0.8328262076058512
1.51605,0.8328262076058512
1.5161,0.8328262076058512
1.51615,0.8328262076058512
1.5162,0.8328262076058512
1.51625,0.8328262076058512
1.5163,0.833162026331248
1.51635,0.833162026331248
1.5164,0.8328262076058512
1.51645,0.8328262076058512
1.5165,0.8328262076058512
1.51655,0.8328262076058512
1.5166,0.8328262076058512
1.51665,0.8328262076058512
1.5167,0.8328262076058512
1.51675,0.8328262076058512
1.5168,0.8328262076058512
1.51685,0.8328262076058512
1.5169,0.8328262076058512
1.51695,0.8328262076058512
1.517,0.8328262076058512
1.51705,0.8328262076058512
1.5171,0.8328262076058512
1.51715,0.8328262076058512
1.5172,0.8328262076058512
1.51725,0.8328262076058512
1.5173,0.8328262076058512
1.51735,0.8328262076058512
1.5174,0.8328262076058512
1.51745,0.8328262076058512
1.5175,0.8328262076058512
1.51755,0.833162026331248
1.5176,0.8328262076058512
1.51765,0.8328262076058512
1.5177,0.8328262076058512
1.51775,0.8328262076058512
1.5178,0.8328262076058512
1.51785,0.8328262076058512
1.5179,0.8328262076058512
1.51795,0.8328262076058512
1.518,0.8328262076058512
1.51805,0.8328262076058512
1.5181,0.8328262076058512
1.51815,0.8328262076058512
1.5182,0.8328262076058512
1.51825,0.8328262076058512
1.5183,0.8328262076058512
1.51835,0.8328262076058512
1.5184,0.8328262076058512
1.51845,0.8328262076058512
1.5185,0.8328262076058512
1.51855,0.8328262076058512
1.5186,0.8328262076058512
1.51865,0.8328262076058512
1.5187,0.8328262076058512
1.51875,0.8328262076058512
1.5188,0.8328262076058512
1.51885,0.8328262076058512
1.5189,0.8328262076058512
1.51895,0.8328262076058512
1.519,0.8328262076058512
1.51905,0.8328262076058512
1.5191,0.8328262076058512
1.51915,0.8328262076058512
1.5192,0.8328262076058512
1.51925,0.8328262076058512
1.5193,0.8328262076058512
1.51935,0.8328262076058512
1.5194,0.8328262076058512
1.51945,0.8328262076058512
1.5195,0.8328262076058512
1.51955,0.8328262076058512
1.5196,0.8324903888804545
1.51965,0.8328262076058512
1.5197,0.8328262076058512
1.51975,0.8328262076058512
1.5198,0.8328262076058512
1.51985,0.8328262076058512
1.5199,0.8328262076058512
1.51995,0.8324903888804545
1.52,0.8328262076058512
1.52005,0.8328262076058512
1.5201,0.8328262076058512
1.52015,0.8328262076058512
1.5202,0.8328262076058512
1.52025,0.8328262076058512
1.5203,0.8328262076058512
1.52035,0.8328262076058512
1.5204,0.8328262076058512
1.52045,0.8328262076058512
1.5205,0.8328262076058512
1.52055,0.8328262076058512
1.5206,0.8328262076058512
1.52065,0.833162026331248
1.5207,0.8328262076058512
1.52075,0.8328262076058512
1.5208,0.8328262076058512
1.52085,0.8328262076058512
1.5209,0.8328262076058512
1.52095,0.8328262076058512
1.521,0.8328262076058512
1.52105,0.8328262076058512
1.5211,0.8324903888804545
1.52115,0.8324903888804545
1.5212,0.8324903888804545
1.52125,0.8324903888804545
1.5213,0.8324903888804545
1.52135,0.8324903888804545
1.5214,0.8324903888804545
1.52145,0.8324903888804545
1.5215,0.8324903888804545
1.52155,0.8324903888804545
1.5216,0.8324903888804545
1.52165,0.8324903888804545
1.5217,0.8324903888804545
1.52175,0.8328262076058512
1.5218,0.8328262076058512
1.52185,0.8328262076058512
1.5219,0.8324903888804545
1.52195,0.8328262076058512
1.522,0.8324903888804545
1.52205,0.8324903888804545
1.5221,0.8328262076058512
1.52215,0.8324903888804545
1.5222,0.8324903888804545
1.52225,0.8328262076058512
1.5223,0.8328262076058512
1.52235,0.8328262076058512
1.5224,0.8328262076058512
1.52245,0.8324903888804545
1.5225,0.8324903888804545
1.52255,0.8324903888804545
1.5226,0.8324903888804545
1.52265,0.8324903888804545
1.5227,0.8324903888804545
1.52275,0.8324903888804545
1.5228,0.8324903888804545
1.52285,0.8324903888804545
1.5229,0.8324903888804545
1.52295,0.8324903888804545
1.523,0.8324903888804545
1.52305,0.8324903888804545
1.5231,0.8324903888804545
1.52315,0.8324903888804545
1.5232,0.8324903888804545
1.52325,0.8324903888804545
1.5233,0.8324903888804545
1.52335,0.8324903888804545
1.5234,0.8324903888804545
1.52345,0.8324903888804545
1.5235,0.8324903888804545
1.52355,0.8324903888804545
1.5236,0.8324903888804545
1.52365,0.8324903888804545
1.5237,0.8324903888804545
1.52375,0.8324903888804545
1.5238,0.8324903888804545
1.52385,0.8324903888804545
1.5239,0.8324903888804545
1.52395,0.8324903888804545
1.524,0.8324903888804545
1.52405,0.8324903888804545
1.5241,0.8324903888804545
1.52415,0.8324903888804545
1.5242,0.8324903888804545
1.52425,0.8324903888804545
1.5243,0.8324903888804545
1.52435,0.8324903888804545
1.5244,0.8324903888804545
1.52445,0.8324903888804545
1.5245,0.8324903888804545
1.52455,0.8324903888804545
1.5246,0.8324903888804545
1.52465,0.8324903888804545
1.5247,0.8324903888804545
1.52475,0.8324903888804545
1.5248,0.8324903888804545
1.52485,0.8328262076058512
1.5249,0.8324903888804545
1.52495,0.8324903888804545
1.525,0.8324903888804545
1.52505,0.8324903888804545
1.5251,0.8324903888804545
1.52515,0.8328262076058512
1.5252,0.8328262076058512
1.52525,0.8328262076058512
1.5253,0.8328262076058512
1.52535,0.8328262076058512
1.5254,0.8328262076058512
1.52545,0.8328262076058512
1.5255,0.8328262076058512
1.52555,0.8328262076058512
1.5256,0.8328262076058512
1.52565,0.8328262076058512
1.5257,0.8328262076058512
1.52575,0.8328262076058512
1.5258,0.8328262076058512
1.52585,0.8328262076058512
1.5259,0.8328262076058512
1.52595,0.8328262076058512
1.526,0.8328262076058512
1.52605,0.8328262076058512
1.5261,0.8328262076058512
1.52615,0.8328262076058512
1.5262,0.833162026331248
1.52625,0.8328262076058512
1.5263,0.833162026331248
1.52635,0.8328262076058512
1.5264,0.8328262076058512
1.52645,0.8328262076058512
1.5265,0.8328262076058512
1.52655,0.8328262076058512
1.5266,0.8328262076058512
1.52665,0.8328262076058512
1.5267,0.8328262076058512
1.52675,0.8328262076058512
1.5268,0.8328262076058512
1.52685,0.8328262076058512
1.5269,0.8328262076058512
1.52695,0.8328262076058512
1.527,0.833162026331248
1.52705,0.8328262076058512
1.5271,0.8328262076058512
1.52715,0.8328262076058512
1.5272,0.8328262076058512
1.52725,0.8328262076058512
1.5273,0.8328262076058512
1.52735,0.8328262076058512
1.5274,0.8328262076058512
1.52745,0.8328262076058512
1.5275,0.8328262076058512
1.52755,0.8328262076058512
1.5276,0.833162026331248
1.52765,0.833162026331248
1.5277,0.833162026331248
1.52775,0.833162026331248
1.5278,0.833162026331248
1.52785,0.833162026331248
1.5279,0.833162026331248
1.52795,0.833162026331248
1.528,0.833162026331248
1.52805,0.833162026331248
1.5281,0.833162026331248
1.52815,0.833162026331248
1.5282,0.833162026331248
1.52825,0.833162026331248
1.5283,0.833162026331248
1.52835,0.833162026331248
1.5284,0.833162026331248
1.52845,0.833162026331248
1.5285,0.833162026331248
1.52855,0.833162026331248
1.5286,0.833162026331248
1.52865,0.833162026331248
1.5287,0.833162026331248
1.52875,0.833162026331248
1.5288,0.833162026331248
1.52885,0.8334978450566448
1.5289,0.833162026331248
1.52895,0.833162026331248
1.529,0.833162026331248
1.52905,0.833162026331248
1.5291,0.833162026331248
1.52915,0.833162026331248
1.5292,0.833162026331248
1.52925,0.833162026331248
1.5293,0.833162026331248
1.52935,0.833162026331248
1.5294,0.833162026331248
1.52945,0.833162026331248
1.5295,0.8334978450566448
1.52955,0.8334978450566448
1.5296,0.833162026331248
1.52965,0.833162026331248
1.5297,0.833162026331248
1.52975,0.833162026331248
1.5298,0.833162026331248
1.52985,0.833162026331248
1.5299,0.833162026331248
1.52995,0.833162026331248
1.53,0.833162026331248
1.53005,0.833162026331248
1.5301,0.833162026331248
1.53015,0.833162026331248
1.5302,0.833162026331248
1.53025,0.833162026331248
1.5303,0.833162026331248
1.53035,0.833162026331248
1.5304,0.8334978450566448
1.53045,0.8334978450566448
1.5305,0.833162026331248
1.53055,0.833162026331248
1.5306,0.833162026331248
1.53065,0.8334978450566448
1.5307,0.833162026331248
1.53075,0.833162026331248
1.5308,0.833162026331248
1.53085,0.833162026331248
1.5309,0.833162026331248
1.53095,0.8334978450566448
1.531,0.8334978450566448
1.53105,0.8334978450566448
1.5311,0.8334978450566448
1.53115,0.8334978450566448
1.5312,0.8334978450566448
1.53125,0.8334978450566448
1.5313,0.8334978450566448
1.53135,0.8334978450566448
1.5314,0.8334978450566448
1.53145,0.8334978450566448
1.5315,0.8334978450566448
1.53155,0.8334978450566448
1.5316,0.8334978450566448
1.53165,0.8334978450566448
1.5317,0.833162026331248
1.53175,0.833162026331248
1.5318,0.833162026331248
1.53185,0.833162026331248
1.5319,0.833162026331248
1.53195,0.833162026331248
1.532,0.8334978450566448
1.53205,0.8334978450566448
1.5321,0.833162026331248
1.53215,0.833162026331248
1.5322,0.833162026331248
1.53225,0.833162026331248
1.5323,0.833162026331248
1.53235,0.833162026331248
1.5324,0.833162026331248
1.53245,0.833162026331248
1.5325,0.833162026331248
1.53255,0.833162026331248
1.5326,0.8328262076058512
1.53265,0.833162026331248
1.5327,0.833162026331248
1.53275,0.833162026331248
1.5328,0.833162026331248
1.53285,0.833162026331248
1.5329,0.833162026331248
1.53295,0.833162026331248
1.533,0.833162026331248
1.53305,0.833162026331248
1.5331,0.8328262076058512
1.53315,0.8328262076058512
1.5332,0.833162026331248
1.53325,0.8328262076058512
1.5333,0.8328262076058512
1.53335,0.833162026331248
1.5334,0.833162026331248
1.53345,0.8328262076058512
1.5335,0.833162026331248
1.53355,0.833162026331248
1.5336,0.833162026331248
1.53365,0.833162026331248
1.5337,0.833162026331248
1.53375,0.833162026331248
1.5338,0.833162026331248
1.53385,0.833162026331248
1.5339,0.8328262076058512
1.53395,0.833162026331248
1.534,0.8328262076058512
1.53405,0.833162026331248
1.5341,0.833162026331248
1.53415,0.8328262076058512
1.5342,0.8328262076058512
1.53425,0.8328262076058512
1.5343,0.8328262076058512
1.53435,0.8328262076058512
1.5344,0.8328262076058512
1.53445,0.833162026331248
1.5345,0.8328262076058512
1.53455,0.833162026331248
1.5346,0.8328262076058512
1.53465,0.833162026331248
1.5347,0.833162026331248
1.53475,0.833162026331248
1.5348,0.833162026331248
1.53485,0.833162026331248
1.5349,0.833162026331248
1.53495,0.833162026331248
1.535,0.8328262076058512
1.53505,0.8328262076058512
1.5351,0.8328262076058512
1.53515,0.8328262076058512
1.5352,0.833162026331248
1.53525,0.8328262076058512
1.5353,0.8328262076058512
1.53535,0.8328262076058512
1.5354,0.833162026331248
1.53545,0.8328262076058512
1.5355,0.833162026331248
1.53555,0.833162026331248
1.5356,0.8328262076058512
1.53565,0.8328262076058512
1.5357,0.8328262076058512
1.53575,0.8328262076058512
1.5358,0.8328262076058512
1.53585,0.8328262076058512
1.5359,0.8328262076058512
1.53595,0.833162026331248
1.536,0.8328262076058512
1.53605,0.8328262076058512
1.5361,0.833162026331248
1.53615,0.8328262076058512
1.5362,0.8328262076058512
1.53625,0.833162026331248
1.5363,0.833162026331248
1.53635,0.833162026331248
1.5364,0.8328262076058512
1.53645,0.8328262076058512
1.5365,0.8328262076058512
1.53655,0.8328262076058512
1.5366,0.833162026331248
1.53665,0.8328262076058512
1.5367,0.8328262076058512
1.53675,0.833162026331248
1.5368,0.833162026331248
1.53685,0.833162026331248
1.5369,0.833162026331248
1.53695,0.8328262076058512
1.537,0.8328262076058512
1.53705,0.8328262076058512
1.5371,0.8328262076058512
1.53715,0.8328262076058512
1.5372,0.8328262076058512
1.53725,0.8328262076058512
1.5373,0.8328262076058512
1.53735,0.8328262076058512
1.5374,0.8328262076058512
1.53745,0.8328262076058512
1.5375,0.8328262076058512
1.53755,0.8328262076058512
1.5376,0.8328262076058512
1.53765,0.8328262076058512
1.5377,0.8328262076058512
1.53775,0.8328262076058512
1.5378,0.8328262076058512
1.53785,0.8328262076058512
1.5379,0.833162026331248
1.53795,0.8328262076058512
1.538,0.8328262076058512
1.53805,0.8328262076058512
1.5381,0.8328262076058512
1.53815,0.8328262076058512
1.5382,0.8328262076058512
1.53825,0.8328262076058512
1.5383,0.8328262076058512
1.53835,0.8328262076058512
1.5384,0.8328262076058512
1.53845,0.8328262076058512
1.5385,0.8328262076058512
1.53855,0.8328262076058512
1.5386,0.8328262076058512
1.53865,0.8328262076058512
1.5387,0.8328262076058512
1.53875,0.8328262076058512
1.5388,0.8328262076058512
1.53885,0.8328262076058512
1.5389,0.8328262076058512
1.53895,0.8328262076058512
1.539,0.8328262076058512
1.53905,0.833162026331248
1.5391,0.833162026331248
1.53915,0.833162026331248
1.5392,0.833162026331248
1.53925,0.8328262076058512
1.5393,0.8328262076058512
1.53935,0.8328262076058512
1.5394,0.8328262076058512
1.53945,0.8328262076058512
1.5395,0.8328262076058512
1.53955,0.8328262076058512
1.5396,0.8328262076058512
1.53965,0.833162026331248
1.5397,0.833162026331248
1.53975,0.833162026331248
1.5398,0.833162026331248
1.53985,0.8328262076058512
1.5399,0.833162026331248
1.53995,0.8328262076058512
1.54,0.8328262076058512
1.54005,0.8328262076058512
1.5401,0.8328262076058512
1.54015,0.8328262076058512
1.5402,0.8328262076058512
1.54025,0.8328262076058512
1.5403,0.8328262076058512
1.54035,0.8328262076058512
1.5404,0.833162026331248
1.54045,0.833162026331248
1.5405,0.833162026331248
1.54055,0.833162026331248
1.5406,0.8328262076058512
1.54065,0.8328262076058512
1.5407,0.8328262076058512
1.54075,0.8328262076058512
1.5408,0.8328262076058512
1.54085,0.8328262076058512
1.5409,0.8328262076058512
1.54095,0.8324903888804545
1.541,0.8328262076058512
1.54105,0.8324903888804545
1.5411,0.8324903888804545
1.54115,0.8324903888804545
1.5412,0.8328262076058512
1.54125,0.8328262076058512
1.5413,0.8324903888804545
1.54135,0.8324903888804545
1.5414,0.8324903888804545
1.54145,0.8324903888804545
1.5415,0.8324903888804545
1.54155,0.8324903888804545
1.5416,0.8324903888804545
1.54165,0.8328262076058512
1.5417,0.8324903888804545
1.54175,0.8324903888804545
1.5418,0.8328262076058512
1.54185,0.8328262076058512
1.5419,0.8328262076058512
1.54195,0.8328262076058512
1.542,0.8328262076058512
1.54205,0.8328262076058512
1.5421,0.8324903888804545
1.54215,0.8324903888804545
1.5422,0.8328262076058512
1.54225,0.8328262076058512
1.5423,0.8324903888804545
1.54235,0.8328262076058512
1.5424,0.8324903888804545
1.54245,0.8324903888804545
1.5425,0.8324903888804545
1.54255,0.8324903888804545
1.5426,0.8324903888804545
1.54265,0.8324903888804545
1.5427,0.8324903888804545
1.54275,0.8324903888804545
1.5428,0.8324903888804545
1.54285,0.8324903888804545
1.5429,0.8324903888804545
1.54295,0.8324903888804545
1.543,0.8324903888804545
1.54305,0.8324903888804545
1.5431,0.8328262076058512
1.54315,0.8324903888804545
1.5432,0.8324903888804545
1.54325,0.8324903888804545
1.5433,0.8324903888804545
1.54335,0.8324903888804545
1.5434,0.8324903888804545
1.54345,0.8324903888804545
1.5435,0.8328262076058512
1.54355,0.8324903888804545
1.5436,0.8328262076058512
1.54365,0.8324903888804545
1.5437,0.8328262076058512
1.54375,0.8328262076058512
1.5438,0.8324903888804545
1.54385,0.8324903888804545
1.5439,0.8324903888804545
1.54395,0.8324903888804545
1.544,0.8324903888804545
1.54405,0.8324903888804545
1.5441,0.8324903888804545
1.54415,0.8324903888804545
1.5442,0.8324903888804545
1.54425,0.8328262076058512
1.5443,0.8324903888804545
1.54435,0.8324903888804545
1.5444,0.8324903888804545
1.54445,0.8324903888804545
1.5445,0.8324903888804545
1.54455,0.8324903888804545
1.5446,0.8324903888804545
1.54465,0.8324903888804545
1.5447,0.8328262076058512
1.54475,0.8328262076058512
1.5448,0.8324903888804545
1.54485,0.8328262076058512
1.5449,0.8324903888804545
1.54495,0.8328262076058512
1.545,0.8324903888804545
1.54505,0.8328262076058512
1.5451,0.8328262076058512
1.54515,0.8328262076058512
1.5452,0.8328262076058512
1.54525,0.8328262076058512
1.5453,0.8328262076058512
1.54535,0.8328262076058512
1.5454,0.8328262076058512
1.54545,0.8324903888804545
1.5455,0.8328262076058512
1.54555,0.8328262076058512
1.5456,0.8328262076058512
1.54565,0.8328262076058512
1.5457,0.8328262076058512
1.54575,0.8328262076058512
1.5458,0.8328262076058512
1.54585,0.8328262076058512
1.5459,0.8328262076058512
1.54595,0.8328262076058512
1.546,0.8328262076058512
1.54605,0.8328262076058512
1.5461,0.8328262076058512
1.54615,0.8328262076058512
1.5462,0.8328262076058512
1.54625,0.8328262076058512
1.5463,0.8328262076058512
1.54635,0.8328262076058512
1.5464,0.8328262076058512
1.54645,0.8328262076058512
1.5465,0.8328262076058512
1.54655,0.8328262076058512
1.5466,0.8328262076058512
1.54665,0.8328262076058512
1.5467,0.8328262076058512
1.54675,0.8328262076058512
1.5468,0.8328262076058512
1.54685,0.8328262076058512
1.5469,0.8328262076058512
1.54695,0.8328262076058512
1.547,0.8328262076058512
1.54705,0.8328262076058512
1.5471,0.8328262076058512
1.54715,0.8328262076058512
1.5472,0.8328262076058512
1.54725,0.8328262076058512
1.5473,0.8328262076058512
1.54735,0.8328262076058512
1.5474,0.8328262076058512
1.54745,0.8328262076058512
1.5475,0.8328262076058512
1.54755,0.833162026331248
1.5476,0.833162026331248
1.54765,0.833162026331248
1.5477,0.833162026331248
1.54775,0.833162026331248
1.5478,0.833162026331248
1.54785,0.833162026331248
1.5479,0.833162026331248
1.54795,0.833162026331248
1.548,0.833162026331248
1.54805,0.833162026331248
1.5481,0.833162026331248
1.54815,0.833162026331248
1.5482,0.833162026331248
1.54825,0.833162026331248
1.5483,0.833162026331248
1.54835,0.833162026331248
1.5484,0.833162026331248
1.54845,0.833162026331248
1.5485,0.833162026331248
1.54855,0.833162026331248
1.5486,0.833162026331248
1.54865,0.833162026331248
1.5487,0.833162026331248
1.54875,0.8334978450566448
1.5488,0.833162026331248
1.54885,0.833162026331248
1.5489,0.833162026331248
1.54895,0.833162026331248
1.549,0.833162026331248
1.54905,0.833162026331248
1.5491,0.833162026331248
1.54915,0.833162026331248
1.5492,0.833162026331248
1.54925,0.833162026331248
1.5493,0.833162026331248
1.54935,0.8334978450566448
1.5494,0.8334978450566448
1.54945,0.833162026331248
1.5495,0.833162026331248
1.54955,0.833162026331248
1.5496,0.833162026331248
1.54965,0.833162026331248
1.5497,0.833162026331248
1.54975,0.833162026331248
1.5498,0.833162026331248
1.54985,0.8334978450566448
1.5499,0.8334978450566448
1.54995,0.8334978450566448
1.55,0.833162026331248
1.55005,0.833162026331248
1.5501,0.833162026331248
1.55015,0.833162026331248
1.5502,0.833162026331248
1.55025,0.833162026331248
1.5503,0.833162026331248
1.55035,0.833162026331248
1.5504,0.833162026331248
1.55045,0.8334978450566448
1.5505,0.8334978450566448
1.55055,0.833162026331248
1.5506,0.833162026331248
1.55065,0.8334978450566448
1.5507,0.833162026331248
1.55075,0.8334978450566448
1.5508,0.833162026331248
1.55085,0.833162026331248
1.5509,0.833162026331248
1.55095,0.833162026331248
1.551,0.833162026331248
1.55105,0.833162026331248
1.5511,0.8334978450566448
1.55115,0.833162026331248
1.5512,0.833162026331248
1.55125,0.833162026331248
1.5513,0.8334978450566448
1.55135,0.8334978450566448
1.5514,0.833162026331248
1.55145,0.833162026331248
1.5515,0.833162026331248
1.55155,0.8334978450566448
1.5516,0.8334978450566448
1.55165,0.833162026331248
1.5517,0.8334978450566448
1.55175,0.833162026331248
1.5518,0.8334978450566448
1.55185,0.8334978450566448
1.5519,0.8334978450566448
1.55195,0.8334978450566448
1.552,0.8334978450566448
1.55205,0.8334978450566448
1.5521,0.833162026331248
1.55215,0.833162026331248
1.5522,0.833162026331248
1.55225,0.833162026331248
1.5523,0.8328262076058512
1.55235,0.833162026331248
1.5524,0.833162026331248
1.55245,0.833162026331248
1.5525,0.833162026331248
1.55255,0.833162026331248
1.5526,0.833162026331248
1.55265,0.833162026331248
1.5527,0.833162026331248
1.55275,0.833162026331248
1.5528,0.8334978450566448
1.55285,0.833162026331248
1.5529,0.833162026331248
1.55295,0.833162026331248
1.553,0.833162026331248
1.55305,0.833162026331248
1.5531,0.833162026331248
1.55315,0.833162026331248
1.5532,0.833162026331248
1.55325,0.8328262076058512
1.5533,0.8328262076058512
1.55335,0.8328262076058512
1.5534,0.833162026331248
1.55345,0.833162026331248
1.5535,0.833162026331248
1.55355,0.833162026331248
1.5536,0.833162026331248
1.55365,0.833162026331248
1.5537,0.833162026331248
1.55375,0.833162026331248
1.5538,0.833162026331248
1.55385,0.833162026331248
1.5539,0.833162026331248
1.55395,0.833162026331248
1.554,0.833162026331248
1.55405,0.833162026331248
1.5541,0.833162026331248
1.55415,0.833162026331248
1.5542,0.833162026331248
1.55425,0.833162026331248
1.5543,0.833162026331248
1.55435,0.833162026331248
1.5544,0.833162026331248
1.55445,0.833162026331248
1.5545,0.833162026331248
1.55455,0.833162026331248
1.5546,0.833162026331248
1.55465,0.833162026331248
1.5547,0.833162026331248
1.55475,0.833162026331248
1.5548,0.8328262076058512
1.55485,0.833162026331248
1.5549,0.8328262076058512
1.55495,0.8328262076058512
1.555,0.8328262076058512
1.55505,0.833162026331248
1.5551,0.8328262076058512
1.55515,0.8328262076058512
1.5552,0.833162026331248
1.55525,0.8328262076058512
1.5553,0.8328262076058512
1.55535,0.833162026331248
1.5554,0.8328262076058512
1.55545,0.8328262076058512
1.5555,0.833162026331248
1.55555,0.8328262076058512
1.5556,0.8328262076058512
1.55565,0.8328262076058512
1.5557,0.8328262076058512
1.55575,0.833162026331248
1.5558,0.833162026331248
1.55585,0.8328262076058512
1.5559,0.833162026331248
1.55595,0.8328262076058512
1.556,0.8328262076058512
1.55605,0.8328262076058512
1.5561,0.8328262076058512
1.55615,0.8328262076058512
1.5562,0.8328262076058512
1.55625,0.8328262076058512
1.5563,0.833162026331248
1.55635,0.8328262076058512
1.5564,0.8328262076058512
1.55645,0.833162026331248
1.5565,0.8328262076058512
1.55655,0.833162026331248
1.5566,0.833162026331248
1.55665,0.8328262076058512
1.5567,0.833162026331248
1.55675,0.8328262076058512
1.5568,0.8328262076058512
1.55685,0.8328262076058512
1.5569,0.8328262076058512
1.55695,0.8328262076058512
1.557,0.8328262076058512
1.55705,0.8328262076058512
1.5571,0.8328262076058512
1.55715,0.8328262076058512
1.5572,0.8328262076058512
1.55725,0.833162026331248
1.5573,0.8328262076058512
1.55735,0.833162026331248
1.5574,0.8328262076058512
1.55745,0.8328262076058512
1.5575,0.8328262076058512
1.55755,0.8328262076058512
1.5576,0.833162026331248
1.55765,0.833162026331248
1.5577,0.833162026331248
1.55775,0.833162026331248
1.5578,0.833162026331248
1.55785,0.833162026331248
1.5579,0.833162026331248
1.55795,0.833162026331248
1.558,0.833162026331248
1.55805,0.833162026331248
1.5581,0.8328262076058512
1.55815,0.8328262076058512
1.5582,0.833162026331248
1.55825,0.833162026331248
1.5583,0.833162026331248
1.55835,0.833162026331248
1.5584,0.833162026331248
1.55845,0.833162026331248
1.5585,0.8328262076058512
1.55855,0.833162026331248
1.5586,0.8328262076058512
1.55865,0.833162026331248
1.5587,0.833162026331248
1.55875,0.8328262076058512
1.5588,0.8328262076058512
1.55885,0.8328262076058512
1.5589,0.8328262076058512
1.55895,0.8328262076058512
1.559,0.8328262076058512
1.55905,0.8328262076058512
1.5591,0.8328262076058512
1.55915,0.833162026331248
1.5592,0.8328262076058512
1.55925,0.8328262076058512
1.5593,0.8328262076058512
1.55935,0.8328262076058512
1.5594,0.833162026331248
1.55945,0.833162026331248
1.5595,0.8328262076058512
1.55955,0.8328262076058512
1.5596,0.8328262076058512
1.55965,0.8328262076058512
1.5597,0.8328262076058512
1.55975,0.8328262076058512
1.5598,0.8328262076058512
1.55985,0.8328262076058512
1.5599,0.8328262076058512
1.55995,0.8328262076058512
1.56,0.833162026331248
1.56005,0.833162026331248
1.5601,0.8328262076058512
1.56015,0.833162026331248
1.5602,0.833162026331248
1.56025,0.8328262076058512
1.5603,0.833162026331248
1.56035,0.8328262076058512
1.5604,0.8328262076058512
1.56045,0.8328262076058512
1.5605,0.8328262076058512
1.56055,0.833162026331248
1.5606,0.8328262076058512
1.56065,0.833162026331248
1.5607,0.8328262076058512
1.56075,0.8328262076058512
1.5608,0.8328262076058512
1.56085,0.8328262076058512
1.5609,0.8324903888804545
1.56095,0.8328262076058512
1.561,0.8328262076058512
1.56105,0.8324903888804545
1.5611,0.8324903888804545
1.56115,0.8324903888804545
1.5612,0.8324903888804545
1.56125,0.8324903888804545
1.5613,0.8324903888804545
1.56135,0.8324903888804545
1.5614,0.8324903888804545
1.56145,0.8324903888804545
1.5615,0.8324903888804545
1.56155,0.8324903888804545
1.5616,0.8324903888804545
1.56165,0.8324903888804545
1.5617,0.8324903888804545
1.56175,0.8324903888804545
1.5618,0.8324903888804545
1.56185,0.8324903888804545
1.5619,0.8324903888804545
1.56195,0.8324903888804545
1.562,0.8324903888804545
1.56205,0.8324903888804545
1.5621,0.8324903888804545
1.56215,0.8324903888804545
1.5622,0.8324903888804545
1.56225,0.8324903888804545
1.5623,0.8328262076058512
1.56235,0.8328262076058512
1.5624,0.8328262076058512
1.56245,0.8324903888804545
1.5625,0.8324903888804545
1.56255,0.8324903888804545
1.5626,0.8324903888804545
1.56265,0.8324903888804545
1.5627,0.8324903888804545
1.56275,0.8324903888804545
1.5628,0.8324903888804545
1.56285,0.8324903888804545
1.5629,0.8324903888804545
1.56295,0.8324903888804545
1.563,0.8324903888804545
1.56305,0.8324903888804545
1.5631,0.8324903888804545
1.56315,0.8324903888804545
1.5632,0.8324903888804545
1.56325,0.8324903888804545
1.5633,0.8324903888804545
1.56335,0.8324903888804545
1.5634,0.8324903888804545
1.56345,0.8324903888804545
1.5635,0.8324903888804545
1.56355,0.8324903888804545
1.5636,0.8324903888804545
1.56365,0.8324903888804545
1.5637,0.8324903888804545
1.56375,0.8324903888804545
1.5638,0.8324903888804545
1.56385,0.8324903888804545
1.5639,0.8324903888804545
1.56395,0.8324903888804545
1.564,0.8324903888804545
1.56405,0.8324903888804545
1.5641,0.8324903888804545
1.56415,0.8324903888804545
1.5642,0.8324903888804545
1.56425,0.8324903888804545
1.5643,0.8324903888804545
1.56435,0.8324903888804545
1.5644,0.8324903888804545
1.56445,0.8324903888804545
1.5645,0.8324903888804545
1.56455,0.8324903888804545
1.5646,0.8324903888804545
1.56465,0.8324903888804545
1.5647,0.8324903888804545
1.56475,0.8328262076058512
1.5648,0.8328262076058512
1.56485,0.8328262076058512
1.5649,0.8328262076058512
1.56495,0.8328262076058512
1.565,0.8328262076058512
1.56505,0.8328262076058512
1.5651,0.8328262076058512
1.56515,0.8328262076058512
1.5652,0.8328262076058512
1.56525,0.8324903888804545
1.5653,0.8324903888804545
1.56535,0.8328262076058512
1.5654,0.8328262076058512
1.56545,0.8324903888804545
1.5655,0.8328262076058512
1.56555,0.8328262076058512
1.5656,0.8324903888804545
1.56565,0.8328262076058512
1.5657,0.8328262076058512
1.56575,0.8328262076058512
1.5658,0.8328262076058512
1.56585,0.8328262076058512
1.5659,0.8328262076058512
1.56595,0.8328262076058512
1.566,0.8328262076058512
1.56605,0.8328262076058512
1.5661,0.8328262076058512
1.56615,0.8328262076058512
1.5662,0.8328262076058512
1.56625,0.8328262076058512
1.5663,0.8328262076058512
1.56635,0.8328262076058512
1.5664,0.8328262076058512
1.56645,0.8328262076058512
1.5665,0.8328262076058512
1.56655,0.8328262076058512
1.5666,0.8328262076058512
1.56665,0.8324903888804545
1.5667,0.8328262076058512
1.56675,0.8328262076058512
1.5668,0.8328262076058512
1.56685,0.8328262076058512
1.5669,0.8328262076058512
1.56695,0.8328262076058512
1.567,0.8328262076058512
1.56705,0.8328262076058512
1.5671,0.8328262076058512
1.56715,0.8328262076058512
1.5672,0.8328262076058512
1.56725,0.8324903888804545
1.5673,0.8328262076058512
1.56735,0.8328262076058512
1.5674,0.8328262076058512
1.56745,0.8328262076058512
1.5675,0.8328262076058512
1.56755,0.8328262076058512
1.5676,0.8328262076058512
1.56765,0.833162026331248
1.5677,0.833162026331248
1.56775,0.833162026331248
1.5678,0.833162026331248
1.56785,0.8328262076058512
1.5679,0.833162026331248
1.56795,0.8328262076058512
1.568,0.833162026331248
1.56805,0.833162026331248
1.5681,0.833162026331248
1.56815,0.833162026331248
1.5682,0.833162026331248
1.56825,0.833162026331248
1.5683,0.8328262076058512
1.56835,0.833162026331248
1.5684,0.833162026331248
1.56845,0.833162026331248
1.5685,0.833162026331248
1.56855,0.833162026331248
1.5686,0.833162026331248
1.56865,0.833162026331248
1.5687,0.833162026331248
1.56875,0.833162026331248
1.5688,0.833162026331248
1.56885,0.833162026331248
1.5689,0.833162026331248
1.56895,0.833162026331248
1.569,0.833162026331248
1.56905,0.833162026331248
1.5691,0.833162026331248
1.56915,0.8334978450566448
1.5692,0.8334978450566448
1.56925,0.833162026331248
1.5693,0.833162026331248
1.56935,0.833162026331248
1.5694,0.833162026331248
1.56945,0.833162026331248
1.5695,0.833162026331248
1.56955,0.833162026331248
1.5696,0.833162026331248
1.56965,0.833162026331248
1.5697,0.833162026331248
1.56975,0.833162026331248
1.5698,0.833162026331248
1.56985,0.833162026331248
1.5699,0.833162026331248
1.56995,0.833162026331248
1.57,0.8328262076058512
1.57005,0.8328262076058512
1.5701,0.8328262076058512
1.57015,0.8328262076058512
1.5702,0.833162026331248
1.57025,0.8328262076058512
1.5703,0.833162026331248
1.57035,0.833162026331248
1.5704,0.833162026331248
1.57045,0.833162026331248
1.5705,0.833162026331248
1.57055,0.833162026331248
1.5706,0.833162026331248
1.57065,0.833162026331248
1.5707,0.833162026331248
1.57075,0.833162026331248
1.5708,0.833162026331248
1.57085,0.8334978450566448
1.5709,0.833162026331248
1.57095,0.833162026331248
1.571,0.833162026331248
1.57105,0.8334978450566448
1.5711,0.833162026331248
1.57115,0.833162026331248
1.5712,0.833162026331248
1.57125,0.8334978450566448
1.5713,0.8334978450566448
1.57135,0.8334978450566448
1.5714,0.8334978450566448
1.57145,0.833162026331248
1.5715,0.833162026331248
1.57155,0.8334978450566448
1.5716,0.8334978450566448
1.57165,0.833162026331248
1.5717,0.833162026331248
1.57175,0.8334978450566448
1.5718,0.8334978450566448
1.57185,0.8334978450566448
1.5719,0.8334978450566448
1.57195,0.833162026331248
1.572,0.833162026331248
1.57205,0.8334978450566448
1.5721,0.833162026331248
1.57215,0.833162026331248
1.5722,0.8328262076058512
1.57225,0.8328262076058512
1.5723,0.8328262076058512
1.57235,0.8328262076058512
1.5724,0.8328262076058512
1.57245,0.8328262076058512
1.5725,0.8328262076058512
1.57255,0.833162026331248
1.5726,0.833162026331248
1.57265,0.833162026331248
1.5727,0.833162026331248
1.57275,0.833162026331248
1.5728,0.833162026331248
1.57285,0.833162026331248
1.5729,0.833162026331248
1.57295,0.833162026331248
1.573,0.8328262076058512
1.57305,0.8328262076058512
1.5731,0.8328262076058512
1.57315,0.8328262076058512
1.5732,0.8328262076058512
1.57325,0.833162026331248
1.5733,0.8328262076058512
1.57335,0.8328262076058512
1.5734,0.8328262076058512
1.57345,0.8328262076058512
1.5735,0.833162026331248
1.57355,0.8328262076058512
1.5736,0.8328262076058512
1.57365,0.8328262076058512
1.5737,0.833162026331248
1.57375,0.833162026331248
1.5738,0.833162026331248
1.57385,0.8328262076058512
1.5739,0.833162026331248
1.57395,0.833162026331248
1.574,0.8328262076058512
1.57405,0.833162026331248
1.5741,0.833162026331248
1.57415,0.833162026331248
1.5742,0.833162026331248
1.57425,0.833162026331248
1.5743,0.833162026331248
1.57435,0.8328262076058512
1.5744,0.8328262076058512
1.57445,0.8328262076058512
1.5745,0.8328262076058512
1.57455,0.8328262076058512
1.5746,0.833162026331248
1.57465,0.833162026331248
1.5747,0.833162026331248
1.57475,0.833162026331248
1.5748,0.833162026331248
1.57485,0.8328262076058512
1.5749,0.8328262076058512
1.57495,0.8328262076058512
1.575,0.8328262076058512
1.57505,0.833162026331248
1.5751,0.8328262076058512
1.57515,0.8328262076058512
1.5752,0.8328262076058512
1.57525,0.8328262076058512
1.5753,0.833162026331248
1.57535,0.833162026331248
1.5754,0.833162026331248
1.57545,0.833162026331248
1.5755,0.8328262076058512
1.57555,0.8328262076058512
1.5756,0.8328262076058512
1.57565,0.8328262076058512
1.5757,0.8328262076058512
1.57575,0.8328262076058512
1.5758,0.833162026331248
1.57585,0.833162026331248
1.5759,0.833162026331248
1.57595,0.833162026331248
1.576,0.8328262076058512
1.57605,0.833162026331248
1.5761,0.8328262076058512
1.57615,0.8328262076058512
1.5762,0.8328262076058512
1.57625,0.8328262076058512
1.5763,0.8328262076058512
1.57635,0.833162026331248
1.5764,0.8328262076058512
1.57645,0.8328262076058512
1.5765,0.8328262076058512
1.57655,0.8328262076058512
1.5766,0.8328262076058512
1.57665,0.8328262076058512
1.5767,0.833162026331248
1.57675,0.833162026331248
1.5768,0.8328262076058512
1.57685,0.8328262076058512
1.5769,0.8328262076058512
1.57695,0.8328262076058512
1.577,0.833162026331248
1.57705,0.8328262076058512
1.5771,0.833162026331248
1.57715,0.833162026331248
1.5772,0.833162026331248
1.57725,0.833162026331248
1.5773,0.833162026331248
1.57735,0.8328262076058512
1.5774,0.8328262076058512
1.57745,0.8328262076058512
1.5775,0.8328262076058512
1.57755,0.8328262076058512
1.5776,0.8328262076058512
1.57765,0.8328262076058512
1.5777,0.8328262076058512
1.57775,0.8328262076058512
1.5778,0.8328262076058512
1.57785,0.8328262076058512
1.5779,0.8328262076058512
1.57795,0.8328262076058512
1.578,0.8328262076058512
1.57805,0.8328262076058512
1.5781,0.833162026331248
1.57815,0.8328262076058512
1.5782,0.8328262076058512
1.57825,0.8328262076058512
1.5783,0.833162026331248
1.57835,0.8328262076058512
1.5784,0.8328262076058512
1.57845,0.8328262076058512
1.5785,0.8328262076058512
1.57855,0.8328262076058512
1.5786,0.8328262076058512
1.57865,0.8328262076058512
1.5787,0.8328262076058512
1.57875,0.8328262076058512
1.5788,0.8328262076058512
1.57885,0.833162026331248
1.5789,0.8328262076058512
1.57895,0.8328262076058512
1.579,0.8328262076058512
1.57905,0.833162026331248
1.5791,0.833162026331248
1.57915,0.8328262076058512
1.5792,0.8328262076058512
1.57925,0.8328262076058512
1.5793,0.8328262076058512
1.57935,0.8328262076058512
1.5794,0.8328262076058512
1.57945,0.8328262076058512
1.5795,0.8328262076058512
1.57955,0.8328262076058512
1.5796,0.8328262076058512
1.57965,0.8328262076058512
1.5797,0.8328262076058512
1.57975,0.8328262076058512
1.5798,0.8328262076058512
1.57985,0.8328262076058512
1.5799,0.8328262076058512
1.57995,0.8328262076058512
1.58,0.8328262076058512
1.58005,0.8328262076058512
1.5801,0.8328262076058512
1.58015,0.8328262076058512
1.5802,0.8328262076058512
1.58025,0.8328262076058512
1.5803,0.8328262076058512
1.58035,0.8328262076058512
1.5804,0.833162026331248
1.58045,0.8328262076058512
1.5805,0.8328262076058512
1.58055,0.833162026331248
1.5806,0.833162026331248
1.58065,0.8328262076058512
1.5807,0.8328262076058512
1.58075,0.8328262076058512
1.5808,0.8328262076058512
1.58085,0.8328262076058512
1.5809,0.8324903888804545
1.58095,0.8324903888804545
1.581,0.8328262076058512
1.58105,0.8324903888804545
1.5811,0.8324903888804545
1.58115,0.8324903888804545
1.5812,0.8324903888804545
1.58125,0.8324903888804545
1.5813,0.8324903888804545
1.58135,0.8324903888804545
1.5814,0.8324903888804545
1.58145,0.8324903888804545
1.5815,0.8324903888804545
1.58155,0.8324903888804545
1.5816,0.8324903888804545
1.58165,0.8324903888804545
1.5817,0.8324903888804545
1.58175,0.8324903888804545
1.5818,0.8324903888804545
1.58185,0.8324903888804545
1.5819,0.8324903888804545
1.58195,0.8324903888804545
1.582,0.8324903888804545
1.58205,0.8324903888804545
1.5821,0.8324903888804545
1.58215,0.8324903888804545
1.5822,0.8324903888804545
1.58225,0.8324903888804545
1.5823,0.8324903888804545
1.58235,0.8324903888804545
1.5824,0.8324903888804545
1.58245,0.8324903888804545
1.5825,0.8324903888804545
1.58255,0.8324903888804545
1.5826,0.8324903888804545
1.58265,0.8324903888804545
1.5827,0.8324903888804545
1.58275,0.8324903888804545
1.5828,0.8324903888804545
1.58285,0.8324903888804545
1.5829,0.8324903888804545
1.58295,0.8324903888804545
1.583,0.8324903888804545
1.58305,0.8324903888804545
1.5831,0.8324903888804545
1.58315,0.8324903888804545
1.5832,0.8324903888804545
1.58325,0.8324903888804545
1.5833,0.8324903888804545
1.58335,0.8324903888804545
1.5834,0.8324903888804545
1.58345,0.8324903888804545
1.5835,0.8324903888804545
1.58355,0.8328262076058512
1.5836,0.8328262076058512
1.58365,0.8324903888804545
1.5837,0.8328262076058512
1.58375,0.8324903888804545
1.5838,0.8328262076058512
1.58385,0.8328262076058512
1.5839,0.8324903888804545
1.58395,0.8324903888804545
1.584,0.8324903888804545
1.58405,0.8324903888804545
1.5841,0.8324903888804545
1.58415,0.8324903888804545
1.5842,0.8324903888804545
1.58425,0.8324903888804545
1.5843,0.8324903888804545
1.58435,0.8324903888804545
1.5844,0.8324903888804545
1.58445,0.8324903888804545
1.5845,0.8324903888804545
1.58455,0.8324903888804545
1.5846,0.8328262076058512
1.58465,0.8324903888804545
1.5847,0.8324903888804545
1.58475,0.8324903888804545
1.5848,0.8324903888804545
1.58485,0.8324903888804545
1.5849,0.8324903888804545
1.58495,0.8328262076058512
1.585,0.8328262076058512
1.58505,0.8328262076058512
1.5851,0.8328262076058512
1.58515,0.8328262076058512
1.5852,0.8328262076058512
1.58525,0.8328262076058512
1.5853,0.8328262076058512
1.58535,0.8328262076058512
1.5854,0.8328262076058512
1.58545,0.8328262076058512
1.5855,0.8324903888804545
1.58555,0.8328262076058512
1.5856,0.8328262076058512
1.58565,0.8324903888804545
1.5857,0.8328262076058512
1.58575,0.8324903888804545
1.5858,0.8324903888804545
1.58585,0.8328262076058512
1.5859,0.8328262076058512
1.58595,0.8328262076058512
1.586,0.8328262076058512
1.58605,0.8328262076058512
1.5861,0.8328262076058512
1.58615,0.833162026331248
1.5862,0.8328262076058512
1.58625,0.8328262076058512
1.5863,0.8328262076058512
1.58635,0.8328262076058512
1.5864,0.833162026331248
1.58645,0.833162026331248
1.5865,0.8328262076058512
1.58655,0.8328262076058512
1.5866,0.8328262076058512
1.58665,0.8328262076058512
1.5867,0.8328262076058512
1.58675,0.8328262076058512
1.5868,0.8328262076058512
1.58685,0.8328262076058512
1.5869,0.8328262076058512
1.58695,0.8328262076058512
1.587,0.8328262076058512
1.58705,0.8328262076058512
1.5871,0.8328262076058512
1.58715,0.8328262076058512
1.5872,0.8328262076058512
1.58725,0.8328262076058512
1.5873,0.8328262076058512
1.58735,0.8328262076058512
1.5874,0.8328262076058512
1.58745,0.8328262076058512
1.5875,0.833162026331248
1.58755,0.833162026331248
1.5876,0.833162026331248
1.58765,0.833162026331248
1.5877,0.833162026331248
1.58775,0.833162026331248
1.5878,0.833162026331248
1.58785,0.833162026331248
1.5879,0.833162026331248
1.58795,0.833162026331248
1.588,0.833162026331248
1.58805,0.833162026331248
1.5881,0.833162026331248
1.58815,0.833162026331248
1.5882,0.833162026331248
1.58825,0.833162026331248
1.5883,0.833162026331248
1.58835,0.833162026331248
1.5884,0.833162026331248
1.58845,0.833162026331248
1.5885,0.833162026331248
1.58855,0.833162026331248
1.5886,0.833162026331248
1.58865,0.833162026331248
1.5887,0.833162026331248
1.58875,0.833162026331248
1.5888,0.833162026331248
1.58885,0.833162026331248
1.5889,0.8334978450566448
1.58895,0.833162026331248
1.589,0.833162026331248
1.58905,0.833162026331248
1.5891,0.833162026331248
1.58915,0.833162026331248
1.5892,0.833162026331248
1.58925,0.833162026331248
1.5893,0.833162026331248
1.58935,0.833162026331248
1.5894,0.8334978450566448
1.58945,0.8334978450566448
1.5895,0.8334978450566448
1.58955,0.8334978450566448
1.5896,0.8334978450566448
1.58965,0.833162026331248
1.5897,0.833162026331248
1.58975,0.833162026331248
1.5898,0.833162026331248
1.58985,0.833162026331248
1.5899,0.833162026331248
1.58995,0.833162026331248
1.59,0.833162026331248
1.59005,0.833162026331248
1.5901,0.833162026331248
1.59015,0.833162026331248
1.5902,0.833162026331248
1.59025,0.833162026331248
1.5903,0.833162026331248
1.59035,0.833162026331248
1.5904,0.833162026331248
1.59045,0.833162026331248
1.5905,0.833162026331248
1.59055,0.833162026331248
1.5906,0.8334978450566448
1.59065,0.8334978450566448
1.5907,0.8334978450566448
1.59075,0.8334978450566448
1.5908,0.833162026331248
1.59085,0.8334978450566448
1.5909,0.8334978450566448
1.59095,0.833162026331248
1.591,0.833162026331248
1.59105,0.833162026331248
1.5911,0.833162026331248
1.59115,0.833162026331248
1.5912,0.833162026331248
1.59125,0.8334978450566448
1.5913,0.8334978450566448
1.59135,0.8334978450566448
1.5914,0.8334978450566448
1.59145,0.8334978450566448
1.5915,0.833162026331248
1.59155,0.833162026331248
1.5916,0.8334978450566448
1.59165,0.833162026331248
1.5917,0.8334978450566448
1.59175,0.833162026331248
1.5918,0.8334978450566448
1.59185,0.833162026331248
1.5919,0.833162026331248
1.59195,0.833162026331248
1.592,0.833162026331248
1.59205,0.833162026331248
1.5921,0.833162026331248
1.59215,0.833162026331248
1.5922,0.8328262076058512
1.59225,0.8328262076058512
1.5923,0.833162026331248
1.59235,0.833162026331248
1.5924,0.833162026331248
1.59245,0.833162026331248
1.5925,0.8328262076058512
1.59255,0.8328262076058512
1.5926,0.8328262076058512
1.59265,0.8328262076058512
1.5927,0.8328262076058512
1.59275,0.8328262076058512
1.5928,0.8328262076058512
1.59285,0.8328262076058512
1.5929,0.8328262076058512
1.59295,0.8328262076058512
1.593,0.8328262076058512
1.59305,0.8328262076058512
1.5931,0.8328262076058512
1.59315,0.833162026331248
1.5932,0.833162026331248
1.59325,0.8328262076058512
1.5933,0.8328262076058512
1.59335,0.8328262076058512
1.5934,0.8328262076058512
1.59345,0.8328262076058512
1.5935,0.833162026331248
1.59355,0.833162026331248
1.5936,0.833162026331248
1.59365,0.8328262076058512
1.5937,0.833162026331248
1.59375,0.833162026331248
1.5938,0.8328262076058512
1.59385,0.8328262076058512
1.5939,0.8328262076058512
1.59395,0.8328262076058512
1.594,0.8328262076058512
1.59405,0.8328262076058512
1.5941,0.8328262076058512
1.59415,0.8328262076058512
1.5942,0.8328262076058512
1.59425,0.8328262076058512
1.5943,0.833162026331248
1.59435,0.8328262076058512
1.5944,0.8328262076058512
1.59445,0.8328262076058512
1.5945,0.8328262076058512
1.59455,0.8328262076058512
1.5946,0.8328262076058512
1.59465,0.833162026331248
1.5947,0.8328262076058512
1.59475,0.8328262076058512
1.5948,0.833162026331248
1.59485,0.8328262076058512
1.5949,0.8328262076058512
1.59495,0.8328262076058512
1.595,0.8328262076058512
1.59505,0.833162026331248
1.5951,0.8328262076058512
1.59515,0.8328262076058512
1.5952,0.8328262076058512
1.59525,0.8328262076058512
1.5953,0.833162026331248
1.59535,0.833162026331248
1.5954,0.833162026331248
1.59545,0.8328262076058512
1.5955,0.8328262076058512
1.59555,0.8328262076058512
1.5956,0.833162026331248
1.59565,0.833162026331248
1.5957,0.833162026331248
1.59575,0.833162026331248
1.5958,0.833162026331248
1.59585,0.833162026331248
1.5959,0.833162026331248
1.59595,0.833162026331248
1.596,0.8328262076058512
1.59605,0.8328262076058512
1.5961,0.8328262076058512
1.59615,0.8328262076058512
1.5962,0.8328262076058512
1.59625,0.8328262076058512
1.5963,0.8328262076058512
1.59635,0.8328262076058512
1.5964,0.8328262076058512
1.59645,0.833162026331248
1.5965,0.8328262076058512
1.59655,0.8328262076058512
1.5966,0.833162026331248
1.59665,0.8328262076058512
1.5967,0.8328262076058512
1.59675,0.8328262076058512
1.5968,0.8328262076058512
1.59685,0.8328262076058512
1.5969,0.8328262076058512
1.59695,0.8328262076058512
1.597,0.8328262076058512
1.59705,0.8328262076058512
1.5971,0.8328262076058512
1.59715,0.8328262076058512
1.5972,0.8328262076058512
1.59725,0.8328262076058512
1.5973,0.8328262076058512
1.59735,0.8328262076058512
1.5974,0.8328262076058512
1.59745,0.833162026331248
1.5975,0.833162026331248
1.59755,0.833162026331248
1.5976,0.833162026331248
1.59765,0.8328262076058512
1.5977,0.8328262076058512
1.59775,0.8328262076058512
1.5978,0.8328262076058512
1.59785,0.833162026331248
1.5979,0.8328262076058512
1.59795,0.8328262076058512
1.598,0.8328262076058512
1.59805,0.8328262076058512
1.5981,0.8328262076058512
1.59815,0.8328262076058512
1.5982,0.8328262076058512
1.59825,0.8328262076058512
1.5983,0.8328262076058512
1.59835,0.8328262076058512
1.5984,0.8328262076058512
1.59845,0.8328262076058512
1.5985,0.8328262076058512
1.59855,0.8328262076058512
1.5986,0.8328262076058512
1.59865,0.8328262076058512
1.5987,0.8328262076058512
1.59875,0.8328262076058512
1.5988,0.8328262076058512
1.59885,0.8328262076058512
1.5989,0.8328262076058512
1.59895,0.8328262076058512
1.599,0.8328262076058512
1.59905,0.8328262076058512
1.5991,0.8328262076058512
1.59915,0.8328262076058512
1.5992,0.8328262076058512
1.59925,0.8328262076058512
1.5993,0.8328262076058512
1.59935,0.8328262076058512
1.5994,0.8328262076058512
1.59945,0.8328262076058512
1.5995,0.8328262076058512
1.59955,0.8328262076058512
1.5996,0.8328262076058512
1.59965,0.8328262076058512
1.5997,0.8328262076058512
1.59975,0.8328262076058512
1.5998,0.8328262076058512
1.59985,0.8328262076058512
1.5999,0.8328262076058512
1.59995,0.8328262076058512
1.6,0.8328262076058512
1.60005,0.8328262076058512
1.6001,0.8328262076058512
1.60015,0.8328262076058512
1.6002,0.8328262076058512
1.60025,0.8328262076058512
1.6003,0.8328262076058512
1.60035,0.8328262076058512
1.6004,0.8328262076058512
1.60045,0.8328262076058512
1.6005,0.8328262076058512
1.60055,0.8328262076058512
1.6006,0.8328262076058512
1.60065,0.8328262076058512
1.6007,0.8328262076058512
1.60075,0.8328262076058512
1.6008,0.8328262076058512
1.60085,0.8328262076058512
1.6009,0.8328262076058512
1.60095,0.8328262076058512
1.601,0.8324903888804545
1.60105,0.8324903888804545
1.6011,0.8324903888804545
1.60115,0.8324903888804545
1.6012,0.8324903888804545
1.60125,0.8324903888804545
1.6013,0.8324903888804545
1.60135,0.8328262076058512
1.6014,0.8324903888804545
1.60145,0.8324903888804545
1.6015,0.8324903888804545
1.60155,0.8324903888804545
1.6016,0.8324903888804545
1.60165,0.8328262076058512
1.6017,0.8324903888804545
1.60175,0.8324903888804545
1.6018,0.8324903888804545
1.60185,0.8324903888804545
1.6019,0.8324903888804545
1.60195,0.8324903888804545
1.602,0.8328262076058512
1.60205,0.8328262076058512
1.6021,0.8324903888804545
1.60215,0.8328262076058512
1.6022,0.8324903888804545
1.60225,0.8328262076058512
1.6023,0.8328262076058512
1.60235,0.8328262076058512
1.6024,0.8324903888804545
1.60245,0.8324903888804545
1.6025,0.8324903888804545
1.60255,0.8324903888804545
1.6026,0.8324903888804545
1.60265,0.8324903888804545
1.6027,0.8324903888804545
1.60275,0.8324903888804545
1.6028,0.8324903888804545
1.60285,0.8324903888804545
1.6029,0.8324903888804545
1.60295,0.8324903888804545
1.603,0.8324903888804545
1.60305,0.8324903888804545
1.6031,0.8324903888804545
1.60315,0.8324903888804545
1.6032,0.8324903888804545
1.60325,0.8324903888804545
1.6033,0.8324903888804545
1.60335,0.8324903888804545
1.6034,0.8324903888804545
1.60345,0.8324903888804545
1.6035,0.8324903888804545
1.60355,0.8324903888804545
1.6036,0.8324903888804545
1.60365,0.8324903888804545
1.6037,0.8328262076058512
1.60375,0.8324903888804545
1.6038,0.8324903888804545
1.60385,0.8324903888804545
1.6039,0.8324903888804545
1.60395,0.8321545701550577
1.604,0.8324903888804545
1.60405,0.8324903888804545
1.6041,0.8324903888804545
1.60415,0.8324903888804545
1.6042,0.8324903888804545
1.60425,0.8324903888804545
1.6043,0.8324903888804545
1.60435,0.8324903888804545
1.6044,0.8324903888804545
1.60445,0.8324903888804545
1.6045,0.8324903888804545
1.60455,0.8324903888804545
1.6046,0.8324903888804545
1.60465,0.8324903888804545
1.6047,0.8324903888804545
1.60475,0.8324903888804545
1.6048,0.8324903888804545
1.60485,0.8328262076058512
1.6049,0.8324903888804545
1.60495,0.8324903888804545
1.605,0.8324903888804545
1.60505,0.8328262076058512
1.6051,0.8324903888804545
1.60515,0.8324903888804545
1.6052,0.8324903888804545
1.60525,0.8328262076058512
1.6053,0.8324903888804545
1.60535,0.8328262076058512
1.6054,0.8324903888804545
1.60545,0.8328262076058512
1.6055,0.8324903888804545
1.60555,0.8324903888804545
1.6056,0.8324903888804545
1.60565,0.8324903888804545
1.6057,0.8328262076058512
1.60575,0.8328262076058512
1.6058,0.8328262076058512
1.60585,0.8328262076058512
1.6059,0.8328262076058512
1.60595,0.8328262076058512
1.606,0.8328262076058512
1.60605,0.8324903888804545
1.6061,0.8324903888804545
1.60615,0.8328262076058512
1.6062,0.8328262076058512
1.60625,0.8328262076058512
1.6063,0.8328262076058512
1.60635,0.8328262076058512
1.6064,0.8328262076058512
1.60645,0.8328262076058512
1.6065,0.8328262076058512
1.60655,0.8324903888804545
1.6066,0.8324903888804545
1.60665,0.8324903888804545
1.6067,0.8328262076058512
1.60675,0.8328262076058512
1.6068,0.8328262076058512
1.60685,0.8328262076058512
1.6069,0.8328262076058512
1.60695,0.8328262076058512
1.607,0.8328262076058512
1.60705,0.8328262076058512
1.6071,0.8328262076058512
1.60715,0.8328262076058512
1.6072,0.8328262076058512
1.60725,0.833162026331248
1.6073,0.8328262076058512
1.60735,0.833162026331248
1.6074,0.8328262076058512
1.60745,0.8328262076058512
1.6075,0.8328262076058512
1.60755,0.833162026331248
1.6076,0.833162026331248
1.60765,0.833162026331248
1.6077,0.833162026331248
1.60775,0.833162026331248
1.6078,0.833162026331248
1.60785,0.833162026331248
1.6079,0.833162026331248
1.60795,0.833162026331248
1.608,0.833162026331248
1.60805,0.833162026331248
1.6081,0.833162026331248
1.60815,0.833162026331248
1.6082,0.833162026331248
1.60825,0.833162026331248
1.6083,0.833162026331248
1.60835,0.833162026331248
1.6084,0.833162026331248
1.60845,0.833162026331248
1.6085,0.833162026331248
1.60855,0.833162026331248
1.6086,0.833162026331248
1.60865,0.833162026331248
1.6087,0.833162026331248
1.60875,0.8334978450566448
1.6088,0.833162026331248
1.60885,0.833162026331248
1.6089,0.833162026331248
1.60895,0.833162026331248
1.609,0.833162026331248
1.60905,0.833162026331248
1.6091,0.833162026331248
1.60915,0.833162026331248
1.6092,0.833162026331248
1.60925,0.833162026331248
1.6093,0.833162026331248
1.60935,0.833162026331248
1.6094,0.833162026331248
1.60945,0.833162026331248
1.6095,0.833162026331248
1.60955,0.833162026331248
1.6096,0.8334978450566448
1.60965,0.833162026331248
1.6097,0.833162026331248
1.60975,0.833162026331248
1.6098,0.833162026331248
1.60985,0.833162026331248
1.6099,0.833162026331248
1.60995,0.833162026331248
1.61,0.833162026331248
1.61005,0.833162026331248
1.6101,0.833162026331248
1.61015,0.833162026331248
1.6102,0.833162026331248
1.61025,0.833162026331248
1.6103,0.833162026331248
1.61035,0.833162026331248
1.6104,0.833162026331248
1.61045,0.833162026331248
1.6105,0.833162026331248
1.61055,0.8334978450566448
1.6106,0.833162026331248
1.61065,0.833162026331248
1.6107,0.833162026331248
1.61075,0.833162026331248
1.6108,0.833162026331248
1.61085,0.833162026331248
1.6109,0.833162026331248
1.61095,0.833162026331248
1.611,0.8334978450566448
1.61105,0.833162026331248
1.6111,0.833162026331248
1.61115,0.8334978450566448
1.6112,0.8334978450566448
1.61125,0.8334978450566448
1.6113,0.8334978450566448
1.61135,0.8334978450566448
1.6114,0.8334978450566448
1.61145,0.8334978450566448
1.6115,0.8334978450566448
1.61155,0.8334978450566448
1.6116,0.8334978450566448
1.61165,0.8334978450566448
1.6117,0.8334978450566448
1.61175,0.833162026331248
1.6118,0.833162026331248
1.61185,0.833162026331248
1.6119,0.833162026331248
1.61195,0.833162026331248
1.612,0.833162026331248
1.61205,0.8334978450566448
1.6121,0.833162026331248
1.61215,0.833162026331248
1.6122,0.8328262076058512
1.61225,0.8328262076058512
1.6123,0.833162026331248
1.61235,0.833162026331248
1.6124,0.833162026331248
1.61245,0.8328262076058512
1.6125,0.8328262076058512
1.61255,0.8328262076058512
1.6126,0.8328262076058512
1.61265,0.8328262076058512
1.6127,0.8328262076058512
1.61275,0.8328262076058512
1.6128,0.8328262076058512
1.61285,0.8328262076058512
1.6129,0.8328262076058512
1.61295,0.8328262076058512
1.613,0.8328262076058512
1.61305,0.833162026331248
1.6131,0.833162026331248
1.61315,0.8328262076058512
1.6132,0.833162026331248
1.61325,0.8328262076058512
1.6133,0.833162026331248
1.61335,0.833162026331248
1.6134,0.8328262076058512
1.61345,0.8328262076058512
1.6135,0.833162026331248
1.61355,0.833162026331248
1.6136,0.8328262076058512
1.61365,0.8328262076058512
1.6137,0.8328262076058512
1.61375,0.8328262076058512
1.6138,0.8328262076058512
1.61385,0.8328262076058512
1.6139,0.8328262076058512
1.61395,0.833162026331248
1.614,0.833162026331248
1.61405,0.8328262076058512
1.6141,0.833162026331248
1.61415,0.8328262076058512
1.6142,0.8328262076058512
1.61425,0.8328262076058512
1.6143,0.8328262076058512
1.61435,0.8328262076058512
1.6144,0.8328262076058512
1.61445,0.8328262076058512
1.6145,0.8328262076058512
1.61455,0.8328262076058512
1.6146,0.833162026331248
1.61465,0.833162026331248
1.6147,0.8328262076058512
1.61475,0.833162026331248
1.6148,0.833162026331248
1.61485,0.8328262076058512
1.6149,0.8328262076058512
1.61495,0.833162026331248
1.615,0.8328262076058512
1.61505,0.833162026331248
1.6151,0.8328262076058512
1.61515,0.8328262076058512
1.6152,0.833162026331248
1.61525,0.8328262076058512
1.6153,0.8328262076058512
1.61535,0.8328262076058512
1.6154,0.8328262076058512
1.61545,0.8328262076058512
1.6155,0.8328262076058512
1.61555,0.8328262076058512
1.6156,0.8328262076058512
1.61565,0.8328262076058512
1.6157,0.8328262076058512
1.61575,0.8328262076058512
1.6158,0.8328262076058512
1.61585,0.8328262076058512
1.6159,0.8328262076058512
1.61595,0.8328262076058512
1.616,0.8328262076058512
1.61605,0.8328262076058512
1.6161,0.8328262076058512
1.61615,0.8328262076058512
1.6162,0.8328262076058512
1.61625,0.8328262076058512
1.6163,0.8328262076058512
1.61635,0.8328262076058512
1.6164,0.8328262076058512
1.61645,0.8328262076058512
1.6165,0.8328262076058512
1.61655,0.8328262076058512
1.6166,0.8328262076058512
1.61665,0.8328262076058512
1.6167,0.8328262076058512
1.61675,0.8328262076058512
1.6168,0.8328262076058512
1.61685,0.8328262076058512
1.6169,0.8328262076058512
1.61695,0.8328262076058512
1.617,0.8328262076058512
1.61705,0.8328262076058512
1.6171,0.8328262076058512
1.61715,0.8328262076058512
1.6172,0.8328262076058512
1.61725,0.8328262076058512
1.6173,0.8328262076058512
1.61735,0.833162026331248
1.6174,0.8328262076058512
1.61745,0.8328262076058512
1.6175,0.8328262076058512
1.61755,0.8328262076058512
1.6176,0.8328262076058512
1.61765,0.8328262076058512
1.6177,0.8328262076058512
1.61775,0.8328262076058512
1.6178,0.8328262076058512
1.61785,0.8328262076058512
1.6179,0.8328262076058512
1.61795,0.8328262076058512
1.618,0.8328262076058512
1.61805,0.8328262076058512
1.6181,0.8328262076058512
1.61815,0.8328262076058512
1.6182,0.8328262076058512
1.61825,0.8328262076058512
1.6183,0.8328262076058512
1.61835,0.8328262076058512
1.6184,0.8328262076058512
1.61845,0.833162026331248
1.6185,0.833162026331248
1.61855,0.8328262076058512
1.6186,0.833162026331248
1.61865,0.8328262076058512
1.6187,0.8328262076058512
1.61875,0.8328262076058512
1.6188,0.8328262076058512
1.61885,0.833162026331248
1.6189,0.8328262076058512
1.61895,0.8328262076058512
1.619,0.8328262076058512
1.61905,0.8328262076058512
1.6191,0.8328262076058512
1.61915,0.8328262076058512
1.6192,0.833162026331248
1.61925,0.8328262076058512
1.6193,0.8328262076058512
1.61935,0.8328262076058512
1.6194,0.8328262076058512
1.61945,0.8328262076058512
1.6195,0.8328262076058512
1.61955,0.8328262076058512
1.6196,0.8328262076058512
1.61965,0.8328262076058512
1.6197,0.8328262076058512
1.61975,0.8328262076058512
1.6198,0.8328262076058512
1.61985,0.8328262076058512
1.6199,0.8328262076058512
1.61995,0.8328262076058512
1.62,0.8328262076058512
1.62005,0.8328262076058512
1.6201,0.8328262076058512
1.62015,0.8328262076058512
1.6202,0.8328262076058512
1.62025,0.8328262076058512
1.6203,0.8328262076058512
1.62035,0.8328262076058512
1.6204,0.8328262076058512
1.62045,0.8328262076058512
1.6205,0.8328262076058512
1.62055,0.8328262076058512
1.6206,0.8328262076058512
1.62065,0.8328262076058512
1.6207,0.8328262076058512
1.62075,0.8328262076058512
1.6208,0.8328262076058512
1.62085,0.8328262076058512
1.6209,0.8324903888804545
1.62095,0.8324903888804545
1.621,0.8324903888804545
1.62105,0.8324903888804545
1.6211,0.8324903888804545
1.62115,0.8324903888804545
1.6212,0.8324903888804545
1.62125,0.8324903888804545
1.6213,0.8324903888804545
1.62135,0.8324903888804545
1.6214,0.8324903888804545
1.62145,0.8324903888804545
1.6215,0.8324903888804545
1.62155,0.8324903888804545
1.6216,0.8324903888804545
1.62165,0.8324903888804545
1.6217,0.8324903888804545
1.62175,0.8324903888804545
1.6218,0.8324903888804545
1.62185,0.8324903888804545
1.6219,0.8324903888804545
1.62195,0.8324903888804545
1.622,0.8324903888804545
1.62205,0.8324903888804545
1.6221,0.8324903888804545
1.62215,0.8324903888804545
1.6222,0.8324903888804545
1.62225,0.8324903888804545
1.6223,0.8328262076058512
1.62235,0.8324903888804545
1.6224,0.8324903888804545
1.62245,0.8324903888804545
1.6225,0.8324903888804545
1.62255,0.8324903888804545
1.6226,0.8324903888804545
1.62265,0.8324903888804545
1.6227,0.8324903888804545
1.62275,0.8324903888804545
1.6228,0.8324903888804545
1.62285,0.8324903888804545
1.6229,0.8324903888804545
1.62295,0.8324903888804545
1.623,0.8324903888804545
1.62305,0.8324903888804545
1.6231,0.8324903888804545
1.62315,0.8324903888804545
1.6232,0.8324903888804545
1.62325,0.8324903888804545
1.6233,0.8324903888804545
1.62335,0.8324903888804545
1.6234,0.8324903888804545
1.62345,0.8324903888804545
1.6235,0.8324903888804545
1.62355,0.8324903888804545
1.6236,0.8324903888804545
1.62365,0.8324903888804545
1.6237,0.8324903888804545
1.62375,0.8324903888804545
1.6238,0.8324903888804545
1.62385,0.8324903888804545
1.6239,0.8324903888804545
1.62395,0.8324903888804545
1.624,0.8324903888804545
1.62405,0.8324903888804545
1.6241,0.8324903888804545
1.62415,0.8324903888804545
1.6242,0.8324903888804545
1.62425,0.8324903888804545
1.6243,0.8324903888804545
1.62435,0.8324903888804545
1.6244,0.8324903888804545
1.62445,0.8324903888804545
1.6245,0.8324903888804545
1.62455,0.8324903888804545
1.6246,0.8324903888804545
1.62465,0.8324903888804545
1.6247,0.8324903888804545
1.62475,0.8324903888804545
1.6248,0.8324903888804545
1.62485,0.8328262076058512
1.6249,0.8328262076058512
1.62495,0.8328262076058512
1.625,0.8328262076058512
1.62505,0.8328262076058512
1.6251,0.8328262076058512
1.62515,0.8328262076058512
1.6252,0.8328262076058512
1.62525,0.8328262076058512
1.6253,0.8328262076058512
1.62535,0.8328262076058512
1.6254,0.8324903888804545
1.62545,0.8328262076058512
1.6255,0.8328262076058512
1.62555,0.8328262076058512
1.6256,0.8328262076058512
1.62565,0.8328262076058512
1.6257,0.8328262076058512
1.62575,0.8328262076058512
1.6258,0.8328262076058512
1.62585,0.8328262076058512
1.6259,0.8328262076058512
1.62595,0.8328262076058512
1.626,0.8328262076058512
1.62605,0.8328262076058512
1.6261,0.8328262076058512
1.62615,0.8328262076058512
1.6262,0.8328262076058512
1.62625,0.8328262076058512
1.6263,0.8328262076058512
1.62635,0.8328262076058512
1.6264,0.8328262076058512
1.62645,0.8328262076058512
1.6265,0.8328262076058512
1.62655,0.8328262076058512
1.6266,0.8328262076058512
1.62665,0.8328262076058512
1.6267,0.8328262076058512
1.62675,0.8328262076058512
1.6268,0.8328262076058512
1.62685,0.8328262076058512
1.6269,0.8328262076058512
1.62695,0.8328262076058512
1.627,0.8328262076058512
1.62705,0.8328262076058512
1.6271,0.8328262076058512
1.62715,0.8328262076058512
1.6272,0.8328262076058512
1.62725,0.8328262076058512
1.6273,0.8328262076058512
1.62735,0.833162026331248
1.6274,0.833162026331248
1.62745,0.8328262076058512
1.6275,0.833162026331248
1.62755,0.833162026331248
1.6276,0.8328262076058512
1.62765,0.8328262076058512
1.6277,0.833162026331248
1.62775,0.833162026331248
1.6278,0.833162026331248
1.62785,0.833162026331248
1.6279,0.833162026331248
1.62795,0.833162026331248
1.628,0.833162026331248
1.62805,0.833162026331248
1.6281,0.833162026331248
1.62815,0.833162026331248
1.6282,0.8328262076058512
1.62825,0.833162026331248
1.6283,0.833162026331248
1.62835,0.833162026331248
1.6284,0.833162026331248
1.62845,0.833162026331248
1.6285,0.833162026331248
1.62855,0.833162026331248
1.6286,0.833162026331248
1.62865,0.833162026331248
1.6287,0.833162026331248
1.62875,0.833162026331248
1.6288,0.833162026331248
1.62885,0.833162026331248
1.6289,0.833162026331248
1.62895,0.833162026331248
1.629,0.833162026331248
1.62905,0.833162026331248
1.6291,0.833162026331248
1.62915,0.833162026331248
1.6292,0.833162026331248
1.62925,0.833162026331248
1.6293,0.833162026331248
1.62935,0.833162026331248
1.6294,0.833162026331248
1.62945,0.833162026331248
1.6295,0.833162026331248
1.62955,0.833162026331248
1.6296,0.833162026331248
1.62965,0.833162026331248
1.6297,0.833162026331248
1.62975,0.833162026331248
1.6298,0.833162026331248
1.62985,0.8328262076058512
1.6299,0.8328262076058512
1.62995,0.833162026331248
1.63,0.833162026331248
1.63005,0.833162026331248
1.6301,0.833162026331248
1.63015,0.833162026331248
1.6302,0.8328262076058512
1.63025,0.833162026331248
1.6303,0.833162026331248
1.63035,0.833162026331248
1.6304,0.833162026331248
1.63045,0.833162026331248
1.6305,0.833162026331248
1.63055,0.833162026331248
1.6306,0.833162026331248
1.63065,0.833162026331248
1.6307,0.833162026331248
1.63075,0.833162026331248
1.6308,0.833162026331248
1.63085,0.833162026331248
1.6309,0.833162026331248
1.63095,0.833162026331248
1.631,0.833162026331248
1.63105,0.833162026331248
1.6311,0.833162026331248
1.63115,0.833162026331248
1.6312,0.833162026331248
1.63125,0.833162026331248
1.6313,0.833162026331248
1.63135,0.833162026331248
1.6314,0.833162026331248
1.63145,0.833162026331248
1.6315,0.833162026331248
1.63155,0.833162026331248
1.6316,0.8334978450566448
1.63165,0.8334978450566448
1.6317,0.833162026331248
1.63175,0.833162026331248
1.6318,0.8334978450566448
1.63185,0.833162026331248
1.6319,0.833162026331248
1.63195,0.833162026331248
1.632,0.833162026331248
1.63205,0.833162026331248
1.6321,0.833162026331248
1.63215,0.833162026331248
1.6322,0.833162026331248
1.63225,0.8328262076058512
1.6323,0.8328262076058512
1.63235,0.8328262076058512
1.6324,0.8328262076058512
1.63245,0.8328262076058512
1.6325,0.8328262076058512
1.63255,0.8328262076058512
1.6326,0.8328262076058512
1.63265,0.8328262076058512
1.6327,0.833162026331248
1.63275,0.833162026331248
1.6328,0.8328262076058512
1.63285,0.833162026331248
1.6329,0.833162026331248
1.63295,0.8328262076058512
1.633,0.833162026331248
1.63305,0.8328262076058512
1.6331,0.8328262076058512
1.63315,0.8328262076058512
1.6332,0.8328262076058512
1.63325,0.8328262076058512
1.6333,0.833162026331248
1.63335,0.833162026331248
1.6334,0.833162026331248
1.63345,0.833162026331248
1.6335,0.8328262076058512
1.63355,0.8328262076058512
1.6336,0.8328262076058512
1.63365,0.8328262076058512
1.6337,0.8328262076058512
1.63375,0.8328262076058512
1.6338,0.8328262076058512
1.63385,0.8328262076058512
1.6339,0.8328262076058512
1.63395,0.833162026331248
1.634,0.8328262076058512
1.63405,0.8328262076058512
1.6341,0.8328262076058512
1.63415,0.833162026331248
1.6342,0.8328262076058512
1.63425,0.8328262076058512
1.6343,0.8328262076058512
1.63435,0.833162026331248
1.6344,0.8328262076058512
1.63445,0.8328262076058512
1.6345,0.8328262076058512
1.63455,0.8328262076058512
1.6346,0.833162026331248
1.63465,0.833162026331248
1.6347,0.8328262076058512
1.63475,0.8328262076058512
1.6348,0.8328262076058512
1.63485,0.8328262076058512
1.6349,0.8328262076058512
1.63495,0.8328262076058512
1.635,0.8328262076058512
1.63505,0.8328262076058512
1.6351,0.8328262076058512
1.63515,0.8328262076058512
1.6352,0.8328262076058512
1.63525,0.8328262076058512
1.6353,0.8328262076058512
1.63535,0.8328262076058512
1.6354,0.8328262076058512
1.63545,0.8328262076058512
1.6355,0.8328262076058512
1.63555,0.8328262076058512
1.6356,0.8328262076058512
1.63565,0.8328262076058512
1.6357,0.8328262076058512
1.63575,0.8328262076058512
1.6358,0.8328262076058512
1.63585,0.8328262076058512
1.6359,0.8328262076058512
1.63595,0.8328262076058512
1.636,0.8328262076058512
1.63605,0.8328262076058512
1.6361,0.8328262076058512
1.63615,0.8328262076058512
1.6362,0.8328262076058512
1.63625,0.8328262076058512
1.6363,0.8328262076058512
1.63635,0.8328262076058512
1.6364,0.8328262076058512
1.63645,0.8328262076058512
1.6365,0.8328262076058512
1.63655,0.8328262076058512
1.6366,0.8328262076058512
1.63665,0.833162026331248
1.6367,0.833162026331248
1.63675,0.8328262076058512
1.6368,0.833162026331248
1.63685,0.8328262076058512
1.6369,0.8328262076058512
1.63695,0.8328262076058512
1.637,0.8328262076058512
1.63705,0.8328262076058512
1.6371,0.8328262076058512
1.63715,0.8328262076058512
1.6372,0.8328262076058512
1.63725,0.8328262076058512
1.6373,0.8328262076058512
1.63735,0.8328262076058512
1.6374,0.8328262076058512
1.63745,0.8328262076058512
1.6375,0.8328262076058512
1.63755,0.8328262076058512
1.6376,0.8328262076058512
1.63765,0.8328262076058512
1.6377,0.8328262076058512
1.63775,0.8328262076058512
1.6378,0.8328262076058512
1.63785,0.8328262076058512
1.6379,0.8328262076058512
1.63795,0.8328262076058512
1.638,0.8328262076058512
1.63805,0.8328262076058512
1.6381,0.8328262076058512
1.63815,0.8328262076058512
1.6382,0.8328262076058512
1.63825,0.833162026331248
1.6383,0.8328262076058512
1.63835,0.8328262076058512
1.6384,0.8328262076058512
1.63845,0.8328262076058512
1.6385,0.8328262076058512
1.63855,0.8328262076058512
1.6386,0.8328262076058512
1.63865,0.8328262076058512
1.6387,0.8328262076058512
1.63875,0.8328262076058512
1.6388,0.8328262076058512
1.63885,0.8328262076058512
1.6389,0.8328262076058512
1.63895,0.8328262076058512
1.639,0.8328262076058512
1.63905,0.8328262076058512
1.6391,0.8328262076058512
1.63915,0.8328262076058512
1.6392,0.833162026331248
1.63925,0.8328262076058512
1.6393,0.8328262076058512
1.63935,0.8328262076058512
1.6394,0.8328262076058512
1.63945,0.8328262076058512
1.6395,0.8328262076058512
1.63955,0.8328262076058512
1.6396,0.8328262076058512
1.63965,0.8328262076058512
1.6397,0.8328262076058512
1.63975,0.8328262076058512
1.6398,0.833162026331248
1.63985,0.8328262076058512
1.6399,0.8328262076058512
1.63995,0.8328262076058512
1.64,0.8328262076058512
1.64005,0.8328262076058512
1.6401,0.8328262076058512
1.64015,0.8328262076058512
1.6402,0.833162026331248
1.64025,0.8328262076058512
1.6403,0.8328262076058512
1.64035,0.8328262076058512
1.6404,0.8328262076058512
1.64045,0.8328262076058512
1.6405,0.8328262076058512
1.64055,0.8328262076058512
1.6406,0.8328262076058512
1.64065,0.8328262076058512
1.6407,0.8328262076058512
1.64075,0.8328262076058512
1.6408,0.8328262076058512
1.64085,0.8324903888804545
1.6409,0.8328262076058512
1.64095,0.8324903888804545
1.641,0.8324903888804545
1.64105,0.8328262076058512
1.6411,0.8324903888804545
1.64115,0.8324903888804545
1.6412,0.8324903888804545
1.64125,0.8324903888804545
1.6413,0.8324903888804545
1.64135,0.8324903888804545
1.6414,0.8324903888804545
1.64145,0.8324903888804545
1.6415,0.8324903888804545
1.64155,0.8324903888804545
1.6416,0.8324903888804545
1.64165,0.8324903888804545
1.6417,0.8328262076058512
1.64175,0.8324903888804545
1.6418,0.8324903888804545
1.64185,0.8324903888804545
1.6419,0.8324903888804545
1.64195,0.8324903888804545
1.642,0.8324903888804545
1.64205,0.8324903888804545
1.6421,0.8324903888804545
1.64215,0.8328262076058512
1.6422,0.8324903888804545
1.64225,0.8328262076058512
1.6423,0.8328262076058512
1.64235,0.8324903888804545
1.6424,0.8324903888804545
1.64245,0.8324903888804545
1.6425,0.8324903888804545
1.64255,0.8324903888804545
1.6426,0.8324903888804545
1.64265,0.8324903888804545
1.6427,0.8324903888804545
1.64275,0.8324903888804545
1.6428,0.8324903888804545
1.64285,0.8324903888804545
1.6429,0.8324903888804545
1.64295,0.8324903888804545
1.643,0.8324903888804545
1.64305,0.8324903888804545
1.6431,0.8324903888804545
1.64315,0.8324903888804545
1.6432,0.8324903888804545
1.64325,0.8324903888804545
1.6433,0.8324903888804545
1.64335,0.8324903888804545
1.6434,0.8324903888804545
1.64345,0.8324903888804545
1.6435,0.8324903888804545
1.64355,0.8324903888804545
1.6436,0.8324903888804545
1.64365,0.8324903888804545
1.6437,0.8324903888804545
1.64375,0.8324903888804545
1.6438,0.8324903888804545
1.64385,0.8324903888804545
1.6439,0.8324903888804545
1.64395,0.8324903888804545
1.644,0.8324903888804545
1.64405,0.8324903888804545
1.6441,0.8324903888804545
1.64415,0.8324903888804545
1.6442,0.8324903888804545
1.64425,0.8324903888804545
1.6443,0.8324903888804545
1.64435,0.8324903888804545
1.6444,0.8324903888804545
1.64445,0.8324903888804545
1.6445,0.8328262076058512
1.64455,0.8328262076058512
1.6446,0.8328262076058512
1.64465,0.8324903888804545
1.6447,0.8324903888804545
1.64475,0.8324903888804545
1.6448,0.8324903888804545
1.64485,0.8324903888804545
1.6449,0.8324903888804545
1.64495,0.8324903888804545
1.645,0.8324903888804545
1.64505,0.8328262076058512
1.6451,0.8328262076058512
1.64515,0.8328262076058512
1.6452,0.8328262076058512
1.64525,0.8328262076058512
1.6453,0.8324903888804545
1.64535,0.8328262076058512
1.6454,0.8328262076058512
1.64545,0.8328262076058512
1.6455,0.8328262076058512
1.64555,0.8328262076058512
1.6456,0.8328262076058512
1.64565,0.8328262076058512
1.6457,0.8328262076058512
1.64575,0.8328262076058512
1.6458,0.8328262076058512
1.64585,0.8328262076058512
1.6459,0.8328262076058512
1.64595,0.8328262076058512
1.646,0.8328262076058512
1.64605,0.8328262076058512
1.6461,0.8328262076058512
1.64615,0.8328262076058512
1.6462,0.8328262076058512
1.64625,0.8328262076058512
1.6463,0.8328262076058512
1.64635,0.8328262076058512
1.6464,0.8328262076058512
1.64645,0.8328262076058512
1.6465,0.8328262076058512
1.64655,0.8328262076058512
1.6466,0.8328262076058512
1.64665,0.8328262076058512
1.6467,0.8328262076058512
1.64675,0.8328262076058512
1.6468,0.8328262076058512
1.64685,0.8328262076058512
1.6469,0.8328262076058512
1.64695,0.8328262076058512
1.647,0.8328262076058512
1.64705,0.8328262076058512
1.6471,0.8328262076058512
1.64715,0.8328262076058512
1.6472,0.8328262076058512
1.64725,0.8328262076058512
1.6473,0.8328262076058512
1.64735,0.8328262076058512
1.6474,0.8328262076058512
1.64745,0.833162026331248
1.6475,0.833162026331248
1.64755,0.833162026331248
1.6476,0.833162026331248
1.64765,0.833162026331248
1.6477,0.833162026331248
1.64775,0.833162026331248
1.6478,0.833162026331248
1.64785,0.833162026331248
1.6479,0.833162026331248
1.64795,0.8328262076058512
1.648,0.8328262076058512
1.64805,0.833162026331248
1.6481,0.833162026331248
1.64815,0.833162026331248
1.6482,0.833162026331248
1.64825,0.833162026331248
1.6483,0.833162026331248
1.64835,0.833162026331248
1.6484,0.833162026331248
1.64845,0.833162026331248
1.6485,0.833162026331248
1.64855,0.833162026331248
1.6486,0.8334978450566448
1.64865,0.8334978450566448
1.6487,0.8334978450566448
1.64875,0.833162026331248
1.6488,0.833162026331248
1.64885,0.833162026331248
1.6489,0.8328262076058512
1.64895,0.833162026331248
1.649,0.833162026331248
1.64905,0.833162026331248
1.6491,0.833162026331248
1.64915,0.833162026331248
1.6492,0.833162026331248
1.64925,0.833162026331248
1.6493,0.833162026331248
1.64935,0.8334978450566448
1.6494,0.8334978450566448
1.64945,0.833162026331248
1.6495,0.833162026331248
1.64955,0.833162026331248
1.6496,0.833162026331248
1.64965,0.833162026331248
1.6497,0.833162026331248
1.64975,0.833162026331248
1.6498,0.833162026331248
1.64985,0.833162026331248
1.6499,0.833162026331248
1.64995,0.833162026331248
1.65,0.8328262076058512
1.65005,0.833162026331248
1.6501,0.8328262076058512
1.65015,0.833162026331248
1.6502,0.833162026331248
1.65025,0.833162026331248
1.6503,0.833162026331248
1.65035,0.833162026331248
1.6504,0.833162026331248
1.65045,0.833162026331248
1.6505,0.833162026331248
1.65055,0.8334978450566448
1.6506,0.8334978450566448
1.65065,0.833162026331248
1.6507,0.833162026331248
1.65075,0.833162026331248
1.6508,0.833162026331248
1.65085,0.8334978450566448
1.6509,0.833162026331248
1.65095,0.833162026331248
1.651,0.833162026331248
1.65105,0.833162026331248
1.6511,0.833162026331248
1.65115,0.8334978450566448
1.6512,0.8334978450566448
1.65125,0.8334978450566448
1.6513,0.8334978450566448
1.65135,0.8334978450566448
1.6514,0.8334978450566448
1.65145,0.833162026331248
1.6515,0.833162026331248
1.65155,0.833162026331248
1.6516,0.833162026331248
1.65165,0.8334978450566448
1.6517,0.833162026331248
1.65175,0.8334978450566448
1.6518,0.8334978450566448
1.65185,0.8334978450566448
1.6519,0.8334978450566448
1.65195,0.8334978450566448
1.652,0.8334978450566448
1.65205,0.833162026331248
1.6521,0.833162026331248
1.65215,0.8328262076058512
1.6522,0.833162026331248
1.65225,0.833162026331248
1.6523,0.833162026331248
1.65235,0.833162026331248
1.6524,0.833162026331248
1.65245,0.833162026331248
1.6525,0.833162026331248
1.65255,0.833162026331248
1.6526,0.833162026331248
1.65265,0.833162026331248
1.6527,0.833162026331248
1.65275,0.833162026331248
1.6528,0.833162026331248
1.65285,0.833162026331248
1.6529,0.833162026331248
1.65295,0.833162026331248
1.653,0.8328262076058512
1.65305,0.8328262076058512
1.6531,0.833162026331248
1.65315,0.833162026331248
1.6532,0.833162026331248
1.65325,0.8328262076058512
1.6533,0.833162026331248
1.65335,0.833162026331248
1.6534,0.833162026331248
1.65345,0.833162026331248
1.6535,0.8328262076058512
1.65355,0.833162026331248
1.6536,0.833162026331248
1.65365,0.8328262076058512
1.6537,0.8328262076058512
1.65375,0.833162026331248
1.6538,0.8328262076058512
1.65385,0.833162026331248
1.6539,0.833162026331248
1.65395,0.833162026331248
1.654,0.8328262076058512
1.65405,0.8328262076058512
1.6541,0.8328262076058512
1.65415,0.833162026331248
1.6542,0.833162026331248
1.65425,0.833162026331248
1.6543,0.833162026331248
1.65435,0.833162026331248
1.6544,0.8328262076058512
1.65445,0.8328262076058512
1.6545,0.8328262076058512
1.65455,0.8328262076058512
1.6546,0.8328262076058512
1.65465,0.833162026331248
1.6547,0.833162026331248
1.65475,0.8328262076058512
1.6548,0.8328262076058512
1.65485,0.833162026331248
1.6549,0.8328262076058512
1.65495,0.8328262076058512
1.655,0.833162026331248
1.65505,0.833162026331248
1.6551,0.833162026331248
1.65515,0.8328262076058512
1.6552,0.833162026331248
1.65525,0.833162026331248
1.6553,0.833162026331248
1.65535,0.8328262076058512
1.6554,0.8328262076058512
1.65545,0.8328262076058512
1.6555,0.8328262076058512
1.65555,0.833162026331248
1.6556,0.8328262076058512
1.65565,0.8328262076058512
1.6557,0.8328262076058512
1.65575,0.8328262076058512
1.6558,0.8328262076058512
1.65585,0.8328262076058512
1.6559,0.8328262076058512
1.65595,0.8328262076058512
1.656,0.833162026331248
1.65605,0.8328262076058512
1.6561,0.833162026331248
1.65615,0.8328262076058512
1.6562,0.8328262076058512
1.65625,0.8328262076058512
1.6563,0.8328262076058512
1.65635,0.8328262076058512
1.6564,0.8328262076058512
1.65645,0.833162026331248
1.6565,0.8328262076058512
1.65655,0.8328262076058512
1.6566,0.833162026331248
1.65665,0.833162026331248
1.6567,0.8328262076058512
1.65675,0.8328262076058512
1.6568,0.8328262076058512
1.65685,0.8328262076058512
1.6569,0.8328262076058512
1.65695,0.8328262076058512
1.657,0.8328262076058512
1.65705,0.8328262076058512
1.6571,0.8328262076058512
1.65715,0.8328262076058512
1.6572,0.8328262076058512
1.65725,0.833162026331248
1.6573,0.8328262076058512
1.65735,0.8328262076058512
1.6574,0.833162026331248
1.65745,0.8328262076058512
1.6575,0.8328262076058512
1.65755,0.8328262076058512
1.6576,0.8328262076058512
1.65765,0.833162026331248
1.6577,0.833162026331248
1.65775,0.8328262076058512
1.6578,0.833162026331248
1.65785,0.8328262076058512
1.6579,0.8328262076058512
1.65795,0.8328262076058512
1.658,0.8328262076058512
1.65805,0.8328262076058512
1.6581,0.8328262076058512
1.65815,0.8328262076058512
1.6582,0.8328262076058512
1.65825,0.8328262076058512
1.6583,0.833162026331248
1.65835,0.833162026331248
1.6584,0.8328262076058512
1.65845,0.8328262076058512
1.6585,0.8328262076058512
1.65855,0.8328262076058512
1.6586,0.8328262076058512
1.65865,0.8328262076058512
1.6587,0.8328262076058512
1.65875,0.8328262076058512
1.6588,0.8328262076058512
1.65885,0.8328262076058512
1.6589,0.8328262076058512
1.65895,0.8328262076058512
1.659,0.8328262076058512
1.65905,0.8328262076058512
1.6591,0.8328262076058512
1.65915,0.8328262076058512
1.6592,0.8328262076058512
1.65925,0.8328262076058512
1.6593,0.8328262076058512
1.65935,0.8328262076058512
1.6594,0.8328262076058512
1.65945,0.8328262076058512
1.6595,0.8328262076058512
1.65955,0.8328262076058512
1.6596,0.8328262076058512
1.65965,0.8328262076058512
1.6597,0.8328262076058512
1.65975,0.8328262076058512
1.6598,0.8328262076058512
1.65985,0.8328262076058512
1.6599,0.8328262076058512
1.65995,0.8328262076058512
1.66,0.8328262076058512
1.66005,0.8328262076058512
1.6601,0.8328262076058512
1.66015,0.8328262076058512
1.6602,0.8328262076058512
1.66025,0.8328262076058512
1.6603,0.833162026331248
1.66035,0.8328262076058512
1.6604,0.8328262076058512
1.66045,0.8328262076058512
1.6605,0.8328262076058512
1.66055,0.8328262076058512
1.6606,0.8328262076058512
1.66065,0.8328262076058512
1.6607,0.8328262076058512
1.66075,0.8328262076058512
1.6608,0.8328262076058512
1.66085,0.8328262076058512
1.6609,0.8324903888804545
1.66095,0.8324903888804545
1.661,0.8324903888804545
1.66105,0.8324903888804545
1.6611,0.8324903888804545
1.66115,0.8328262076058512
1.6612,0.8324903888804545
1.66125,0.8324903888804545
1.6613,0.8324903888804545
1.66135,0.8324903888804545
1.6614,0.8324903888804545
1.66145,0.8328262076058512
1.6615,0.8324903888804545
1.66155,0.8324903888804545
1.6616,0.8328262076058512
1.66165,0.8324903888804545
1.6617,0.8328262076058512
1.66175,0.8328262076058512
1.6618,0.8328262076058512
1.66185,0.8328262076058512
1.6619,0.8328262076058512
1.66195,0.8328262076058512
1.662,0.8328262076058512
1.66205,0.8328262076058512
1.6621,0.8328262076058512
1.66215,0.8324903888804545
1.6622,0.8324903888804545
1.66225,0.8324903888804545
1.6623,0.8328262076058512
1.66235,0.8328262076058512
1.6624,0.8324903888804545
1.66245,0.8324903888804545
1.6625,0.8324903888804545
1.66255,0.8324903888804545
1.6626,0.8324903888804545
1.66265,0.8324903888804545
1.6627,0.8324903888804545
1.66275,0.8324903888804545
1.6628,0.8324903888804545
1.66285,0.8324903888804545
1.6629,0.8324903888804545
1.66295,0.8324903888804545
1.663,0.8324903888804545
1.66305,0.8324903888804545
1.6631,0.8324903888804545
1.66315,0.8324903888804545
1.6632,0.8324903888804545
1.66325,0.8324903888804545
1.6633,0.8324903888804545
1.66335,0.8324903888804545
1.6634,0.8324903888804545
1.66345,0.8324903888804545
1.6635,0.8324903888804545
1.66355,0.8324903888804545
1.6636,0.8328262076058512
1.66365,0.8328262076058512
1.6637,0.8324903888804545
1.66375,0.8324903888804545
1.6638,0.8324903888804545
1.66385,0.8324903888804545
1.6639,0.8324903888804545
1.66395,0.8324903888804545
1.664,0.8324903888804545
1.66405,0.8324903888804545
1.6641,0.8324903888804545
1.66415,0.8324903888804545
1.6642,0.8324903888804545
1.66425,0.8324903888804545
1.6643,0.8324903888804545
1.66435,0.8324903888804545
1.6644,0.8324903888804545
1.66445,0.8324903888804545
1.6645,0.8324903888804545
1.66455,0.8324903888804545
1.6646,0.8324903888804545
1.66465,0.8324903888804545
1.6647,0.8324903888804545
1.66475,0.8328262076058512
1.6648,0.8328262076058512
1.66485,0.8324903888804545
1.6649,0.8328262076058512
1.66495,0.8328262076058512
1.665,0.8328262076058512
1.66505,0.8328262076058512
1.6651,0.8328262076058512
1.66515,0.8328262076058512
1.6652,0.8328262076058512
1.66525,0.8328262076058512
1.6653,0.8328262076058512
1.66535,0.8324903888804545
1.6654,0.8328262076058512
1.66545,0.8328262076058512
1.6655,0.8328262076058512
1.66555,0.8328262076058512
1.6656,0.8328262076058512
1.66565,0.8328262076058512
1.6657,0.8328262076058512
1.66575,0.8328262076058512
1.6658,0.8328262076058512
1.66585,0.8328262076058512
1.6659,0.8328262076058512
1.66595,0.8328262076058512
1.666,0.8328262076058512
1.66605,0.8328262076058512
1.6661,0.8328262076058512
1.66615,0.8328262076058512
1.6662,0.8328262076058512
1.66625,0.8328262076058512
1.6663,0.8328262076058512
1.66635,0.8328262076058512
1.6664,0.8328262076058512
1.66645,0.8328262076058512
1.6665,0.8328262076058512
1.66655,0.8328262076058512
1.6666,0.8328262076058512
1.66665,0.8328262076058512
1.6667,0.8328262076058512
1.66675,0.8328262076058512
1.6668,0.8328262076058512
1.66685,0.8328262076058512
1.6669,0.8328262076058512
1.66695,0.8328262076058512
1.667,0.8328262076058512
1.66705,0.8328262076058512
1.6671,0.8328262076058512
1.66715,0.8328262076058512
1.6672,0.8328262076058512
1.66725,0.8328262076058512
1.6673,0.8328262076058512
1.66735,0.833162026331248
1.6674,0.8328262076058512
1.66745,0.8328262076058512
1.6675,0.833162026331248
1.66755,0.833162026331248
1.6676,0.833162026331248
1.66765,0.833162026331248
1.6677,0.833162026331248
1.66775,0.833162026331248
1.6678,0.833162026331248
1.66785,0.8334978450566448
1.6679,0.833162026331248
1.66795,0.833162026331248
1.668,0.833162026331248
1.66805,0.833162026331248
1.6681,0.833162026331248
1.66815,0.833162026331248
1.6682,0.833162026331248
1.66825,0.8328262076058512
1.6683,0.833162026331248
1.66835,0.833162026331248
1.6684,0.833162026331248
1.66845,0.833162026331248
1.6685,0.833162026331248
1.66855,0.833162026331248
1.6686,0.833162026331248
1.66865,0.833162026331248
1.6687,0.833162026331248
1.66875,0.833162026331248
1.6688,0.833162026331248
1.66885,0.833162026331248
1.6689,0.833162026331248
1.66895,0.833162026331248
1.669,0.833162026331248
1.66905,0.833162026331248
1.6691,0.8334978450566448
1.66915,0.833162026331248
1.6692,0.833162026331248
1.66925,0.833162026331248
1.6693,0.833162026331248
1.66935,0.833162026331248
1.6694,0.833162026331248
1.66945,0.833162026331248
1.6695,0.8334978450566448
1.66955,0.8334978450566448
1.6696,0.833162026331248
1.66965,0.833162026331248
1.6697,0.833162026331248
1.66975,0.8334978450566448
1.6698,0.833162026331248
1.66985,0.833162026331248
1.6699,0.833162026331248
1.66995,0.833162026331248
1.67,0.833162026331248
1.67005,0.833162026331248
1.6701,0.833162026331248
1.67015,0.833162026331248
1.6702,0.833162026331248
1.67025,0.833162026331248
1.6703,0.833162026331248
1.67035,0.833162026331248
1.6704,0.833162026331248
1.67045,0.833162026331248
1.6705,0.833162026331248
1.67055,0.833162026331248
1.6706,0.833162026331248
1.67065,0.833162026331248
1.6707,0.833162026331248
1.67075,0.833162026331248
1.6708,0.8334978450566448
1.67085,0.833162026331248
1.6709,0.833162026331248
1.67095,0.8334978450566448
1.671,0.8334978450566448
1.67105,0.833162026331248
1.6711,0.8334978450566448
1.67115,0.8334978450566448
1.6712,0.8334978450566448
1.67125,0.8334978450566448
1.6713,0.8334978450566448
1.67135,0.8334978450566448
1.6714,0.8334978450566448
1.67145,0.8334978450566448
1.6715,0.8334978450566448
1.67155,0.8334978450566448
1.6716,0.8334978450566448
1.67165,0.833162026331248
1.6717,0.8334978450566448
1.67175,0.8334978450566448
1.6718,0.833162026331248
1.67185,0.833162026331248
1.6719,0.833162026331248
1.67195,0.833162026331248
1.672,0.833162026331248
1.67205,0.833162026331248
1.6721,0.833162026331248
1.67215,0.833162026331248
1.6722,0.833162026331248
1.67225,0.833162026331248
1.6723,0.833162026331248
1.67235,0.833162026331248
1.6724,0.8328262076058512
1.67245,0.8328262076058512
1.6725,0.8328262076058512
1.67255,0.833162026331248
1.6726,0.833162026331248
1.67265,0.833162026331248
1.6727,0.833162026331248
1.67275,0.833162026331248
1.6728,0.833162026331248
1.67285,0.833162026331248
1.6729,0.833162026331248
1.67295,0.833162026331248
1.673,0.833162026331248
1.67305,0.8328262076058512
1.6731,0.8328262076058512
1.67315,0.833162026331248
1.6732,0.833162026331248
1.67325,0.833162026331248
1.6733,0.8328262076058512
1.67335,0.833162026331248
1.6734,0.833162026331248
1.67345,0.8328262076058512
1.6735,0.8328262076058512
1.67355,0.833162026331248
1.6736,0.833162026331248
1.67365,0.833162026331248
1.6737,0.833162026331248
1.67375,0.833162026331248
1.6738,0.833162026331248
1.67385,0.833162026331248
1.6739,0.8328262076058512
1.67395,0.833162026331248
1.674,0.833162026331248
1.67405,0.833162026331248
1.6741,0.833162026331248
1.67415,0.833162026331248
1.6742,0.833162026331248
1.67425,0.8328262076058512
1.6743,0.8328262076058512
1.67435,0.8328262076058512
1.6744,0.833162026331248
1.67445,0.8328262076058512
1.6745,0.833162026331248
1.67455,0.8328262076058512
1.6746,0.833162026331248
1.67465,0.8328262076058512
1.6747,0.8328262076058512
1.67475,0.8328262076058512
1.6748,0.833162026331248
1.67485,0.8328262076058512
1.6749,0.8328262076058512
1.67495,0.833162026331248
1.675,0.8328262076058512
1.67505,0.8328262076058512
1.6751,0.8328262076058512
1.67515,0.8328262076058512
1.6752,0.833162026331248
1.67525,0.833162026331248
1.6753,0.833162026331248
1.67535,0.833162026331248
1.6754,0.833162026331248
1.67545,0.833162026331248
1.6755,0.833162026331248
1.67555,0.833162026331248
1.6756,0.8328262076058512
1.67565,0.833162026331248
1.6757,0.8328262076058512
1.67575,0.8328262076058512
1.6758,0.833162026331248
1.67585,0.8328262076058512
1.6759,0.8328262076058512
1.67595,0.8328262076058512
1.676,0.8328262076058512
1.67605,0.8328262076058512
1.6761,0.833162026331248
1.67615,0.8328262076058512
1.6762,0.8328262076058512
1.67625,0.833162026331248
1.6763,0.833162026331248
1.67635,0.8328262076058512
1.6764,0.8328262076058512
1.67645,0.8328262076058512
1.6765,0.8328262076058512
1.67655,0.8328262076058512
1.6766,0.833162026331248
1.67665,0.8328262076058512
1.6767,0.8328262076058512
1.67675,0.8328262076058512
1.6768,0.8328262076058512
1.67685,0.8328262076058512
1.6769,0.8328262076058512
1.67695,0.8328262076058512
1.677,0.8328262076058512
1.67705,0.8328262076058512
1.6771,0.8328262076058512
1.67715,0.8328262076058512
1.6772,0.8328262076058512
1.67725,0.8328262076058512
1.6773,0.833162026331248
1.67735,0.8328262076058512
1.6774,0.8328262076058512
1.67745,0.833162026331248
1.6775,0.833162026331248
1.67755,0.8328262076058512
1.6776,0.833162026331248
1.67765,0.833162026331248
1.6777,0.833162026331248
1.67775,0.833162026331248
1.6778,0.833162026331248
1.67785,0.8328262076058512
1.6779,0.8328262076058512
1.67795,0.8328262076058512
1.678,0.8328262076058512
1.67805,0.8328262076058512
1.6781,0.8328262076058512
1.67815,0.8328262076058512
1.6782,0.8328262076058512
1.67825,0.8328262076058512
1.6783,0.8328262076058512
1.67835,0.8328262076058512
1.6784,0.8328262076058512
1.67845,0.8328262076058512
1.6785,0.8328262076058512
1.67855,0.833162026331248
1.6786,0.8328262076058512
1.67865,0.8328262076058512
1.6787,0.8328262076058512
1.67875,0.8328262076058512
1.6788,0.8328262076058512
1.67885,0.8328262076058512
1.6789,0.8328262076058512
1.67895,0.8328262076058512
1.679,0.8328262076058512
1.67905,0.833162026331248
1.6791,0.833162026331248
1.67915,0.8328262076058512
1.6792,0.8328262076058512
1.67925,0.833162026331248
1.6793,0.8328262076058512
1.67935,0.8328262076058512
1.6794,0.8328262076058512
1.67945,0.8328262076058512
1.6795,0.8328262076058512
1.67955,0.8328262076058512
1.6796,0.8328262076058512
1.67965,0.8328262076058512
1.6797,0.8328262076058512
1.67975,0.8328262076058512
1.6798,0.833162026331248
1.67985,0.8328262076058512
1.6799,0.833162026331248
1.67995,0.833162026331248
1.68,0.8328262076058512
1.68005,0.833162026331248
1.6801,0.833162026331248
1.68015,0.833162026331248
1.6802,0.8328262076058512
1.68025,0.8328262076058512
1.6803,0.8328262076058512
1.68035,0.8328262076058512
1.6804,0.8328262076058512
1.68045,0.8328262076058512
1.6805,0.833162026331248
1.68055,0.833162026331248
1.6806,0.833162026331248
1.68065,0.8328262076058512
1.6807,0.8328262076058512
1.68075,0.8328262076058512
1.6808,0.8328262076058512
1.68085,0.8328262076058512
1.6809,0.8324903888804545
1.68095,0.8328262076058512
1.681,0.8328262076058512
1.68105,0.8324903888804545
1.6811,0.8324903888804545
1.68115,0.8324903888804545
1.6812,0.8324903888804545
1.68125,0.8324903888804545
1.6813,0.8324903888804545
1.68135,0.8324903888804545
1.6814,0.8324903888804545
1.68145,0.8324903888804545
1.6815,0.8324903888804545
1.68155,0.8328262076058512
1.6816,0.8328262076058512
1.68165,0.8328262076058512
1.6817,0.8328262076058512
1.68175,0.8328262076058512
1.6818,0.8328262076058512
1.68185,0.8328262076058512
1.6819,0.8328262076058512
1.68195,0.8324903888804545
1.682,0.8324903888804545
1.68205,0.8324903888804545
1.6821,0.8324903888804545
1.68215,0.8324903888804545
1.6822,0.8324903888804545
1.68225,0.8328262076058512
1.6823,0.8328262076058512
1.68235,0.8324903888804545
1.6824,0.8324903888804545
1.68245,0.8328262076058512
1.6825,0.8324903888804545
1.68255,0.8328262076058512
1.6826,0.8324903888804545
1.68265,0.8324903888804545
1.6827,0.8324903888804545
1.68275,0.8324903888804545
1.6828,0.8324903888804545
1.68285,0.8324903888804545
1.6829,0.8324903888804545
1.68295,0.8324903888804545
1.683,0.8324903888804545
1.68305,0.8324903888804545
1.6831,0.8324903888804545
1.68315,0.8324903888804545
1.6832,0.8324903888804545
1.68325,0.8324903888804545
1.6833,0.8324903888804545
1.68335,0.8324903888804545
1.6834,0.8324903888804545
1.68345,0.8328262076058512
1.6835,0.8328262076058512
1.68355,0.8328262076058512
1.6836,0.8324903888804545
1.68365,0.8324903888804545
1.6837,0.8324903888804545
1.68375,0.8324903888804545
1.6838,0.8324903888804545
1.68385,0.8324903888804545
1.6839,0.8324903888804545
1.68395,0.8324903888804545
1.684,0.8324903888804545
1.68405,0.8324903888804545
1.6841,0.8324903888804545
1.68415,0.8324903888804545
1.6842,0.8328262076058512
1.68425,0.8324903888804545
1.6843,0.8324903888804545
1.68435,0.8324903888804545
1.6844,0.8324903888804545
1.68445,0.8324903888804545
1.6845,0.8324903888804545
1.68455,0.8324903888804545
1.6846,0.8324903888804545
1.68465,0.8324903888804545
1.6847,0.8324903888804545
1.68475,0.8328262076058512
1.6848,0.8324903888804545
1.68485,0.8328262076058512
1.6849,0.8328262076058512
1.68495,0.8328262076058512
1.685,0.8328262076058512
1.68505,0.8328262076058512
1.6851,0.8328262076058512
1.68515,0.8328262076058512
1.6852,0.8328262076058512
1.68525,0.8328262076058512
1.6853,0.8328262076058512
1.68535,0.8328262076058512
1.6854,0.8324903888804545
1.68545,0.8328262076058512
1.6855,0.8328262076058512
1.68555,0.8324903888804545
1.6856,0.8324903888804545
1.68565,0.8328262076058512
1.6857,0.8328262076058512
1.68575,0.8328262076058512
1.6858,0.8328262076058512
1.68585,0.8328262076058512
1.6859,0.8328262076058512
1.68595,0.8328262076058512
1.686,0.8328262076058512
1.68605,0.8328262076058512
1.6861,0.8328262076058512
1.68615,0.8328262076058512
1.6862,0.8328262076058512
1.68625,0.8328262076058512
1.6863,0.8328262076058512
1.68635,0.8328262076058512
1.6864,0.8328262076058512
1.68645,0.8328262076058512
1.6865,0.8328262076058512
1.68655,0.8328262076058512
1.6866,0.8328262076058512
1.68665,0.8328262076058512
1.6867,0.8328262076058512
1.68675,0.8328262076058512
1.6868,0.8328262076058512
1.68685,0.8328262076058512
1.6869,0.8328262076058512
1.68695,0.8328262076058512
1.687,0.8328262076058512
1.68705,0.8328262076058512
1.6871,0.8328262076058512
1.68715,0.8328262076058512
1.6872,0.8328262076058512
1.68725,0.8328262076058512
1.6873,0.8328262076058512
1.68735,0.8328262076058512
1.6874,0.8328262076058512
1.68745,0.8328262076058512
1.6875,0.8328262076058512
1.68755,0.833162026331248
1.6876,0.833162026331248
1.68765,0.833162026331248
1.6877,0.833162026331248
1.68775,0.833162026331248
1.6878,0.833162026331248
1.68785,0.833162026331248
1.6879,0.833162026331248
1.68795,0.833162026331248
1.688,0.833162026331248
1.68805,0.833162026331248
1.6881,0.833162026331248
1.68815,0.833162026331248
1.6882,0.833162026331248
1.68825,0.833162026331248
1.6883,0.833162026331248
1.68835,0.833162026331248
1.6884,0.833162026331248
1.68845,0.833162026331248
1.6885,0.833162026331248
1.68855,0.833162026331248
1.6886,0.833162026331248
1.68865,0.833162026331248
1.6887,0.833162026331248
1.68875,0.833162026331248
1.6888,0.833162026331248
1.68885,0.833162026331248
1.6889,0.833162026331248
1.68895,0.8334978450566448
1.689,0.833162026331248
1.68905,0.833162026331248
1.6891,0.833162026331248
1.68915,0.833162026331248
1.6892,0.833162026331248
1.68925,0.833162026331248
1.6893,0.833162026331248
1.68935,0.833162026331248
1.6894,0.833162026331248
1.68945,0.833162026331248
1.6895,0.833162026331248
1.68955,0.833162026331248
1.6896,0.833162026331248
1.68965,0.833162026331248
1.6897,0.833162026331248
1.68975,0.833162026331248
1.6898,0.8328262076058512
1.68985,0.833162026331248
1.6899,0.833162026331248
1.68995,0.833162026331248
1.69,0.833162026331248
1.69005,0.833162026331248
1.6901,0.833162026331248
1.69015,0.833162026331248
1.6902,0.833162026331248
1.69025,0.833162026331248
1.6903,0.833162026331248
1.69035,0.833162026331248
1.6904,0.833162026331248
1.69045,0.833162026331248
1.6905,0.833162026331248
1.69055,0.8334978450566448
1.6906,0.8334978450566448
1.69065,0.8334978450566448
1.6907,0.833162026331248
1.69075,0.833162026331248
1.6908,0.833162026331248
1.69085,0.8334978450566448
1.6909,0.833162026331248
1.69095,0.833162026331248
1.691,0.833162026331248
1.69105,0.833162026331248
1.6911,0.833162026331248
1.69115,0.833162026331248
1.6912,0.833162026331248
1.69125,0.833162026331248
1.6913,0.833162026331248
1.69135,0.8334978450566448
1.6914,0.833162026331248
1.69145,0.833162026331248
1.6915,0.8334978450566448
1.69155,0.8334978450566448
1.6916,0.833162026331248
1.69165,0.833162026331248
1.6917,0.833162026331248
1.69175,0.833162026331248
1.6918,0.8334978450566448
1.69185,0.8334978450566448
1.6919,0.833162026331248
1.69195,0.833162026331248
1.692,0.833162026331248
1.69205,0.833162026331248
1.6921,0.8328262076058512
1.69215,0.8328262076058512
1.6922,0.8328262076058512
1.69225,0.8328262076058512
1.6923,0.8328262076058512
1.69235,0.833162026331248
1.6924,0.8328262076058512
1.69245,0.8328262076058512
1.6925,0.833162026331248
1.69255,0.8328262076058512
1.6926,0.8328262076058512
1.69265,0.8328262076058512
1.6927,0.8328262076058512
1.69275,0.8328262076058512
1.6928,0.833162026331248
1.69285,0.833162026331248
1.6929,0.8328262076058512
1.69295,0.833162026331248
1.693,0.833162026331248
1.69305,0.833162026331248
1.6931,0.8328262076058512
1.69315,0.833162026331248
1.6932,0.833162026331248
1.69325,0.833162026331248
1.6933,0.833162026331248
1.69335,0.8328262076058512
1.6934,0.8328262076058512
1.69345,0.8328262076058512
1.6935,0.8328262076058512
1.69355,0.8328262076058512
1.6936,0.8328262076058512
1.69365,0.8328262076058512
1.6937,0.8328262076058512
1.69375,0.8328262076058512
1.6938,0.833162026331248
1.69385,0.833162026331248
1.6939,0.8328262076058512
1.69395,0.8328262076058512
1.694,0.8328262076058512
1.69405,0.8328262076058512
1.6941,0.8328262076058512
1.69415,0.8328262076058512
1.6942,0.8328262076058512
1.69425,0.8328262076058512
1.6943,0.8328262076058512
1.69435,0.8328262076058512
1.6944,0.8328262076058512
1.69445,0.8328262076058512
1.6945,0.8328262076058512
1.69455,0.8328262076058512
1.6946,0.8328262076058512
1.69465,0.8328262076058512
1.6947,0.8328262076058512
1.69475,0.833162026331248
1.6948,0.8328262076058512
1.69485,0.8328262076058512
1.6949,0.8328262076058512
1.69495,0.8328262076058512
1.695,0.8328262076058512
1.69505,0.8328262076058512
1.6951,0.8328262076058512
1.69515,0.8328262076058512
1.6952,0.8328262076058512
1.69525,0.8328262076058512
1.6953,0.8328262076058512
1.69535,0.8328262076058512
1.6954,0.8328262076058512
1.69545,0.8328262076058512
1.6955,0.8328262076058512
1.69555,0.8328262076058512
1.6956,0.8328262076058512
1.69565,0.8328262076058512
1.6957,0.8328262076058512
1.69575,0.833162026331248
1.6958,0.8328262076058512
1.69585,0.8328262076058512
1.6959,0.833162026331248
1.69595,0.833162026331248
1.696,0.833162026331248
1.69605,0.8328262076058512
1.6961,0.8328262076058512
1.69615,0.8328262076058512
1.6962,0.8328262076058512
1.69625,0.8328262076058512
1.6963,0.8328262076058512
1.69635,0.8328262076058512
1.6964,0.8328262076058512
1.69645,0.8328262076058512
1.6965,0.8328262076058512
1.69655,0.8328262076058512
1.6966,0.8328262076058512
1.69665,0.8328262076058512
1.6967,0.8328262076058512
1.69675,0.8328262076058512
1.6968,0.8328262076058512
1.69685,0.8328262076058512
1.6969,0.8328262076058512
1.69695,0.8328262076058512
1.697,0.8328262076058512
1.69705,0.8328262076058512
1.6971,0.833162026331248
1.69715,0.8328262076058512
1.6972,0.833162026331248
1.69725,0.8328262076058512
1.6973,0.8328262076058512
1.69735,0.8328262076058512
1.6974,0.8328262076058512
1.69745,0.8328262076058512
1.6975,0.8328262076058512
1.69755,0.8328262076058512
1.6976,0.8328262076058512
1.69765,0.8328262076058512
1.6977,0.8328262076058512
1.69775,0.8328262076058512
1.6978,0.8328262076058512
1.69785,0.833162026331248
1.6979,0.8328262076058512
1.69795,0.8328262076058512
1.698,0.8328262076058512
1.69805,0.8328262076058512
1.6981,0.8328262076058512
1.69815,0.8328262076058512
1.6982,0.8328262076058512
1.69825,0.8328262076058512
1.6983,0.8328262076058512
1.69835,0.8328262076058512
1.6984,0.8328262076058512
1.69845,0.8328262076058512
1.6985,0.8328262076058512
1.69855,0.8328262076058512
1.6986,0.8328262076058512
1.69865,0.8328262076058512
1.6987,0.8328262076058512
1.69875,0.8328262076058512
1.6988,0.8328262076058512
1.69885,0.8328262076058512
1.6989,0.8328262076058512
1.69895,0.8328262076058512
1.699,0.8324903888804545
1.69905,0.8328262076058512
1.6991,0.8328262076058512
1.69915,0.8328262076058512
1.6992,0.8328262076058512
1.69925,0.8328262076058512
1.6993,0.8328262076058512
1.69935,0.8328262076058512
1.6994,0.833162026331248
1.69945,0.8328262076058512
1.6995,0.8328262076058512
1.69955,0.8328262076058512
1.6996,0.8328262076058512
1.69965,0.8328262076058512
1.6997,0.8328262076058512
1.69975,0.8328262076058512
1.6998,0.8328262076058512
1.69985,0.8328262076058512
1.6999,0.833162026331248
1.69995,0.8328262076058512
1.7,0.833162026331248
1.70005,0.8328262076058512
1.7001,0.8328262076058512
1.70015,0.8328262076058512
1.7002,0.8328262076058512
1.70025,0.8328262076058512
1.7003,0.8328262076058512
1.70035,0.8328262076058512
1.7004,0.8328262076058512
1.70045,0.8328262076058512
1.7005,0.8328262076058512
1.70055,0.8328262076058512
1.7006,0.8328262076058512
1.70065,0.8328262076058512
1.7007,0.8328262076058512
1.70075,0.8328262076058512
1.7008,0.8324903888804545
1.70085,0.8324903888804545
1.7009,0.8328262076058512
1.70095,0.8324903888804545
1.701,0.8324903888804545
1.70105,0.8328262076058512
1.7011,0.8324903888804545
1.70115,0.8328262076058512
1.7012,0.8324903888804545
1.70125,0.8324903888804545
1.7013,0.8328262076058512
1.70135,0.8324903888804545
1.7014,0.8324903888804545
1.70145,0.8324903888804545
1.7015,0.8324903888804545
1.70155,0.8324903888804545
1.7016,0.8324903888804545
1.70165,0.8321545701550577
1.7017,0.8324903888804545
1.70175,0.8324903888804545
1.7018,0.8324903888804545
1.70185,0.8324903888804545
1.7019,0.8324903888804545
1.70195,0.8324903888804545
1.702,0.8324903888804545
1.70205,0.8324903888804545
1.7021,0.8324903888804545
1.70215,0.8324903888804545
1.7022,0.8324903888804545
1.70225,0.8328262076058512
1.7023,0.8324903888804545
1.70235,0.8324903888804545
1.7024,0.8324903888804545
1.70245,0.8324903888804545
1.7025,0.8324903888804545
1.70255,0.8324903888804545
1.7026,0.8324903888804545
1.70265,0.8324903888804545
1.7027,0.8324903888804545
1.70275,0.8324903888804545
1.7028,0.8324903888804545
1.70285,0.8324903888804545
1.7029,0.8324903888804545
1.70295,0.8324903888804545
1.703,0.8328262076058512
1.70305,0.8324903888804545
1.7031,0.8324903888804545
1.70315,0.8324903888804545
1.7032,0.8324903888804545
1.70325,0.8324903888804545
1.7033,0.8324903888804545
1.70335,0.8324903888804545
1.7034,0.8324903888804545
1.70345,0.8324903888804545
1.7035,0.8324903888804545
1.70355,0.8324903888804545
1.7036,0.8324903888804545
1.70365,0.8324903888804545
1.7037,0.8324903888804545
1.70375,0.8324903888804545
1.7038,0.8324903888804545
1.70385,0.8328262076058512
1.7039,0.8324903888804545
1.70395,0.8324903888804545
1.704,0.8324903888804545
1.70405,0.8324903888804545
1.7041,0.8324903888804545
1.70415,0.8324903888804545
1.7042,0.8324903888804545
1.70425,0.8324903888804545
1.7043,0.8324903888804545
1.70435,0.8324903888804545
1.7044,0.8324903888804545
1.70445,0.8324903888804545
1.7045,0.8324903888804545
1.70455,0.8324903888804545
1.7046,0.8324903888804545
1.70465,0.8324903888804545
1.7047,0.8324903888804545
1.70475,0.8324903888804545
1.7048,0.8324903888804545
1.70485,0.8324903888804545
1.7049,0.8324903888804545
1.70495,0.8324903888804545
1.705,0.8324903888804545
1.70505,0.8328262076058512
1.7051,0.8328262076058512
1.70515,0.8328262076058512
1.7052,0.8328262076058512
1.70525,0.8328262076058512
1.7053,0.8328262076058512
1.70535,0.8328262076058512
1.7054,0.8324903888804545
1.70545,0.8324903888804545
1.7055,0.8328262076058512
1.70555,0.8328262076058512
1.7056,0.8324903888804545
1.70565,0.8328262076058512
1.7057,0.8328262076058512
1.70575,0.8328262076058512
1.7058,0.8328262076058512
1.70585,0.8328262076058512
1.7059,0.8328262076058512
1.70595,0.8328262076058512
1.706,0.8328262076058512
1.70605,0.8328262076058512
1.7061,0.8328262076058512
1.70615,0.8328262076058512
1.7062,0.8328262076058512
1.70625,0.8328262076058512
1.7063,0.8328262076058512
1.70635,0.8328262076058512
1.7064,0.8328262076058512
1.70645,0.833162026331248
1.7065,0.8328262076058512
1.70655,0.8328262076058512
1.7066,0.8328262076058512
1.70665,0.8328262076058512
1.7067,0.8328262076058512
1.70675,0.8328262076058512
1.7068,0.8328262076058512
1.70685,0.8328262076058512
1.7069,0.8328262076058512
1.70695,0.8328262076058512
1.707,0.8328262076058512
1.70705,0.8328262076058512
1.7071,0.8328262076058512
1.70715,0.8328262076058512
1.7072,0.833162026331248
1.70725,0.833162026331248
1.7073,0.833162026331248
1.70735,0.8328262076058512
1.7074,0.833162026331248
1.70745,0.833162026331248
1.7075,0.8328262076058512
1.70755,0.8328262076058512
1.7076,0.8328262076058512
1.70765,0.833162026331248
1.7077,0.833162026331248
1.70775,0.833162026331248
1.7078,0.833162026331248
1.70785,0.833162026331248
1.7079,0.833162026331248
1.70795,0.833162026331248
1.708,0.833162026331248
1.70805,0.833162026331248
1.7081,0.833162026331248
1.70815,0.833162026331248
1.7082,0.833162026331248
1.70825,0.833162026331248
1.7083,0.8334978450566448
1.70835,0.833162026331248
1.7084,0.833162026331248
1.70845,0.833162026331248
1.7085,0.833162026331248
1.70855,0.833162026331248
1.7086,0.833162026331248
1.70865,0.833162026331248
1.7087,0.833162026331248
1.70875,0.833162026331248
1.7088,0.833162026331248
1.70885,0.833162026331248
1.7089,0.833162026331248
1.70895,0.833162026331248
1.709,0.833162026331248
1.70905,0.833162026331248
1.7091,0.833162026331248
1.70915,0.833162026331248
1.7092,0.8334978450566448
1.70925,0.833162026331248
1.7093,0.833162026331248
1.70935,0.833162026331248
1.7094,0.833162026331248
1.70945,0.833162026331248
1.7095,0.833162026331248
1.70955,0.833162026331248
1.7096,0.833162026331248
1.70965,0.833162026331248
1.7097,0.833162026331248
1.70975,0.833162026331248
1.7098,0.833162026331248
1.70985,0.833162026331248
1.7099,0.833162026331248
1.70995,0.833162026331248
1.71,0.833162026331248
1.71005,0.833162026331248
1.7101,0.833162026331248
1.71015,0.833162026331248
1.7102,0.833162026331248
1.71025,0.833162026331248
1.7103,0.833162026331248
1.71035,0.833162026331248
1.7104,0.8334978450566448
1.71045,0.833162026331248
1.7105,0.833162026331248
1.71055,0.833162026331248
1.7106,0.833162026331248
1.71065,0.833162026331248
1.7107,0.833162026331248
1.71075,0.833162026331248
1.7108,0.833162026331248
1.71085,0.8334978450566448
1.7109,0.8334978450566448
1.71095,0.8334978450566448
1.711,0.8334978450566448
1.71105,0.8334978450566448
1.7111,0.8334978450566448
1.71115,0.8334978450566448
1.7112,0.8334978450566448
1.71125,0.8334978450566448
1.7113,0.8334978450566448
1.71135,0.8334978450566448
1.7114,0.8334978450566448
1.71145,0.8334978450566448
1.7115,0.8334978450566448
1.71155,0.8334978450566448
1.7116,0.833162026331248
1.71165,0.8334978450566448
1.7117,0.8334978450566448
1.71175,0.833162026331248
1.7118,0.833162026331248
1.71185,0.833162026331248
1.7119,0.8334978450566448
1.71195,0.8334978450566448
1.712,0.8334978450566448
1.71205,0.833162026331248
1.7121,0.833162026331248
1.71215,0.833162026331248
1.7122,0.8328262076058512
1.71225,0.8328262076058512
1.7123,0.8328262076058512
1.71235,0.8328262076058512
1.7124,0.8328262076058512
1.71245,0.8328262076058512
1.7125,0.8328262076058512
1.71255,0.8328262076058512
1.7126,0.8328262076058512
1.71265,0.8328262076058512
1.7127,0.833162026331248
1.71275,0.8328262076058512
1.7128,0.833162026331248
1.71285,0.833162026331248
1.7129,0.833162026331248
1.71295,0.833162026331248
1.713,0.8328262076058512
1.71305,0.8328262076058512
1.7131,0.833162026331248
1.71315,0.833162026331248
1.7132,0.833162026331248
1.71325,0.833162026331248
1.7133,0.833162026331248
1.71335,0.833162026331248
1.7134,0.833162026331248
1.71345,0.833162026331248
1.7135,0.833162026331248
1.71355,0.833162026331248
1.7136,0.833162026331248
1.71365,0.8328262076058512
1.7137,0.8328262076058512
1.71375,0.833162026331248
1.7138,0.833162026331248
1.71385,0.8328262076058512
1.7139,0.8328262076058512
1.71395,0.8328262076058512
1.714,0.833162026331248
1.71405,0.8328262076058512
1.7141,0.8328262076058512
1.71415,0.8328262076058512
1.7142,0.833162026331248
1.71425,0.833162026331248
1.7143,0.8328262076058512
1.71435,0.8328262076058512
1.7144,0.833162026331248
1.71445,0.833162026331248
1.7145,0.8328262076058512
1.71455,0.8328262076058512
1.7146,0.8328262076058512
1.71465,0.8328262076058512
1.7147,0.8328262076058512
1.71475,0.8328262076058512
1.7148,0.833162026331248
1.71485,0.833162026331248
1.7149,0.833162026331248
1.71495,0.8328262076058512
1.715,0.833162026331248
1.71505,0.8328262076058512
1.7151,0.833162026331248
1.71515,0.833162026331248
1.7152,0.8328262076058512
1.71525,0.8328262076058512
1.7153,0.8328262076058512
1.71535,0.8328262076058512
1.7154,0.8328262076058512
1.71545,0.8328262076058512
1.7155,0.8328262076058512
1.71555,0.8328262076058512
1.7156,0.8328262076058512
1.71565,0.833162026331248
1.7157,0.8328262076058512
1.71575,0.8328262076058512
1.7158,0.8328262076058512
1.71585,0.833162026331248
1.7159,0.8328262076058512
1.71595,0.833162026331248
1.716,0.833162026331248
1.71605,0.8328262076058512
1.7161,0.8328262076058512
1.71615,0.8328262076058512
1.7162,0.8328262076058512
1.71625,0.833162026331248
1.7163,0.833162026331248
1.71635,0.8328262076058512
1.7164,0.8328262076058512
1.71645,0.8328262076058512
1.7165,0.833162026331248
1.71655,0.833162026331248
1.7166,0.833162026331248
1.71665,0.8328262076058512
1.7167,0.833162026331248
1.71675,0.8328262076058512
1.7168,0.8328262076058512
1.71685,0.8328262076058512
1.7169,0.8328262076058512
1.71695,0.8328262076058512
1.717,0.8328262076058512
1.71705,0.833162026331248
1.7171,0.8328262076058512
1.71715,0.8328262076058512
1.7172,0.8328262076058512
1.71725,0.8328262076058512
1.7173,0.8328262076058512
1.71735,0.8328262076058512
1.7174,0.8328262076058512
1.71745,0.833162026331248
1.7175,0.833162026331248
1.71755,0.8328262076058512
1.7176,0.8328262076058512
1.71765,0.8328262076058512
1.7177,0.833162026331248
1.71775,0.833162026331248
1.7178,0.8328262076058512
1.71785,0.8328262076058512
1.7179,0.8328262076058512
1.71795,0.8328262076058512
1.718,0.833162026331248
1.71805,0.8328262076058512
1.7181,0.8328262076058512
1.71815,0.8328262076058512
1.7182,0.8328262076058512
1.71825,0.833162026331248
1.7183,0.8328262076058512
1.71835,0.8328262076058512
1.7184,0.8328262076058512
1.71845,0.833162026331248
1.7185,0.8328262076058512
1.71855,0.8328262076058512
1.7186,0.8328262076058512
1.71865,0.8328262076058512
1.7187,0.8328262076058512
1.71875,0.8328262076058512
1.7188,0.8328262076058512
1.71885,0.8328262076058512
1.7189,0.8328262076058512
1.71895,0.8328262076058512
1.719,0.8328262076058512
1.71905,0.833162026331248
1.7191,0.8328262076058512
1.71915,0.833162026331248
1.7192,0.833162026331248
1.71925,0.833162026331248
1.7193,0.833162026331248
1.71935,0.833162026331248
1.7194,0.8328262076058512
1.71945,0.8328262076058512
1.7195,0.8328262076058512
1.71955,0.8324903888804545
1.7196,0.8328262076058512
1.71965,0.8328262076058512
1.7197,0.8328262076058512
1.71975,0.8328262076058512
1.7198,0.8328262076058512
1.71985,0.8328262076058512
1.7199,0.8328262076058512
1.71995,0.8328262076058512
1.72,0.8328262076058512
1.72005,0.8328262076058512
1.7201,0.8328262076058512
1.72015,0.8328262076058512
1.7202,0.8328262076058512
1.72025,0.8328262076058512
1.7203,0.8328262076058512
1.72035,0.8328262076058512
1.7204,0.8328262076058512
1.72045,0.8328262076058512
1.7205,0.8328262076058512
1.72055,0.8328262076058512
1.7206,0.8328262076058512
1.72065,0.8328262076058512
1.7207,0.8328262076058512
1.72075,0.8328262076058512
1.7208,0.8324903888804545
1.72085,0.8328262076058512
1.7209,0.8324903888804545
1.72095,0.8328262076058512
1.721,0.8324903888804545
1.72105,0.8324903888804545
1.7211,0.8324903888804545
1.72115,0.8324903888804545
1.7212,0.8324903888804545
1.72125,0.8324903888804545
1.7213,0.8321545701550577
1.72135,0.8324903888804545
1.7214,0.8324903888804545
1.72145,0.8324903888804545
1.7215,0.8324903888804545
1.72155,0.8324903888804545
1.7216,0.8324903888804545
1.72165,0.8324903888804545
1.7217,0.8324903888804545
1.72175,0.8324903888804545
1.7218,0.8324903888804545
1.72185,0.8324903888804545
1.7219,0.8324903888804545
1.72195,0.8321545701550577
1.722,0.8324903888804545
1.72205,0.8324903888804545
1.7221,0.8324903888804545
1.72215,0.8324903888804545
1.7222,0.8328262076058512
1.72225,0.8328262076058512
1.7223,0.8328262076058512
1.72235,0.8324903888804545
1.7224,0.8324903888804545
1.72245,0.8324903888804545
1.7225,0.8324903888804545
1.72255,0.8324903888804545
1.7226,0.8324903888804545
1.72265,0.8324903888804545
1.7227,0.8324903888804545
1.72275,0.8324903888804545
1.7228,0.8324903888804545
1.72285,0.8324903888804545
1.7229,0.8324903888804545
1.72295,0.8324903888804545
1.723,0.8324903888804545
1.72305,0.8324903888804545
1.7231,0.8324903888804545
1.72315,0.8324903888804545
1.7232,0.8324903888804545
1.72325,0.8324903888804545
1.7233,0.8324903888804545
1.72335,0.8324903888804545
1.7234,0.8328262076058512
1.72345,0.8328262076058512
1.7235,0.8324903888804545
1.72355,0.8328262076058512
1.7236,0.8324903888804545
1.72365,0.8324903888804545
1.7237,0.8324903888804545
1.72375,0.8324903888804545
1.7238,0.8321545701550577
1.72385,0.8321545701550577
1.7239,0.8324903888804545
1.72395,0.8324903888804545
1.724,0.8324903888804545
1.72405,0.8324903888804545
1.7241,0.8324903888804545
1.72415,0.8324903888804545
1.7242,0.8324903888804545
1.72425,0.8324903888804545
1.7243,0.8324903888804545
1.72435,0.8324903888804545
1.7244,0.8324903888804545
1.72445,0.8324903888804545
1.7245,0.8324903888804545
1.72455,0.8324903888804545
1.7246,0.8324903888804545
1.72465,0.8324903888804545
1.7247,0.8324903888804545
1.72475,0.8328262076058512
1.7248,0.8328262076058512
1.72485,0.8328262076058512
1.7249,0.8328262076058512
1.72495,0.8328262076058512
1.725,0.8328262076058512
1.72505,0.8328262076058512
1.7251,0.8324903888804545
1.72515,0.8328262076058512
1.7252,0.8328262076058512
1.72525,0.8324903888804545
1.7253,0.8324903888804545
1.72535,0.8324903888804545
1.7254,0.8328262076058512
1.72545,0.8328262076058512
1.7255,0.8328262076058512
1.72555,0.8328262076058512
1.7256,0.8328262076058512
1.72565,0.8328262076058512
1.7257,0.8328262076058512
1.72575,0.8324903888804545
1.7258,0.8324903888804545
1.72585,0.8324903888804545
1.7259,0.8324903888804545
1.72595,0.8328262076058512
1.726,0.8328262076058512
1.72605,0.8328262076058512
1.7261,0.8328262076058512
1.72615,0.8328262076058512
1.7262,0.8328262076058512
1.72625,0.8328262076058512
1.7263,0.8328262076058512
1.72635,0.8328262076058512
1.7264,0.8328262076058512
1.72645,0.8328262076058512
1.7265,0.8324903888804545
1.72655,0.8328262076058512
1.7266,0.8328262076058512
1.72665,0.8328262076058512
1.7267,0.8328262076058512
1.72675,0.8328262076058512
1.7268,0.8328262076058512
1.72685,0.8328262076058512
1.7269,0.8328262076058512
1.72695,0.8328262076058512
1.727,0.8328262076058512
1.72705,0.8328262076058512
1.7271,0.8328262076058512
1.72715,0.8328262076058512
1.7272,0.8328262076058512
1.72725,0.8328262076058512
1.7273,0.8328262076058512
1.72735,0.8328262076058512
1.7274,0.8328262076058512
1.72745,0.833162026331248
1.7275,0.833162026331248
1.72755,0.833162026331248
1.7276,0.833162026331248
1.72765,0.833162026331248
1.7277,0.833162026331248
1.72775,0.833162026331248
1.7278,0.833162026331248
1.72785,0.833162026331248
1.7279,0.833162026331248
1.72795,0.833162026331248
1.728,0.833162026331248
1.72805,0.833162026331248
1.7281,0.833162026331248
1.72815,0.833162026331248
1.7282,0.833162026331248
1.72825,0.833162026331248
1.7283,0.833162026331248
1.72835,0.833162026331248
1.7284,0.8334978450566448
1.72845,0.833162026331248
1.7285,0.8334978450566448
1.72855,0.8334978450566448
1.7286,0.8334978450566448
1.72865,0.833162026331248
1.7287,0.833162026331248
1.72875,0.833162026331248
1.7288,0.833162026331248
1.72885,0.8334978450566448
1.7289,0.833162026331248
1.72895,0.833162026331248
1.729,0.833162026331248
1.72905,0.833162026331248
1.7291,0.833162026331248
1.72915,0.833162026331248
1.7292,0.833162026331248
1.72925,0.833162026331248
1.7293,0.833162026331248
1.72935,0.833162026331248
1.7294,0.833162026331248
1.72945,0.833162026331248
1.7295,0.8334978450566448
1.72955,0.8334978450566448
1.7296,0.833162026331248
1.72965,0.833162026331248
1.7297,0.833162026331248
1.72975,0.833162026331248
1.7298,0.833162026331248
1.72985,0.833162026331248
1.7299,0.833162026331248
1.72995,0.833162026331248
1.73,0.833162026331248
1.73005,0.833162026331248
1.7301,0.833162026331248
1.73015,0.833162026331248
1.7302,0.833162026331248
1.73025,0.833162026331248
1.7303,0.833162026331248
1.73035,0.833162026331248
1.7304,0.833162026331248
1.73045,0.833162026331248
1.7305,0.833162026331248
1.73055,0.833162026331248
1.7306,0.833162026331248
1.73065,0.833162026331248
1.7307,0.833162026331248
1.73075,0.833162026331248
1.7308,0.833162026331248
1.73085,0.8334978450566448
1.7309,0.833162026331248
1.73095,0.8334978450566448
1.731,0.833162026331248
1.73105,0.8334978450566448
1.7311,0.833162026331248
1.73115,0.833162026331248
1.7312,0.833162026331248
1.73125,0.833162026331248
1.7313,0.833162026331248
1.73135,0.8334978450566448
1.7314,0.8334978450566448
1.73145,0.833162026331248
1.7315,0.8334978450566448
1.73155,0.833162026331248
1.7316,0.833162026331248
1.73165,0.833162026331248
1.7317,0.833162026331248
1.73175,0.833162026331248
1.7318,0.833162026331248
1.73185,0.833162026331248
1.7319,0.833162026331248
1.73195,0.833162026331248
1.732,0.833162026331248
1.73205,0.833162026331248
1.7321,0.833162026331248
1.73215,0.833162026331248
1.7322,0.833162026331248
1.73225,0.833162026331248
1.7323,0.8328262076058512
1.73235,0.8328262076058512
1.7324,0.8328262076058512
1.73245,0.8328262076058512
1.7325,0.8328262076058512
1.73255,0.8328262076058512
1.7326,0.8328262076058512
1.73265,0.8328262076058512
1.7327,0.8328262076058512
1.73275,0.8328262076058512
1.7328,0.8328262076058512
1.73285,0.833162026331248
1.7329,0.833162026331248
1.73295,0.833162026331248
1.733,0.833162026331248
1.73305,0.833162026331248
1.7331,0.8328262076058512
1.73315,0.8328262076058512
1.7332,0.8328262076058512
1.73325,0.8328262076058512
1.7333,0.8328262076058512
1.73335,0.8328262076058512
1.7334,0.833162026331248
1.73345,0.8328262076058512
1.7335,0.8328262076058512
1.73355,0.8328262076058512
1.7336,0.8328262076058512
1.73365,0.8328262076058512
1.7337,0.833162026331248
1.73375,0.833162026331248
1.7338,0.833162026331248
1.73385,0.8328262076058512
1.7339,0.833162026331248
1.73395,0.8328262076058512
1.734,0.833162026331248
1.73405,0.833162026331248
1.7341,0.833162026331248
1.73415,0.8328262076058512
1.7342,0.8328262076058512
1.73425,0.8328262076058512
1.7343,0.8328262076058512
1.73435,0.8328262076058512
1.7344,0.8328262076058512
1.73445,0.8328262076058512
1.7345,0.8328262076058512
1.73455,0.8328262076058512
1.7346,0.8328262076058512
1.73465,0.8328262076058512
1.7347,0.833162026331248
1.73475,0.833162026331248
1.7348,0.8328262076058512
1.73485,0.8328262076058512
1.7349,0.8328262076058512
1.73495,0.8328262076058512
1.735,0.8328262076058512
1.73505,0.8328262076058512
1.7351,0.8328262076058512
1.73515,0.8328262076058512
1.7352,0.8328262076058512
1.73525,0.833162026331248
1.7353,0.833162026331248
1.73535,0.8328262076058512
1.7354,0.8328262076058512
1.73545,0.833162026331248
1.7355,0.8328262076058512
1.73555,0.8328262076058512
1.7356,0.8328262076058512
1.73565,0.833162026331248
1.7357,0.8328262076058512
1.73575,0.833162026331248
1.7358,0.833162026331248
1.73585,0.8328262076058512
1.7359,0.8328262076058512
1.73595,0.8328262076058512
1.736,0.8328262076058512
1.73605,0.8328262076058512
1.7361,0.833162026331248
1.73615,0.833162026331248
1.7362,0.833162026331248
1.73625,0.8328262076058512
1.7363,0.8328262076058512
1.73635,0.833162026331248
1.7364,0.833162026331248
1.73645,0.833162026331248
1.7365,0.833162026331248
1.73655,0.8328262076058512
1.7366,0.8328262076058512
1.73665,0.833162026331248
1.7367,0.8328262076058512
1.73675,0.8328262076058512
1.7368,0.8328262076058512
1.73685,0.8328262076058512
1.7369,0.8328262076058512
1.73695,0.8328262076058512
1.737,0.8328262076058512
1.73705,0.8328262076058512
1.7371,0.8328262076058512
1.73715,0.8328262076058512
1.7372,0.8328262076058512
1.73725,0.8328262076058512
1.7373,0.8328262076058512
1.73735,0.8328262076058512
1.7374,0.8328262076058512
1.73745,0.8328262076058512
1.7375,0.8328262076058512
1.73755,0.833162026331248
1.7376,0.833162026331248
1.73765,0.8328262076058512
1.7377,0.8328262076058512
1.73775,0.8328262076058512
1.7378,0.8328262076058512
1.73785,0.8328262076058512
1.7379,0.833162026331248
1.73795,0.833162026331248
1.738,0.833162026331248
1.73805,0.833162026331248
1.7381,0.8328262076058512
1.73815,0.833162026331248
1.7382,0.8328262076058512
1.73825,0.8328262076058512
1.7383,0.8328262076058512
1.73835,0.8328262076058512
1.7384,0.8328262076058512
1.73845,0.8328262076058512
1.7385,0.8328262076058512
1.73855,0.8328262076058512
1.7386,0.8328262076058512
1.73865,0.8328262076058512
1.7387,0.833162026331248
1.73875,0.833162026331248
1.7388,0.833162026331248
1.73885,0.833162026331248
1.7389,0.8328262076058512
1.73895,0.8328262076058512
1.739,0.8328262076058512
1.73905,0.8328262076058512
1.7391,0.8328262076058512
1.73915,0.8328262076058512
1.7392,0.8328262076058512
1.73925,0.8328262076058512
1.7393,0.8328262076058512
1.73935,0.8328262076058512
1.7394,0.8328262076058512
1.73945,0.8328262076058512
1.7395,0.8328262076058512
1.73955,0.8328262076058512
1.7396,0.8328262076058512
1.73965,0.8328262076058512
1.7397,0.8328262076058512
1.73975,0.8328262076058512
1.7398,0.8328262076058512
1.73985,0.8328262076058512
1.7399,0.8328262076058512
1.73995,0.8328262076058512
1.74,0.8328262076058512
1.74005,0.8328262076058512
1.7401,0.8328262076058512
1.74015,0.8328262076058512
1.7402,0.8328262076058512
1.74025,0.8328262076058512
1.7403,0.8328262076058512
1.74035,0.8328262076058512
1.7404,0.8328262076058512
1.74045,0.8328262076058512
1.7405,0.8328262076058512
1.74055,0.8328262076058512
1.7406,0.8328262076058512
1.74065,0.8328262076058512
1.7407,0.8328262076058512
1.74075,0.8328262076058512
1.7408,0.8324903888804545
1.74085,0.8328262076058512
1.7409,0.8324903888804545
1.74095,0.8324903888804545
1.741,0.8324903888804545
1.74105,0.8324903888804545
1.7411,0.8324903888804545
1.74115,0.8324903888804545
1.7412,0.8324903888804545
1.74125,0.8324903888804545
1.7413,0.8324903888804545
1.74135,0.8324903888804545
1.7414,0.8328262076058512
1.74145,0.8328262076058512
1.7415,0.8328262076058512
1.74155,0.8328262076058512
1.7416,0.8324903888804545
1.74165,0.8324903888804545
1.7417,0.8324903888804545
1.74175,0.8324903888804545
1.7418,0.8324903888804545
1.74185,0.8328262076058512
1.7419,0.8324903888804545
1.74195,0.8328262076058512
1.742,0.8328262076058512
1.74205,0.8328262076058512
1.7421,0.8328262076058512
1.74215,0.8324903888804545
1.7422,0.8328262076058512
1.74225,0.8328262076058512
1.7423,0.8328262076058512
1.74235,0.8324903888804545
1.7424,0.8324903888804545
1.74245,0.8324903888804545
1.7425,0.8324903888804545
1.74255,0.8324903888804545
1.7426,0.8324903888804545
1.74265,0.8324903888804545
1.7427,0.8324903888804545
1.74275,0.8324903888804545
1.7428,0.8324903888804545
1.74285,0.8324903888804545
1.7429,0.8324903888804545
1.74295,0.8324903888804545
1.743,0.8324903888804545
1.74305,0.8324903888804545
1.7431,0.8324903888804545
1.74315,0.8324903888804545
1.7432,0.8324903888804545
1.74325,0.8324903888804545
1.7433,0.8324903888804545
1.74335,0.8324903888804545
1.7434,0.8324903888804545
1.74345,0.8324903888804545
1.7435,0.8324903888804545
1.74355,0.8324903888804545
1.7436,0.8324903888804545
1.74365,0.8324903888804545
1.7437,0.8324903888804545
1.74375,0.8324903888804545
1.7438,0.8324903888804545
1.74385,0.8324903888804545
1.7439,0.8324903888804545
1.74395,0.8324903888804545
1.744,0.8324903888804545
1.74405,0.8324903888804545
1.7441,0.8324903888804545
1.74415,0.8328262076058512
1.7442,0.8324903888804545
1.74425,0.8324903888804545
1.7443,0.8324903888804545
1.74435,0.8324903888804545
1.7444,0.8321545701550577
1.74445,0.8324903888804545
1.7445,0.8324903888804545
1.74455,0.8324903888804545
1.7446,0.8328262076058512
1.74465,0.8328262076058512
1.7447,0.8328262076058512
1.74475,0.8328262076058512
1.7448,0.8328262076058512
1.74485,0.8328262076058512
1.7449,0.8328262076058512
1.74495,0.8328262076058512
1.745,0.8328262076058512
1.74505,0.8324903888804545
1.7451,0.8324903888804545
1.74515,0.8324903888804545
1.7452,0.8328262076058512
1.74525,0.8328262076058512
1.7453,0.8328262076058512
1.74535,0.8328262076058512
1.7454,0.8328262076058512
1.74545,0.8328262076058512
1.7455,0.8328262076058512
1.74555,0.8328262076058512
1.7456,0.8328262076058512
1.74565,0.8328262076058512
1.7457,0.8328262076058512
1.74575,0.8328262076058512
1.7458,0.8328262076058512
1.74585,0.8328262076058512
1.7459,0.8328262076058512
1.74595,0.8328262076058512
1.746,0.8328262076058512
1.74605,0.8328262076058512
1.7461,0.8328262076058512
1.74615,0.8328262076058512
1.7462,0.8328262076058512
1.74625,0.8328262076058512
1.7463,0.8328262076058512
1.74635,0.8328262076058512
1.7464,0.8328262076058512
1.74645,0.8328262076058512
1.7465,0.8328262076058512
1.74655,0.8328262076058512
1.7466,0.8328262076058512
1.74665,0.8328262076058512
1.7467,0.8328262076058512
1.74675,0.8328262076058512
1.7468,0.8328262076058512
1.74685,0.8328262076058512
1.7469,0.8328262076058512
1.74695,0.8328262076058512
1.747,0.8328262076058512
1.74705,0.8328262076058512
1.7471,0.8328262076058512
1.74715,0.8328262076058512
1.7472,0.8328262076058512
1.74725,0.8328262076058512
1.7473,0.833162026331248
1.74735,0.8328262076058512
1.7474,0.8328262076058512
1.74745,0.8328262076058512
1.7475,0.833162026331248
1.74755,0.833162026331248
1.7476,0.833162026331248
1.74765,0.833162026331248
1.7477,0.833162026331248
1.74775,0.833162026331248
1.7478,0.833162026331248
1.74785,0.833162026331248
1.7479,0.833162026331248
1.74795,0.833162026331248
1.748,0.833162026331248
1.74805,0.833162026331248
1.7481,0.833162026331248
1.74815,0.833162026331248
1.7482,0.833162026331248
1.74825,0.833162026331248
1.7483,0.833162026331248
1.74835,0.833162026331248
1.7484,0.8334978450566448
1.74845,0.833162026331248
1.7485,0.8334978450566448
1.74855,0.833162026331248
1.7486,0.833162026331248
1.74865,0.833162026331248
1.7487,0.8334978450566448
1.74875,0.833162026331248
1.7488,0.833162026331248
1.74885,0.833162026331248
1.7489,0.833162026331248
1.74895,0.833162026331248
1.749,0.833162026331248
1.74905,0.833162026331248
1.7491,0.833162026331248
1.74915,0.833162026331248
1.7492,0.833162026331248
1.74925,0.833162026331248
1.7493,0.833162026331248
1.74935,0.8334978450566448
1.7494,0.8334978450566448
1.74945,0.833162026331248
1.7495,0.8334978450566448
1.74955,0.8334978450566448
1.7496,0.8334978450566448
1.74965,0.8334978450566448
1.7497,0.833162026331248
1.74975,0.833162026331248
1.7498,0.833162026331248
1.74985,0.833162026331248
1.7499,0.8334978450566448
1.74995,0.833162026331248
1.75,0.833162026331248
1.75005,0.833162026331248
1.7501,0.833162026331248
1.75015,0.833162026331248
1.7502,0.833162026331248
1.75025,0.833162026331248
1.7503,0.833162026331248
1.75035,0.833162026331248
1.7504,0.833162026331248
1.75045,0.833162026331248
1.7505,0.833162026331248
1.75055,0.833162026331248
1.7506,0.833162026331248
1.75065,0.833162026331248
1.7507,0.833162026331248
1.75075,0.833162026331248
1.7508,0.833162026331248
1.75085,0.8334978450566448
1.7509,0.833162026331248
1.75095,0.833162026331248
1.751,0.833162026331248
1.75105,0.833162026331248
1.7511,0.833162026331248
1.75115,0.833162026331248
1.7512,0.833162026331248
1.75125,0.8334978450566448
1.7513,0.833162026331248
1.75135,0.833162026331248
1.7514,0.833162026331248
1.75145,0.833162026331248
1.7515,0.833162026331248
1.75155,0.833162026331248
1.7516,0.833162026331248
1.75165,0.8334978450566448
1.7517,0.833162026331248
1.75175,0.833162026331248
1.7518,0.8334978450566448
1.75185,0.833162026331248
1.7519,0.833162026331248
1.75195,0.833162026331248
1.752,0.833162026331248
1.75205,0.833162026331248
1.7521,0.833162026331248
1.75215,0.833162026331248
1.7522,0.833162026331248
1.75225,0.833162026331248
1.7523,0.8328262076058512
1.75235,0.8328262076058512
1.7524,0.8328262076058512
1.75245,0.8328262076058512
1.7525,0.8328262076058512
1.75255,0.833162026331248
1.7526,0.833162026331248
1.75265,0.833162026331248
1.7527,0.8328262076058512
1.75275,0.8328262076058512
1.7528,0.8328262076058512
1.75285,0.833162026331248
1.7529,0.833162026331248
1.75295,0.833162026331248
1.753,0.833162026331248
1.75305,0.8328262076058512
1.7531,0.833162026331248
1.75315,0.8328262076058512
1.7532,0.833162026331248
1.75325,0.8328262076058512
1.7533,0.8328262076058512
1.75335,0.8328262076058512
1.7534,0.833162026331248
1.75345,0.833162026331248
1.7535,0.833162026331248
1.75355,0.833162026331248
1.7536,0.833162026331248
1.75365,0.833162026331248
1.7537,0.833162026331248
1.75375,0.833162026331248
1.7538,0.833162026331248
1.75385,0.833162026331248
1.7539,0.833162026331248
1.75395,0.833162026331248
1.754,0.833162026331248
1.75405,0.833162026331248
1.7541,0.833162026331248
1.75415,0.8328262076058512
1.7542,0.833162026331248
1.75425,0.8328262076058512
1.7543,0.8328262076058512
1.75435,0.8328262076058512
1.7544,0.8328262076058512
1.75445,0.8328262076058512
1.7545,0.8328262076058512
1.75455,0.8328262076058512
1.7546,0.8328262076058512
1.75465,0.8328262076058512
1.7547,0.8328262076058512
1.75475,0.8328262076058512
1.7548,0.8328262076058512
1.75485,0.8328262076058512
1.7549,0.8328262076058512
1.75495,0.8328262076058512
1.755,0.8328262076058512
1.75505,0.8328262076058512
1.7551,0.833162026331248
1.75515,0.8328262076058512
1.7552,0.8328262076058512
1.75525,0.8328262076058512
1.7553,0.8328262076058512
1.75535,0.8328262076058512
1.7554,0.8328262076058512
1.75545,0.8328262076058512
1.7555,0.833162026331248
1.75555,0.833162026331248
1.7556,0.833162026331248
1.75565,0.833162026331248
1.7557,0.833162026331248
1.75575,0.833162026331248
1.7558,0.8328262076058512
1.75585,0.833162026331248
1.7559,0.833162026331248
1.75595,0.833162026331248
1.756,0.833162026331248
1.75605,0.833162026331248
1.7561,0.833162026331248
1.75615,0.833162026331248
1.7562,0.833162026331248
1.75625,0.8328262076058512
1.7563,0.8328262076058512
1.75635,0.833162026331248
1.7564,0.8328262076058512
1.75645,0.8328262076058512
1.7565,0.833162026331248
1.75655,0.833162026331248
1.7566,0.833162026331248
1.75665,0.8328262076058512
1.7567,0.833162026331248
1.75675,0.8328262076058512
1.7568,0.833162026331248
1.75685,0.8328262076058512
1.7569,0.8328262076058512
1.75695,0.8328262076058512
1.757,0.8328262076058512
1.75705,0.833162026331248
1.7571,0.833162026331248
1.75715,0.8328262076058512
1.7572,0.8328262076058512
1.75725,0.8328262076058512
1.7573,0.833162026331248
1.75735,0.8328262076058512
1.7574,0.8328262076058512
1.75745,0.833162026331248
1.7575,0.8328262076058512
1.75755,0.833162026331248
1.7576,0.833162026331248
1.75765,0.8328262076058512
1.7577,0.8328262076058512
1.75775,0.8328262076058512
1.7578,0.833162026331248
1.75785,0.8328262076058512
1.7579,0.8328262076058512
1.75795,0.8328262076058512
1.758,0.8328262076058512
1.75805,0.8328262076058512
1.7581,0.8328262076058512
1.75815,0.8328262076058512
1.7582,0.8328262076058512
1.75825,0.8328262076058512
1.7583,0.8328262076058512
1.75835,0.833162026331248
1.7584,0.8328262076058512
1.75845,0.8328262076058512
1.7585,0.8328262076058512
1.75855,0.8328262076058512
1.7586,0.8328262076058512
1.75865,0.8328262076058512
1.7587,0.8328262076058512
1.75875,0.8328262076058512
1.7588,0.8328262076058512
1.75885,0.8328262076058512
1.7589,0.8328262076058512
1.75895,0.8328262076058512
1.759,0.8328262076058512
1.75905,0.8328262076058512
1.7591,0.8328262076058512
1.75915,0.833162026331248
1.7592,0.833162026331248
1.75925,0.8328262076058512
1.7593,0.833162026331248
1.75935,0.8328262076058512
1.7594,0.8328262076058512
1.75945,0.8328262076058512
1.7595,0.8328262076058512
1.75955,0.8328262076058512
1.7596,0.8328262076058512
1.75965,0.8328262076058512
1.7597,0.833162026331248
1.75975,0.833162026331248
1.7598,0.833162026331248
1.75985,0.833162026331248
1.7599,0.8328262076058512
1.75995,0.8328262076058512
1.76,0.8328262076058512
1.76005,0.8328262076058512
1.7601,0.8328262076058512
1.76015,0.8328262076058512
1.7602,0.8328262076058512
1.76025,0.833162026331248
1.7603,0.833162026331248
1.76035,0.833162026331248
1.7604,0.8328262076058512
1.76045,0.8328262076058512
1.7605,0.833162026331248
1.76055,0.833162026331248
1.7606,0.833162026331248
1.76065,0.8328262076058512
1.7607,0.8328262076058512
1.76075,0.8328262076058512
1.7608,0.8328262076058512
1.76085,0.8328262076058512
1.7609,0.8328262076058512
1.76095,0.8328262076058512
1.761,0.8328262076058512
1.76105,0.8328262076058512
1.7611,0.8324903888804545
1.76115,0.8324903888804545
1.7612,0.8324903888804545
1.76125,0.8324903888804545
1.7613,0.8324903888804545
1.76135,0.8324903888804545
1.7614,0.8324903888804545
1.76145,0.8324903888804545
1.7615,0.8324903888804545
1.76155,0.8324903888804545
1.7616,0.8324903888804545
1.76165,0.8328262076058512
1.7617,0.8328262076058512
1.76175,0.8324903888804545
1.7618,0.8324903888804545
1.76185,0.8328262076058512
1.7619,0.8324903888804545
1.76195,0.8328262076058512
1.762,0.8328262076058512
1.76205,0.8328262076058512
1.7621,0.8328262076058512
1.76215,0.8328262076058512
1.7622,0.8328262076058512
1.76225,0.8328262076058512
1.7623,0.8324903888804545
1.76235,0.8324903888804545
1.7624,0.8324903888804545
1.76245,0.8324903888804545
1.7625,0.8324903888804545
1.76255,0.8324903888804545
1.7626,0.8324903888804545
1.76265,0.8328262076058512
1.7627,0.8328262076058512
1.76275,0.8328262076058512
1.7628,0.8324903888804545
1.76285,0.8324903888804545
1.7629,0.8324903888804545
1.76295,0.8324903888804545
1.763,0.8324903888804545
1.76305,0.8324903888804545
1.7631,0.8324903888804545
1.76315,0.8324903888804545
1.7632,0.8324903888804545
1.76325,0.8324903888804545
1.7633,0.8324903888804545
1.76335,0.8324903888804545
1.7634,0.8324903888804545
1.76345,0.8328262076058512
1.7635,0.8328262076058512
1.76355,0.8328262076058512
1.7636,0.8328262076058512
1.76365,0.8328262076058512
1.7637,0.8324903888804545
1.76375,0.8324903888804545
1.7638,0.8328262076058512
1.76385,0.8324903888804545
1.7639,0.8324903888804545
1.76395,0.8324903888804545
1.764,0.8324903888804545
1.76405,0.8324903888804545
1.7641,0.8324903888804545
1.76415,0.8324903888804545
1.7642,0.8324903888804545
1.76425,0.8324903888804545
1.7643,0.8328262076058512
1.76435,0.8324903888804545
1.7644,0.8328262076058512
1.76445,0.8328262076058512
1.7645,0.8324903888804545
1.76455,0.8324903888804545
1.7646,0.8324903888804545
1.76465,0.8328262076058512
1.7647,0.8328262076058512
1.76475,0.8328262076058512
1.7648,0.8328262076058512
1.76485,0.8328262076058512
1.7649,0.8328262076058512
1.76495,0.8328262076058512
1.765,0.8328262076058512
1.76505,0.8328262076058512
1.7651,0.8328262076058512
1.76515,0.8328262076058512
1.7652,0.833162026331248
1.76525,0.8328262076058512
1.7653,0.8328262076058512
1.76535,0.8328262076058512
1.7654,0.8328262076058512
1.76545,0.8328262076058512
1.7655,0.8328262076058512
1.76555,0.8328262076058512
1.7656,0.8328262076058512
1.76565,0.8328262076058512
1.7657,0.8328262076058512
1.76575,0.8328262076058512
1.7658,0.8328262076058512
1.76585,0.8328262076058512
1.7659,0.8328262076058512
1.76595,0.8328262076058512
1.766,0.8328262076058512
1.76605,0.8328262076058512
1.7661,0.8328262076058512
1.76615,0.8328262076058512
1.7662,0.8328262076058512
1.76625,0.8328262076058512
1.7663,0.8328262076058512
1.76635,0.8328262076058512
1.7664,0.8328262076058512
1.76645,0.8328262076058512
1.7665,0.8328262076058512
1.76655,0.8328262076058512
1.7666,0.8328262076058512
1.76665,0.8328262076058512
1.7667,0.8328262076058512
1.76675,0.8328262076058512
1.7668,0.8328262076058512
1.76685,0.8328262076058512
1.7669,0.8328262076058512
1.76695,0.8328262076058512
1.767,0.8328262076058512
1.76705,0.8328262076058512
1.7671,0.8328262076058512
1.76715,0.8328262076058512
1.7672,0.8328262076058512
1.76725,0.8328262076058512
1.7673,0.833162026331248
1.76735,0.833162026331248
1.7674,0.8328262076058512
1.76745,0.833162026331248
1.7675,0.833162026331248
1.76755,0.833162026331248
1.7676,0.833162026331248
1.76765,0.833162026331248
1.7677,0.833162026331248
1.76775,0.833162026331248
1.7678,0.833162026331248
1.76785,0.833162026331248
1.7679,0.833162026331248
1.76795,0.833162026331248
1.768,0.833162026331248
1.76805,0.833162026331248
1.7681,0.833162026331248
1.76815,0.833162026331248
1.7682,0.8328262076058512
1.76825,0.833162026331248
1.7683,0.833162026331248
1.76835,0.833162026331248
1.7684,0.8334978450566448
1.76845,0.8334978450566448
1.7685,0.8334978450566448
1.76855,0.8334978450566448
1.7686,0.8334978450566448
1.76865,0.8334978450566448
1.7687,0.8334978450566448
1.76875,0.833162026331248
1.7688,0.8334978450566448
1.76885,0.833162026331248
1.7689,0.833162026331248
1.76895,0.8334978450566448
1.769,0.8334978450566448
1.76905,0.8334978450566448
1.7691,0.833162026331248
1.76915,0.833162026331248
1.7692,0.833162026331248
1.76925,0.833162026331248
1.7693,0.833162026331248
1.76935,0.833162026331248
1.7694,0.8334978450566448
1.76945,0.8334978450566448
1.7695,0.833162026331248
1.76955,0.8334978450566448
1.7696,0.8334978450566448
1.76965,0.8334978450566448
1.7697,0.8334978450566448
1.76975,0.8334978450566448
1.7698,0.833162026331248
1.76985,0.833162026331248
1.7699,0.833162026331248
1.76995,0.833162026331248
1.77,0.833162026331248
1.77005,0.833162026331248
1.7701,0.833162026331248
1.77015,0.833162026331248
1.7702,0.833162026331248
1.77025,0.833162026331248
1.7703,0.833162026331248
1.77035,0.833162026331248
1.7704,0.8334978450566448
1.77045,0.833162026331248
1.7705,0.833162026331248
1.77055,0.833162026331248
1.7706,0.8334978450566448
1.77065,0.8334978450566448
1.7707,0.8334978450566448
1.77075,0.833162026331248
1.7708,0.833162026331248
1.77085,0.8334978450566448
1.7709,0.8334978450566448
1.77095,0.8334978450566448
1.771,0.8334978450566448
1.77105,0.8334978450566448
1.7711,0.8334978450566448
1.77115,0.8334978450566448
1.7712,0.8334978450566448
1.77125,0.8334978450566448
1.7713,0.8334978450566448
1.77135,0.8334978450566448
1.7714,0.8334978450566448
1.77145,0.8334978450566448
1.7715,0.8334978450566448
1.77155,0.8334978450566448
1.7716,0.8334978450566448
1.77165,0.8334978450566448
1.7717,0.8334978450566448
1.77175,0.8334978450566448
1.7718,0.8334978450566448
1.77185,0.833162026331248
1.7719,0.833162026331248
1.77195,0.833162026331248
1.772,0.833162026331248
1.77205,0.833162026331248
1.7721,0.833162026331248
1.77215,0.8328262076058512
1.7722,0.8328262076058512
1.77225,0.833162026331248
1.7723,0.8328262076058512
1.77235,0.833162026331248
1.7724,0.833162026331248
1.77245,0.8328262076058512
1.7725,0.833162026331248
1.77255,0.8328262076058512
1.7726,0.8328262076058512
1.77265,0.833162026331248
1.7727,0.8328262076058512
1.77275,0.833162026331248
1.7728,0.833162026331248
1.77285,0.833162026331248
1.7729,0.833162026331248
1.77295,0.833162026331248
1.773,0.833162026331248
1.77305,0.833162026331248
1.7731,0.833162026331248
1.77315,0.833162026331248
1.7732,0.8328262076058512
1.77325,0.833162026331248
1.7733,0.8328262076058512
1.77335,0.833162026331248
1.7734,0.8328262076058512
1.77345,0.833162026331248
1.7735,0.8328262076058512
1.77355,0.8328262076058512
1.7736,0.833162026331248
1.77365,0.8328262076058512
1.7737,0.833162026331248
1.77375,0.8328262076058512
1.7738,0.833162026331248
1.77385,0.833162026331248
1.7739,0.833162026331248
1.77395,0.833162026331248
1.774,0.833162026331248
1.77405,0.833162026331248
1.7741,0.833162026331248
1.77415,0.833162026331248
1.7742,0.833162026331248
1.77425,0.833162026331248
1.7743,0.833162026331248
1.77435,0.833162026331248
1.7744,0.833162026331248
1.77445,0.833162026331248
1.7745,0.833162026331248
1.77455,0.8328262076058512
1.7746,0.8328262076058512
1.77465,0.8328262076058512
1.7747,0.833162026331248
1.77475,0.8328262076058512
1.7748,0.8328262076058512
1.77485,0.833162026331248
1.7749,0.833162026331248
1.77495,0.8328262076058512
1.775,0.8328262076058512
1.77505,0.8328262076058512
1.7751,0.833162026331248
1.77515,0.8328262076058512
1.7752,0.833162026331248
1.77525,0.8328262076058512
1.7753,0.833162026331248
1.77535,0.8328262076058512
1.7754,0.8328262076058512
1.77545,0.8328262076058512
1.7755,0.8328262076058512
1.77555,0.8328262076058512
1.7756,0.833162026331248
1.77565,0.833162026331248
1.7757,0.833162026331248
1.77575,0.833162026331248
1.7758,0.833162026331248
1.77585,0.833162026331248
1.7759,0.833162026331248
1.77595,0.833162026331248
1.776,0.833162026331248
1.77605,0.833162026331248
1.7761,0.833162026331248
1.77615,0.833162026331248
1.7762,0.833162026331248
1.77625,0.833162026331248
1.7763,0.833162026331248
1.77635,0.833162026331248
1.7764,0.833162026331248
1.77645,0.8328262076058512
1.7765,0.833162026331248
1.77655,0.833162026331248
1.7766,0.833162026331248
1.77665,0.833162026331248
1.7767,0.833162026331248
1.77675,0.8328262076058512
1.7768,0.833162026331248
1.77685,0.833162026331248
1.7769,0.833162026331248
1.77695,0.8328262076058512
1.777,0.8328262076058512
1.77705,0.8328262076058512
1.7771,0.8328262076058512
1.77715,0.8328262076058512
1.7772,0.8328262076058512
1.77725,0.8328262076058512
1.7773,0.8328262076058512
1.77735,0.833162026331248
1.7774,0.833162026331248
1.77745,0.833162026331248
1.7775,0.833162026331248
1.77755,0.833162026331248
1.7776,0.833162026331248
1.77765,0.833162026331248
1.7777,0.8328262076058512
1.77775,0.833162026331248
1.7778,0.833162026331248
1.77785,0.833162026331248
1.7779,0.833162026331248
1.77795,0.833162026331248
1.778,0.8328262076058512
1.77805,0.8328262076058512
1.7781,0.8328262076058512
1.77815,0.8328262076058512
1.7782,0.8328262076058512
1.77825,0.8328262076058512
1.7783,0.8328262076058512
1.77835,0.8328262076058512
1.7784,0.8328262076058512
1.77845,0.8328262076058512
1.7785,0.833162026331248
1.77855,0.8328262076058512
1.7786,0.833162026331248
1.77865,0.8328262076058512
1.7787,0.8328262076058512
1.77875,0.833162026331248
1.7788,0.8328262076058512
1.77885,0.8328262076058512
1.7789,0.833162026331248
1.77895,0.8328262076058512
1.779,0.8328262076058512
1.77905,0.8328262076058512
1.7791,0.8328262076058512
1.77915,0.8328262076058512
1.7792,0.8328262076058512
1.77925,0.833162026331248
1.7793,0.833162026331248
1.77935,0.833162026331248
1.7794,0.8328262076058512
1.77945,0.8328262076058512
1.7795,0.8328262076058512
1.77955,0.8328262076058512
1.7796,0.8328262076058512
1.77965,0.8328262076058512
1.7797,0.8328262076058512
1.77975,0.833162026331248
1.7798,0.8328262076058512
1.77985,0.8328262076058512
1.7799,0.8328262076058512
1.77995,0.833162026331248
1.78,0.833162026331248
1.78005,0.8328262076058512
1.7801,0.8328262076058512
1.78015,0.8328262076058512
1.7802,0.8328262076058512
1.78025,0.8328262076058512
1.7803,0.833162026331248
1.78035,0.8328262076058512
1.7804,0.833162026331248
1.78045,0.833162026331248
1.7805,0.833162026331248
1.78055,0.833162026331248
1.7806,0.833162026331248
1.78065,0.833162026331248
1.7807,0.8328262076058512
1.78075,0.8328262076058512
1.7808,0.8328262076058512
1.78085,0.8328262076058512
1.7809,0.8328262076058512
1.78095,0.8328262076058512
1.781,0.8328262076058512
1.78105,0.8328262076058512
1.7811,0.8328262076058512
1.78115,0.8328262076058512
1.7812,0.8324903888804545
1.78125,0.8328262076058512
1.7813,0.8328262076058512
1.78135,0.8328262076058512
1.7814,0.8324903888804545
1.78145,0.8328262076058512
1.7815,0.8324903888804545
1.78155,0.8324903888804545
1.7816,0.8324903888804545
1.78165,0.8328262076058512
1.7817,0.8328262076058512
1.78175,0.8324903888804545
1.7818,0.8324903888804545
1.78185,0.8324903888804545
1.7819,0.8324903888804545
1.78195,0.8324903888804545
1.782,0.8324903888804545
1.78205,0.8324903888804545
1.7821,0.8328262076058512
1.78215,0.8328262076058512
1.7822,0.8328262076058512
1.78225,0.8328262076058512
1.7823,0.8324903888804545
1.78235,0.8324903888804545
1.7824,0.8324903888804545
1.78245,0.8324903888804545
1.7825,0.8324903888804545
1.78255,0.8324903888804545
1.7826,0.8328262076058512
1.78265,0.8328262076058512
1.7827,0.8324903888804545
1.78275,0.8328262076058512
1.7828,0.8324903888804545
1.78285,0.8324903888804545
1.7829,0.8324903888804545
1.78295,0.8324903888804545
1.783,0.8328262076058512
1.78305,0.8328262076058512
1.7831,0.8328262076058512
1.78315,0.8328262076058512
1.7832,0.8328262076058512
1.78325,0.8328262076058512
1.7833,0.8328262076058512
1.78335,0.8328262076058512
1.7834,0.8324903888804545
1.78345,0.8328262076058512
1.7835,0.8328262076058512
1.78355,0.8328262076058512
1.7836,0.8324903888804545
1.78365,0.8324903888804545
1.7837,0.8324903888804545
1.78375,0.8324903888804545
1.7838,0.8324903888804545
1.78385,0.8324903888804545
1.7839,0.8324903888804545
1.78395,0.8328262076058512
1.784,0.8328262076058512
1.78405,0.8324903888804545
1.7841,0.8324903888804545
1.78415,0.8324903888804545
1.7842,0.8324903888804545
1.78425,0.8324903888804545
1.7843,0.8328262076058512
1.78435,0.8324903888804545
1.7844,0.8324903888804545
1.78445,0.8328262076058512
1.7845,0.8328262076058512
1.78455,0.8328262076058512
1.7846,0.8324903888804545
1.78465,0.8328262076058512
1.7847,0.8328262076058512
1.78475,0.8324903888804545
1.7848,0.8324903888804545
1.78485,0.8328262076058512
1.7849,0.8324903888804545
1.78495,0.8328262076058512
1.785,0.8328262076058512
1.78505,0.8328262076058512
1.7851,0.8328262076058512
1.78515,0.8328262076058512
1.7852,0.8328262076058512
1.78525,0.8328262076058512
1.7853,0.8328262076058512
1.78535,0.8328262076058512
1.7854,0.8328262076058512
1.78545,0.8328262076058512
1.7855,0.8328262076058512
1.78555,0.8328262076058512
1.7856,0.8328262076058512
1.78565,0.8328262076058512
1.7857,0.8328262076058512
1.78575,0.8328262076058512
1.7858,0.8328262076058512
1.78585,0.8324903888804545
1.7859,0.8328262076058512
1.78595,0.8328262076058512
1.786,0.8328262076058512
1.78605,0.8328262076058512
1.7861,0.8328262076058512
1.78615,0.8328262076058512
1.7862,0.8328262076058512
1.78625,0.8328262076058512
1.7863,0.8328262076058512
1.78635,0.8328262076058512
1.7864,0.8328262076058512
1.78645,0.8328262076058512
1.7865,0.8328262076058512
1.78655,0.8328262076058512
1.7866,0.8328262076058512
1.78665,0.8328262076058512
1.7867,0.8328262076058512
1.78675,0.8328262076058512
1.7868,0.8328262076058512
1.78685,0.833162026331248
1.7869,0.833162026331248
1.78695,0.833162026331248
1.787,0.8328262076058512
1.78705,0.833162026331248
1.7871,0.833162026331248
1.78715,0.833162026331248
1.7872,0.833162026331248
1.78725,0.833162026331248
1.7873,0.833162026331248
1.78735,0.833162026331248
1.7874,0.833162026331248
1.78745,0.833162026331248
1.7875,0.833162026331248
1.78755,0.8334978450566448
1.7876,0.8334978450566448
1.78765,0.8334978450566448
1.7877,0.8334978450566448
1.78775,0.8334978450566448
1.7878,0.8334978450566448
1.78785,0.8334978450566448
1.7879,0.833162026331248
1.78795,0.833162026331248
1.788,0.8334978450566448
1.78805,0.833162026331248
1.7881,0.833162026331248
1.78815,0.833162026331248
1.7882,0.833162026331248
1.78825,0.833162026331248
1.7883,0.8334978450566448
1.78835,0.8334978450566448
1.7884,0.8334978450566448
1.78845,0.833162026331248
1.7885,0.8334978450566448
1.78855,0.8334978450566448
1.7886,0.8334978450566448
1.78865,0.833162026331248
1.7887,0.833162026331248
1.78875,0.833162026331248
1.7888,0.8334978450566448
1.78885,0.833162026331248
1.7889,0.833162026331248
1.78895,0.833162026331248
1.789,0.8334978450566448
1.78905,0.8334978450566448
1.7891,0.8334978450566448
1.78915,0.8334978450566448
1.7892,0.8334978450566448
1.78925,0.8334978450566448
1.7893,0.8334978450566448
1.78935,0.8334978450566448
1.7894,0.8334978450566448
1.78945,0.8334978450566448
1.7895,0.8334978450566448
1.78955,0.8334978450566448
1.7896,0.8334978450566448
1.78965,0.833162026331248
1.7897,0.833162026331248
1.78975,0.833162026331248
1.7898,0.833162026331248
1.78985,0.833162026331248
1.7899,0.833162026331248
1.78995,0.833162026331248
1.79,0.833162026331248
1.79005,0.833162026331248
1.7901,0.833162026331248
1.79015,0.833162026331248
1.7902,0.833162026331248
1.79025,0.833162026331248
1.7903,0.833162026331248
1.79035,0.8334978450566448
1.7904,0.833162026331248
1.79045,0.8334978450566448
1.7905,0.833162026331248
1.79055,0.833162026331248
1.7906,0.833162026331248
1.79065,0.833162026331248
1.7907,0.8334978450566448
1.79075,0.833162026331248
1.7908,0.8334978450566448
1.79085,0.8334978450566448
1.7909,0.8334978450566448
1.79095,0.8334978450566448
1.791,0.8334978450566448
1.79105,0.8334978450566448
1.7911,0.8334978450566448
1.79115,0.8334978450566448
1.7912,0.8334978450566448
1.79125,0.8334978450566448
1.7913,0.8334978450566448
1.79135,0.833162026331248
1.7914,0.833162026331248
1.79145,0.833162026331248
1.7915,0.833162026331248
1.79155,0.8334978450566448
1.7916,0.8334978450566448
1.79165,0.8334978450566448
1.7917,0.8334978450566448
1.79175,0.8334978450566448
1.7918,0.8334978450566448
1.79185,0.833162026331248
1.7919,0.8334978450566448
1.79195,0.833162026331248
1.792,0.833162026331248
1.79205,0.833162026331248
1.7921,0.833162026331248
1.79215,0.833162026331248
1.7922,0.833162026331248
1.79225,0.833162026331248
1.7923,0.833162026331248
1.79235,0.833162026331248
1.7924,0.833162026331248
1.79245,0.833162026331248
1.7925,0.833162026331248
1.79255,0.833162026331248
1.7926,0.833162026331248
1.79265,0.833162026331248
1.7927,0.833162026331248
1.79275,0.833162026331248
1.7928,0.833162026331248
1.79285,0.833162026331248
1.7929,0.833162026331248
1.79295,0.833162026331248
1.793,0.833162026331248
1.79305,0.8328262076058512
1.7931,0.8328262076058512
1.79315,0.833162026331248
1.7932,0.8328262076058512
1.79325,0.833162026331248
1.7933,0.833162026331248
1.79335,0.833162026331248
1.7934,0.833162026331248
1.79345,0.833162026331248
1.7935,0.833162026331248
1.79355,0.833162026331248
1.7936,0.833162026331248
1.79365,0.833162026331248
1.7937,0.833162026331248
1.79375,0.833162026331248
1.7938,0.833162026331248
1.79385,0.833162026331248
1.7939,0.833162026331248
1.79395,0.833162026331248
1.794,0.833162026331248
1.79405,0.833162026331248
1.7941,0.8328262076058512
1.79415,0.833162026331248
1.7942,0.833162026331248
1.79425,0.833162026331248
1.7943,0.833162026331248
1.79435,0.833162026331248
1.7944,0.833162026331248
1.79445,0.833162026331248
1.7945,0.8328262076058512
1.79455,0.833162026331248
1.7946,0.833162026331248
1.79465,0.833162026331248
1.7947,0.833162026331248
1.79475,0.833162026331248
1.7948,0.8328262076058512
1.79485,0.833162026331248
1.7949,0.8328262076058512
1.79495,0.8328262076058512
1.795,0.833162026331248
1.79505,0.8328262076058512
1.7951,0.8328262076058512
1.79515,0.8328262076058512
1.7952,0.833162026331248
1.79525,0.833162026331248
1.7953,0.8328262076058512
1.79535,0.833162026331248
1.7954,0.833162026331248
1.79545,0.8328262076058512
1.7955,0.8328262076058512
1.79555,0.833162026331248
1.7956,0.8328262076058512
1.79565,0.8328262076058512
1.7957,0.8328262076058512
1.79575,0.8328262076058512
1.7958,0.833162026331248
1.79585,0.833162026331248
1.7959,0.833162026331248
1.79595,0.8328262076058512
1.796,0.833162026331248
1.79605,0.8328262076058512
1.7961,0.8328262076058512
1.79615,0.833162026331248
1.7962,0.833162026331248
1.79625,0.833162026331248
1.7963,0.8328262076058512
1.79635,0.8328262076058512
1.7964,0.8328262076058512
1.79645,0.8328262076058512
1.7965,0.8328262076058512
1.79655,0.833162026331248
1.7966,0.8328262076058512
1.79665,0.833162026331248
1.7967,0.833162026331248
1.79675,0.833162026331248
1.7968,0.833162026331248
1.79685,0.833162026331248
1.7969,0.8328262076058512
1.79695,0.833162026331248
1.797,0.833162026331248
1.79705,0.8328262076058512
1.7971,0.833162026331248
1.79715,0.8328262076058512
1.7972,0.8328262076058512
1.79725,0.833162026331248
1.7973,0.833162026331248
1.79735,0.8328262076058512
1.7974,0.833162026331248
1.79745,0.833162026331248
1.7975,0.833162026331248
1.79755,0.8328262076058512
1.7976,0.833162026331248
1.79765,0.8328262076058512
1.7977,0.8328262076058512
1.79775,0.8328262076058512
1.7978,0.8328262076058512
1.79785,0.833162026331248
1.7979,0.833162026331248
1.79795,0.833162026331248
1.798,0.833162026331248
1.79805,0.8328262076058512
1.7981,0.833162026331248
1.79815,0.8328262076058512
1.7982,0.8328262076058512
1.79825,0.8328262076058512
1.7983,0.833162026331248
1.79835,0.833162026331248
1.7984,0.833162026331248
1.79845,0.8328262076058512
1.7985,0.8328262076058512
1.79855,0.8328262076058512
1.7986,0.8328262076058512
1.79865,0.8328262076058512
1.7987,0.8328262076058512
1.79875,0.8328262076058512
1.7988,0.8328262076058512
1.79885,0.8328262076058512
1.7989,0.833162026331248
1.79895,0.833162026331248
1.799,0.8328262076058512
1.79905,0.833162026331248
1.7991,0.8328262076058512
1.79915,0.833162026331248
1.7992,0.833162026331248
1.79925,0.833162026331248
1.7993,0.8328262076058512
1.79935,0.833162026331248
1.7994,0.8328262076058512
1.79945,0.8328262076058512
1.7995,0.8328262076058512
1.79955,0.8328262076058512
1.7996,0.8328262076058512
1.79965,0.8328262076058512
1.7997,0.8328262076058512
1.79975,0.8328262076058512
1.7998,0.8328262076058512
1.79985,0.8328262076058512
1.7999,0.8328262076058512
1.79995,0.8328262076058512
1.8,0.8328262076058512
1.80005,0.8328262076058512
1.8001,0.8328262076058512
1.80015,0.8328262076058512
1.8002,0.833162026331248
1.80025,0.833162026331248
1.8003,0.8328262076058512
1.80035,0.833162026331248
1.8004,0.8328262076058512
1.80045,0.8328262076058512
1.8005,0.833162026331248
1.80055,0.8328262076058512
1.8006,0.833162026331248
1.80065,0.833162026331248
1.8007,0.8328262076058512
1.80075,0.8328262076058512
1.8008,0.8328262076058512
1.80085,0.8324903888804545
1.8009,0.8324903888804545
1.80095,0.8324903888804545
1.801,0.8324903888804545
1.80105,0.8324903888804545
1.8011,0.8324903888804545
1.80115,0.8324903888804545
1.8012,0.8324903888804545
1.80125,0.8324903888804545
1.8013,0.8324903888804545
1.80135,0.8324903888804545
1.8014,0.8324903888804545
1.80145,0.8324903888804545
1.8015,0.8324903888804545
1.80155,0.8324903888804545
1.8016,0.8324903888804545
1.80165,0.8324903888804545
1.8017,0.8328262076058512
1.80175,0.8324903888804545
1.8018,0.8324903888804545
1.80185,0.8328262076058512
1.8019,0.8324903888804545
1.80195,0.8324903888804545
1.802,0.8324903888804545
1.80205,0.8328262076058512
1.8021,0.8324903888804545
1.80215,0.8324903888804545
1.8022,0.8328262076058512
1.80225,0.8324903888804545
1.8023,0.8324903888804545
1.80235,0.8324903888804545
1.8024,0.8324903888804545
1.80245,0.8324903888804545
1.8025,0.8328262076058512
1.80255,0.8324903888804545
1.8026,0.8324903888804545
1.80265,0.8324903888804545
1.8027,0.8324903888804545
1.80275,0.8324903888804545
1.8028,0.8324903888804545
1.80285,0.8324903888804545
1.8029,0.8324903888804545
1.80295,0.8324903888804545
1.803,0.8324903888804545
1.80305,0.8324903888804545
1.8031,0.8324903888804545
1.80315,0.8324903888804545
1.8032,0.8324903888804545
1.80325,0.8324903888804545
1.8033,0.8324903888804545
1.80335,0.8324903888804545
1.8034,0.8324903888804545
1.80345,0.8324903888804545
1.8035,0.8324903888804545
1.80355,0.8324903888804545
1.8036,0.8324903888804545
1.80365,0.8324903888804545
1.8037,0.8324903888804545
1.80375,0.8324903888804545
1.8038,0.8324903888804545
1.80385,0.8324903888804545
1.8039,0.8324903888804545
1.80395,0.8324903888804545
1.804,0.8324903888804545
1.80405,0.8324903888804545
1.8041,0.8324903888804545
1.80415,0.8324903888804545
1.8042,0.8324903888804545
1.80425,0.8324903888804545
1.8043,0.8324903888804545
1.80435,0.8324903888804545
1.8044,0.8324903888804545
1.80445,0.8324903888804545
1.8045,0.8324903888804545
1.80455,0.8324903888804545
1.8046,0.8324903888804545
1.80465,0.8324903888804545
1.8047,0.8324903888804545
1.80475,0.8324903888804545
1.8048,0.8324903888804545
1.80485,0.8328262076058512
1.8049,0.8324903888804545
1.80495,0.8324903888804545
1.805,0.8324903888804545
1.80505,0.8328262076058512
1.8051,0.8324903888804545
1.80515,0.8324903888804545
1.8052,0.8328262076058512
1.80525,0.8328262076058512
1.8053,0.8328262076058512
1.80535,0.8328262076058512
1.8054,0.8328262076058512
1.80545,0.8324903888804545
1.8055,0.8324903888804545
1.80555,0.8324903888804545
1.8056,0.8328262076058512
1.80565,0.8324903888804545
1.8057,0.8328262076058512
1.80575,0.8328262076058512
1.8058,0.8328262076058512
1.80585,0.8328262076058512
1.8059,0.8328262076058512
1.80595,0.8328262076058512
1.806,0.8328262076058512
1.80605,0.8328262076058512
1.8061,0.8328262076058512
1.80615,0.8328262076058512
1.8062,0.8328262076058512
1.80625,0.833162026331248
1.8063,0.8328262076058512
1.80635,0.8328262076058512
1.8064,0.8328262076058512
1.80645,0.8328262076058512
1.8065,0.8328262076058512
1.80655,0.8328262076058512
1.8066,0.8328262076058512
1.80665,0.833162026331248
1.8067,0.8328262076058512
1.80675,0.8328262076058512
1.8068,0.8328262076058512
1.80685,0.8328262076058512
1.8069,0.8328262076058512
1.80695,0.8328262076058512
1.807,0.8328262076058512
1.80705,0.8328262076058512
1.8071,0.8328262076058512
1.80715,0.8328262076058512
1.8072,0.8328262076058512
1.80725,0.8328262076058512
1.8073,0.8328262076058512
1.80735,0.833162026331248
1.8074,0.833162026331248
1.80745,0.833162026331248
1.8075,0.833162026331248
1.80755,0.833162026331248
1.8076,0.833162026331248
1.80765,0.833162026331248
1.8077,0.833162026331248
1.80775,0.833162026331248
1.8078,0.833162026331248
1.80785,0.8334978450566448
1.8079,0.833162026331248
1.80795,0.833162026331248
1.808,0.833162026331248
1.80805,0.833162026331248
1.8081,0.833162026331248
1.80815,0.833162026331248
1.8082,0.833162026331248
1.80825,0.833162026331248
1.8083,0.8334978450566448
1.80835,0.8334978450566448
1.8084,0.8334978450566448
1.80845,0.8334978450566448
1.8085,0.8334978450566448
1.80855,0.8334978450566448
1.8086,0.8334978450566448
1.80865,0.8334978450566448
1.8087,0.8334978450566448
1.80875,0.8334978450566448
1.8088,0.8334978450566448
1.80885,0.833162026331248
1.8089,0.8334978450566448
1.80895,0.8334978450566448
1.809,0.833162026331248
1.80905,0.833162026331248
1.8091,0.8334978450566448
1.80915,0.8334978450566448
1.8092,0.8334978450566448
1.80925,0.833162026331248
1.8093,0.8334978450566448
1.80935,0.8334978450566448
1.8094,0.8334978450566448
1.80945,0.8334978450566448
1.8095,0.8334978450566448
1.80955,0.8334978450566448
1.8096,0.833162026331248
1.80965,0.833162026331248
1.8097,0.833162026331248
1.80975,0.833162026331248
1.8098,0.833162026331248
1.80985,0.833162026331248
1.8099,0.833162026331248
1.80995,0.833162026331248
1.81,0.8334978450566448
1.81005,0.8334978450566448
1.8101,0.8334978450566448
1.81015,0.833162026331248
1.8102,0.833162026331248
1.81025,0.833162026331248
1.8103,0.8334978450566448
1.81035,0.833162026331248
1.8104,0.833162026331248
1.81045,0.8334978450566448
1.8105,0.8334978450566448
1.81055,0.8334978450566448
1.8106,0.8334978450566448
1.81065,0.8334978450566448
1.8107,0.8334978450566448
1.81075,0.8334978450566448
1.8108,0.8334978450566448
1.81085,0.8334978450566448
1.8109,0.8334978450566448
1.81095,0.8334978450566448
1.811,0.833162026331248
1.81105,0.8334978450566448
1.8111,0.8334978450566448
1.81115,0.833162026331248
1.8112,0.8334978450566448
1.81125,0.833162026331248
1.8113,0.8334978450566448
1.81135,0.8334978450566448
1.8114,0.8334978450566448
1.81145,0.833162026331248
1.8115,0.8334978450566448
1.81155,0.8334978450566448
1.8116,0.833162026331248
1.81165,0.833162026331248
1.8117,0.8334978450566448
1.81175,0.8334978450566448
1.8118,0.8334978450566448
1.81185,0.833162026331248
1.8119,0.8334978450566448
1.81195,0.833162026331248
1.812,0.833162026331248
1.81205,0.833162026331248
1.8121,0.833162026331248
1.81215,0.833162026331248
1.8122,0.833162026331248
1.81225,0.833162026331248
1.8123,0.833162026331248
1.81235,0.833162026331248
1.8124,0.833162026331248
1.81245,0.833162026331248
1.8125,0.833162026331248
1.81255,0.833162026331248
1.8126,0.833162026331248
1.81265,0.833162026331248
1.8127,0.8328262076058512
1.81275,0.833162026331248
1.8128,0.8328262076058512
1.81285,0.833162026331248
1.8129,0.8334978450566448
1.81295,0.833162026331248
1.813,0.833162026331248
1.81305,0.833162026331248
1.8131,0.833162026331248
1.81315,0.833162026331248
1.8132,0.833162026331248
1.81325,0.833162026331248
1.8133,0.833162026331248
1.81335,0.833162026331248
1.8134,0.833162026331248
1.81345,0.833162026331248
1.8135,0.833162026331248
1.81355,0.833162026331248
1.8136,0.833162026331248
1.81365,0.833162026331248
1.8137,0.833162026331248
1.81375,0.833162026331248
1.8138,0.833162026331248
1.81385,0.833162026331248
1.8139,0.833162026331248
1.81395,0.833162026331248
1.814,0.833162026331248
1.81405,0.8328262076058512
1.8141,0.8328262076058512
1.81415,0.8328262076058512
1.8142,0.8328262076058512
1.81425,0.8328262076058512
1.8143,0.8328262076058512
1.81435,0.833162026331248
1.8144,0.8328262076058512
1.81445,0.833162026331248
1.8145,0.833162026331248
1.81455,0.833162026331248
1.8146,0.833162026331248
1.81465,0.8328262076058512
1.8147,0.833162026331248
1.81475,0.833162026331248
1.8148,0.833162026331248
1.81485,0.833162026331248
1.8149,0.833162026331248
1.81495,0.833162026331248
1.815,0.833162026331248
1.81505,0.833162026331248
1.8151,0.833162026331248
1.81515,0.8328262076058512
1.8152,0.833162026331248
1.81525,0.833162026331248
1.8153,0.8328262076058512
1.81535,0.8328262076058512
1.8154,0.8328262076058512
1.81545,0.8328262076058512
1.8155,0.8328262076058512
1.81555,0.833162026331248
1.8156,0.8328262076058512
1.81565,0.833162026331248
1.8157,0.833162026331248
1.81575,0.833162026331248
1.8158,0.8328262076058512
1.81585,0.8328262076058512
1.8159,0.8328262076058512
1.81595,0.833162026331248
1.816,0.833162026331248
1.81605,0.833162026331248
1.8161,0.833162026331248
1.81615,0.833162026331248
1.8162,0.833162026331248
1.81625,0.833162026331248
1.8163,0.833162026331248
1.81635,0.833162026331248
1.8164,0.8328262076058512
1.81645,0.8328262076058512
1.8165,0.8328262076058512
1.81655,0.833162026331248
1.8166,0.8328262076058512
1.81665,0.8328262076058512
1.8167,0.833162026331248
1.81675,0.833162026331248
1.8168,0.833162026331248
1.81685,0.8328262076058512
1.8169,0.8328262076058512
1.81695,0.8328262076058512
1.817,0.8328262076058512
1.81705,0.833162026331248
1.8171,0.833162026331248
1.81715,0.833162026331248
1.8172,0.833162026331248
1.81725,0.833162026331248
1.8173,0.833162026331248
1.81735,0.833162026331248
1.8174,0.833162026331248
1.81745,0.8328262076058512
1.8175,0.8328262076058512
1.81755,0.833162026331248
1.8176,0.8328262076058512
1.81765,0.8328262076058512
1.8177,0.833162026331248
1.81775,0.833162026331248
1.8178,0.833162026331248
1.81785,0.833162026331248
1.8179,0.833162026331248
1.81795,0.8328262076058512
1.818,0.8328262076058512
1.81805,0.8328262076058512
1.8181,0.833162026331248
1.81815,0.8328262076058512
1.8182,0.8328262076058512
1.81825,0.833162026331248
1.8183,0.833162026331248
1.81835,0.8328262076058512
1.8184,0.8328262076058512
1.81845,0.8328262076058512
1.8185,0.8328262076058512
1.81855,0.833162026331248
1.8186,0.8328262076058512
1.81865,0.8328262076058512
1.8187,0.8328262076058512
1.81875,0.8328262076058512
1.8188,0.8328262076058512
1.81885,0.8328262076058512
1.8189,0.833162026331248
1.81895,0.833162026331248
1.819,0.833162026331248
1.81905,0.8328262076058512
1.8191,0.8328262076058512
1.81915,0.833162026331248
1.8192,0.833162026331248
1.81925,0.833162026331248
1.8193,0.8328262076058512
1.81935,0.833162026331248
1.8194,0.8328262076058512
1.81945,0.8328262076058512
1.8195,0.8328262076058512
1.81955,0.833162026331248
1.8196,0.8328262076058512
1.81965,0.8328262076058512
1.8197,0.8328262076058512
1.81975,0.833162026331248
1.8198,0.8328262076058512
1.81985,0.8328262076058512
1.8199,0.8328262076058512
1.81995,0.8328262076058512
1.82,0.833162026331248
1.82005,0.833162026331248
1.8201,0.8328262076058512
1.82015,0.8328262076058512
1.8202,0.8328262076058512
1.82025,0.833162026331248
1.8203,0.8328262076058512
1.82035,0.833162026331248
1.8204,0.833162026331248
1.82045,0.833162026331248
1.8205,0.833162026331248
1.82055,0.833162026331248
1.8206,0.8328262076058512
1.82065,0.8328262076058512
1.8207,0.8328262076058512
1.82075,0.8328262076058512
1.8208,0.8328262076058512
1.82085,0.8328262076058512
1.8209,0.8328262076058512
1.82095,0.8328262076058512
1.821,0.8324903888804545
1.82105,0.8328262076058512
1.8211,0.8324903888804545
1.82115,0.8324903888804545
1.8212,0.8324903888804545
1.82125,0.8324903888804545
1.8213,0.8324903888804545
1.82135,0.8328262076058512
1.8214,0.8324903888804545
1.82145,0.8324903888804545
1.8215,0.8324903888804545
1.82155,0.8324903888804545
1.8216,0.8324903888804545
1.82165,0.8324903888804545
1.8217,0.8328262076058512
1.82175,0.8324903888804545
1.8218,0.8328262076058512
1.82185,0.8328262076058512
1.8219,0.8324903888804545
1.82195,0.8324903888804545
1.822,0.8328262076058512
1.82205,0.8324903888804545
1.8221,0.8324903888804545
1.82215,0.8324903888804545
1.8222,0.8328262076058512
1.82225,0.8324903888804545
1.8223,0.8324903888804545
1.82235,0.8324903888804545
1.8224,0.8324903888804545
1.82245,0.8324903888804545
1.8225,0.8324903888804545
1.82255,0.8324903888804545
1.8226,0.8324903888804545
1.82265,0.8324903888804545
1.8227,0.8324903888804545
1.82275,0.8324903888804545
1.8228,0.8324903888804545
1.82285,0.8324903888804545
1.8229,0.8324903888804545
1.82295,0.8328262076058512
1.823,0.8324903888804545
1.82305,0.8324903888804545
1.8231,0.8324903888804545
1.82315,0.8328262076058512
1.8232,0.8324903888804545
1.82325,0.8324903888804545
1.8233,0.8324903888804545
1.82335,0.8324903888804545
1.8234,0.8324903888804545
1.82345,0.8324903888804545
1.8235,0.8324903888804545
1.82355,0.8328262076058512
1.8236,0.8324903888804545
1.82365,0.8324903888804545
1.8237,0.8328262076058512
1.82375,0.8324903888804545
1.8238,0.8324903888804545
1.82385,0.8324903888804545
1.8239,0.8324903888804545
1.82395,0.8324903888804545
1.824,0.8324903888804545
1.82405,0.8324903888804545
1.8241,0.8324903888804545
1.82415,0.8324903888804545
1.8242,0.8324903888804545
1.82425,0.8324903888804545
1.8243,0.8321545701550577
1.82435,0.8324903888804545
1.8244,0.8324903888804545
1.82445,0.8324903888804545
1.8245,0.8324903888804545
1.82455,0.8324903888804545
1.8246,0.8324903888804545
1.82465,0.8324903888804545
1.8247,0.8324903888804545
1.82475,0.8328262076058512
1.8248,0.8324903888804545
1.82485,0.8324903888804545
1.8249,0.8324903888804545
1.82495,0.8328262076058512
1.825,0.8328262076058512
1.82505,0.8328262076058512
1.8251,0.8328262076058512
1.82515,0.8328262076058512
1.8252,0.8328262076058512
1.82525,0.8328262076058512
1.8253,0.8328262076058512
1.82535,0.8328262076058512
1.8254,0.8328262076058512
1.82545,0.8328262076058512
1.8255,0.8328262076058512
1.82555,0.8328262076058512
1.8256,0.8328262076058512
1.82565,0.8328262076058512
1.8257,0.8328262076058512
1.82575,0.8328262076058512
1.8258,0.8328262076058512
1.82585,0.8328262076058512
1.8259,0.8328262076058512
1.82595,0.8328262076058512
1.826,0.8328262076058512
1.82605,0.8328262076058512
1.8261,0.8328262076058512
1.82615,0.8328262076058512
1.8262,0.8328262076058512
1.82625,0.8328262076058512
1.8263,0.8328262076058512
1.82635,0.8328262076058512
1.8264,0.8328262076058512
1.82645,0.8328262076058512
1.8265,0.8328262076058512
1.82655,0.8328262076058512
1.8266,0.8328262076058512
1.82665,0.8328262076058512
1.8267,0.8328262076058512
1.82675,0.8328262076058512
1.8268,0.8328262076058512
1.82685,0.8328262076058512
1.8269,0.8328262076058512
1.82695,0.8328262076058512
1.827,0.8328262076058512
1.82705,0.8328262076058512
1.8271,0.8328262076058512
1.82715,0.8328262076058512
1.8272,0.833162026331248
1.82725,0.8328262076058512
1.8273,0.8328262076058512
1.82735,0.8328262076058512
1.8274,0.833162026331248
1.82745,0.833162026331248
1.8275,0.833162026331248
1.82755,0.833162026331248
1.8276,0.833162026331248
1.82765,0.833162026331248
1.8277,0.833162026331248
1.82775,0.833162026331248
1.8278,0.833162026331248
1.82785,0.8328262076058512
1.8279,0.8328262076058512
1.82795,0.833162026331248
1.828,0.833162026331248
1.82805,0.833162026331248
1.8281,0.833162026331248
1.82815,0.833162026331248
1.8282,0.833162026331248
1.82825,0.833162026331248
1.8283,0.833162026331248
1.82835,0.833162026331248
1.8284,0.833162026331248
1.82845,0.833162026331248
1.8285,0.833162026331248
1.82855,0.833162026331248
1.8286,0.833162026331248
1.82865,0.8334978450566448
1.8287,0.833162026331248
1.82875,0.8334978450566448
1.8288,0.833162026331248
1.82885,0.833162026331248
1.8289,0.8334978450566448
1.82895,0.8334978450566448
1.829,0.8334978450566448
1.82905,0.833162026331248
1.8291,0.8334978450566448
1.82915,0.833162026331248
1.8292,0.8334978450566448
1.82925,0.8334978450566448
1.8293,0.8334978450566448
1.82935,0.833162026331248
1.8294,0.833162026331248
1.82945,0.833162026331248
1.8295,0.833162026331248
1.82955,0.833162026331248
1.8296,0.833162026331248
1.82965,0.833162026331248
1.8297,0.833162026331248
1.82975,0.833162026331248
1.8298,0.833162026331248
1.82985,0.833162026331248
1.8299,0.833162026331248
1.82995,0.833162026331248
1.83,0.833162026331248
1.83005,0.833162026331248
1.8301,0.833162026331248
1.83015,0.833162026331248
1.8302,0.833162026331248
1.83025,0.833162026331248
1.8303,0.833162026331248
1.83035,0.833162026331248
1.8304,0.8334978450566448
1.83045,0.8334978450566448
1.8305,0.833162026331248
1.83055,0.8334978450566448
1.8306,0.833162026331248
1.83065,0.833162026331248
1.8307,0.8334978450566448
1.83075,0.8334978450566448
1.8308,0.8334978450566448
1.83085,0.8334978450566448
1.8309,0.8334978450566448
1.83095,0.833162026331248
1.831,0.8334978450566448
1.83105,0.833162026331248
1.8311,0.8334978450566448
1.83115,0.833162026331248
1.8312,0.8334978450566448
1.83125,0.8334978450566448
1.8313,0.8334978450566448
1.83135,0.8334978450566448
1.8314,0.8334978450566448
1.83145,0.8334978450566448
1.8315,0.833162026331248
1.83155,0.8334978450566448
1.8316,0.833162026331248
1.83165,0.833162026331248
1.8317,0.833162026331248
1.83175,0.833162026331248
1.8318,0.833162026331248
1.83185,0.833162026331248
1.8319,0.833162026331248
1.83195,0.8328262076058512
1.832,0.833162026331248
1.83205,0.833162026331248
1.8321,0.833162026331248
1.83215,0.833162026331248
1.8322,0.833162026331248
1.83225,0.8328262076058512
1.8323,0.833162026331248
1.83235,0.833162026331248
1.8324,0.833162026331248
1.83245,0.833162026331248
1.8325,0.833162026331248
1.83255,0.833162026331248
1.8326,0.8328262076058512
1.83265,0.833162026331248
1.8327,0.833162026331248
1.83275,0.833162026331248
1.8328,0.833162026331248
1.83285,0.833162026331248
1.8329,0.8328262076058512
1.83295,0.833162026331248
1.833,0.833162026331248
1.83305,0.833162026331248
1.8331,0.833162026331248
1.83315,0.833162026331248
1.8332,0.833162026331248
1.83325,0.833162026331248
1.8333,0.833162026331248
1.83335,0.8328262076058512
1.8334,0.833162026331248
1.83345,0.8328262076058512
1.8335,0.8328262076058512
1.83355,0.8328262076058512
1.8336,0.833162026331248
1.83365,0.833162026331248
1.8337,0.833162026331248
1.83375,0.833162026331248
1.8338,0.833162026331248
1.83385,0.833162026331248
1.8339,0.833162026331248
1.83395,0.8328262076058512
1.834,0.833162026331248
1.83405,0.8328262076058512
1.8341,0.833162026331248
1.83415,0.833162026331248
1.8342,0.833162026331248
1.83425,0.833162026331248
1.8343,0.833162026331248
1.83435,0.833162026331248
1.8344,0.833162026331248
1.83445,0.8328262076058512
1.8345,0.8328262076058512
1.83455,0.8328262076058512
1.8346,0.8328262076058512
1.83465,0.8328262076058512
1.8347,0.8328262076058512
1.83475,0.833162026331248
1.8348,0.8328262076058512
1.83485,0.8328262076058512
1.8349,0.833162026331248
1.83495,0.8328262076058512
1.835,0.833162026331248
1.83505,0.833162026331248
1.8351,0.8328262076058512
1.83515,0.8328262076058512
1.8352,0.833162026331248
1.83525,0.833162026331248
1.8353,0.8328262076058512
1.83535,0.8328262076058512
1.8354,0.8328262076058512
1.83545,0.8328262076058512
1.8355,0.8328262076058512
1.83555,0.8328262076058512
1.8356,0.8328262076058512
1.83565,0.833162026331248
1.8357,0.8328262076058512
1.83575,0.8328262076058512
1.8358,0.8328262076058512
1.83585,0.8328262076058512
1.8359,0.833162026331248
1.83595,0.833162026331248
1.836,0.833162026331248
1.83605,0.833162026331248
1.8361,0.833162026331248
1.83615,0.833162026331248
1.8362,0.8328262076058512
1.83625,0.833162026331248
1.8363,0.8328262076058512
1.83635,0.8328262076058512
1.8364,0.8328262076058512
1.83645,0.8328262076058512
1.8365,0.8328262076058512
1.83655,0.8328262076058512
1.8366,0.8328262076058512
1.83665,0.8328262076058512
1.8367,0.8328262076058512
1.83675,0.8328262076058512
1.8368,0.8328262076058512
1.83685,0.8328262076058512
1.8369,0.8328262076058512
1.83695,0.8328262076058512
1.837,0.8328262076058512
1.83705,0.8328262076058512
1.8371,0.8328262076058512
1.83715,0.8328262076058512
1.8372,0.833162026331248
1.83725,0.8328262076058512
1.8373,0.833162026331248
1.83735,0.833162026331248
1.8374,0.8328262076058512
1.83745,0.8328262076058512
1.8375,0.8328262076058512
1.83755,0.8328262076058512
1.8376,0.8328262076058512
1.83765,0.8328262076058512
1.8377,0.8328262076058512
1.83775,0.8328262076058512
1.8378,0.8328262076058512
1.83785,0.8328262076058512
1.8379,0.8328262076058512
1.83795,0.8328262076058512
1.838,0.8328262076058512
1.83805,0.8328262076058512
1.8381,0.8328262076058512
1.83815,0.8328262076058512
1.8382,0.8328262076058512
1.83825,0.8328262076058512
1.8383,0.8328262076058512
1.83835,0.8328262076058512
1.8384,0.8328262076058512
1.83845,0.8328262076058512
1.8385,0.8328262076058512
1.83855,0.8328262076058512
1.8386,0.8328262076058512
1.83865,0.8328262076058512
1.8387,0.8328262076058512
1.83875,0.8328262076058512
1.8388,0.8328262076058512
1.83885,0.8328262076058512
1.8389,0.8328262076058512
1.83895,0.8328262076058512
1.839,0.8328262076058512
1.83905,0.8328262076058512
1.8391,0.8328262076058512
1.83915,0.833162026331248
1.8392,0.8328262076058512
1.83925,0.8328262076058512
1.8393,0.8328262076058512
1.83935,0.8328262076058512
1.8394,0.8328262076058512
1.83945,0.8328262076058512
1.8395,0.8328262076058512
1.83955,0.8328262076058512
1.8396,0.8328262076058512
1.83965,0.8328262076058512
1.8397,0.8328262076058512
1.83975,0.8328262076058512
1.8398,0.8328262076058512
1.83985,0.8328262076058512
1.8399,0.833162026331248
1.83995,0.8328262076058512
1.84,0.8328262076058512
1.84005,0.8328262076058512
1.8401,0.8328262076058512
1.84015,0.8328262076058512
1.8402,0.8328262076058512
1.84025,0.8328262076058512
1.8403,0.8328262076058512
1.84035,0.8328262076058512
1.8404,0.8328262076058512
1.84045,0.8328262076058512
1.8405,0.8328262076058512
1.84055,0.8328262076058512
1.8406,0.8328262076058512
1.84065,0.8328262076058512
1.8407,0.8328262076058512
1.84075,0.8328262076058512
1.8408,0.8328262076058512
1.84085,0.8324903888804545
1.8409,0.8328262076058512
1.84095,0.8324903888804545
1.841,0.8324903888804545
1.84105,0.8324903888804545
1.8411,0.8328262076058512
1.84115,0.8324903888804545
1.8412,0.8324903888804545
1.84125,0.8324903888804545
1.8413,0.8324903888804545
1.84135,0.8324903888804545
1.8414,0.8324903888804545
1.84145,0.8324903888804545
1.8415,0.8324903888804545
1.84155,0.8324903888804545
1.8416,0.8324903888804545
1.84165,0.8324903888804545
1.8417,0.8324903888804545
1.84175,0.8328262076058512
1.8418,0.8328262076058512
1.84185,0.8324903888804545
1.8419,0.8328262076058512
1.84195,0.8328262076058512
1.842,0.8324903888804545
1.84205,0.8328262076058512
1.8421,0.8324903888804545
1.84215,0.8324903888804545
1.8422,0.8328262076058512
1.84225,0.8324903888804545
1.8423,0.8324903888804545
1.84235,0.8324903888804545
1.8424,0.8324903888804545
1.84245,0.8324903888804545
1.8425,0.8324903888804545
1.84255,0.8324903888804545
1.8426,0.8324903888804545
1.84265,0.8324903888804545
1.8427,0.8324903888804545
1.84275,0.8324903888804545
1.8428,0.8324903888804545
1.84285,0.8324903888804545
1.8429,0.8324903888804545
1.84295,0.8324903888804545
1.843,0.8324903888804545
1.84305,0.8324903888804545
1.8431,0.8328262076058512
1.84315,0.8324903888804545
1.8432,0.8324903888804545
1.84325,0.8324903888804545
1.8433,0.8324903888804545
1.84335,0.8324903888804545
1.8434,0.8324903888804545
1.84345,0.8324903888804545
1.8435,0.8328262076058512
1.84355,0.8324903888804545
1.8436,0.8324903888804545
1.84365,0.8324903888804545
1.8437,0.8324903888804545
1.84375,0.8324903888804545
1.8438,0.8324903888804545
1.84385,0.8324903888804545
1.8439,0.8324903888804545
1.84395,0.8324903888804545
1.844,0.8324903888804545
1.84405,0.8324903888804545
1.8441,0.8324903888804545
1.84415,0.8324903888804545
1.8442,0.8328262076058512
1.84425,0.8324903888804545
1.8443,0.8328262076058512
1.84435,0.8324903888804545
1.8444,0.8324903888804545
1.84445,0.8324903888804545
1.8445,0.8324903888804545
1.84455,0.8328262076058512
1.8446,0.8328262076058512
1.84465,0.8328262076058512
1.8447,0.8328262076058512
1.84475,0.8328262076058512
1.8448,0.8328262076058512
1.84485,0.8328262076058512
1.8449,0.8328262076058512
1.84495,0.8328262076058512
1.845,0.8328262076058512
1.84505,0.8328262076058512
1.8451,0.8328262076058512
1.84515,0.8328262076058512
1.8452,0.8324903888804545
1.84525,0.8324903888804545
1.8453,0.8328262076058512
1.84535,0.8328262076058512
1.8454,0.8328262076058512
1.84545,0.8328262076058512
1.8455,0.8328262076058512
1.84555,0.8328262076058512
1.8456,0.8328262076058512
1.84565,0.8328262076058512
1.8457,0.8328262076058512
1.84575,0.8328262076058512
1.8458,0.8328262076058512
1.84585,0.8328262076058512
1.8459,0.8328262076058512
1.84595,0.8328262076058512
1.846,0.8328262076058512
1.84605,0.8328262076058512
1.8461,0.8328262076058512
1.84615,0.8328262076058512
1.8462,0.8328262076058512
1.84625,0.8328262076058512
1.8463,0.8328262076058512
1.84635,0.8328262076058512
1.8464,0.8324903888804545
1.84645,0.8328262076058512
1.8465,0.8328262076058512
1.84655,0.8324903888804545
1.8466,0.8328262076058512
1.84665,0.8328262076058512
1.8467,0.8328262076058512
1.84675,0.8328262076058512
1.8468,0.8328262076058512
1.84685,0.8328262076058512
1.8469,0.8324903888804545
1.84695,0.8324903888804545
1.847,0.8328262076058512
1.84705,0.8328262076058512
1.8471,0.8328262076058512
1.84715,0.8328262076058512
1.8472,0.8328262076058512
1.84725,0.8328262076058512
1.8473,0.8328262076058512
1.84735,0.833162026331248
1.8474,0.8328262076058512
1.84745,0.833162026331248
1.8475,0.833162026331248
1.84755,0.833162026331248
1.8476,0.833162026331248
1.84765,0.833162026331248
1.8477,0.833162026331248
1.84775,0.833162026331248
1.8478,0.833162026331248
1.84785,0.833162026331248
1.8479,0.833162026331248
1.84795,0.833162026331248
1.848,0.8334978450566448
1.84805,0.8334978450566448
1.8481,0.8334978450566448
1.84815,0.8334978450566448
1.8482,0.833162026331248
1.84825,0.833162026331248
1.8483,0.833162026331248
1.84835,0.833162026331248
1.8484,0.833162026331248
1.84845,0.833162026331248
1.8485,0.833162026331248
1.84855,0.833162026331248
1.8486,0.833162026331248
1.84865,0.833162026331248
1.8487,0.833162026331248
1.84875,0.833162026331248
1.8488,0.833162026331248
1.84885,0.833162026331248
1.8489,0.833162026331248
1.84895,0.833162026331248
1.849,0.833162026331248
1.84905,0.833162026331248
1.8491,0.833162026331248
1.84915,0.833162026331248
1.8492,0.833162026331248
1.84925,0.833162026331248
1.8493,0.833162026331248
1.84935,0.833162026331248
1.8494,0.833162026331248
1.84945,0.833162026331248
1.8495,0.833162026331248
1.84955,0.833162026331248
1.8496,0.833162026331248
1.84965,0.833162026331248
1.8497,0.833162026331248
1.84975,0.833162026331248
1.8498,0.833162026331248
1.84985,0.833162026331248
1.8499,0.833162026331248
1.84995,0.833162026331248
1.85,0.833162026331248
1.85005,0.833162026331248
1.8501,0.833162026331248
1.85015,0.833162026331248
1.8502,0.833162026331248
1.85025,0.833162026331248
1.8503,0.833162026331248
1.85035,0.833162026331248
1.8504,0.833162026331248
1.85045,0.833162026331248
1.8505,0.833162026331248
1.85055,0.833162026331248
1.8506,0.833162026331248
1.85065,0.833162026331248
1.8507,0.8334978450566448
1.85075,0.8334978450566448
1.8508,0.833162026331248
1.85085,0.833162026331248
1.8509,0.833162026331248
1.85095,0.833162026331248
1.851,0.833162026331248
1.85105,0.833162026331248
1.8511,0.833162026331248
1.85115,0.833162026331248
1.8512,0.8334978450566448
1.85125,0.8334978450566448
1.8513,0.8334978450566448
1.85135,0.8334978450566448
1.8514,0.8334978450566448
1.85145,0.833162026331248
1.8515,0.8334978450566448
1.85155,0.833162026331248
1.8516,0.833162026331248
1.85165,0.833162026331248
1.8517,0.833162026331248
1.85175,0.833162026331248
1.8518,0.833162026331248
1.85185,0.833162026331248
1.8519,0.833162026331248
1.85195,0.833162026331248
1.852,0.833162026331248
1.85205,0.833162026331248
1.8521,0.833162026331248
1.85215,0.833162026331248
1.8522,0.833162026331248
1.85225,0.833162026331248
1.8523,0.8328262076058512
1.85235,0.833162026331248
1.8524,0.833162026331248
1.85245,0.833162026331248
1.8525,0.8328262076058512
1.85255,0.8328262076058512
1.8526,0.8328262076058512
1.85265,0.8328262076058512
1.8527,0.8328262076058512
1.85275,0.8328262076058512
1.8528,0.8328262076058512
1.85285,0.8328262076058512
1.8529,0.8328262076058512
1.85295,0.8328262076058512
1.853,0.833162026331248
1.85305,0.8328262076058512
1.8531,0.8328262076058512
1.85315,0.8328262076058512
1.8532,0.833162026331248
1.85325,0.833162026331248
1.8533,0.833162026331248
1.85335,0.833162026331248
1.8534,0.833162026331248
1.85345,0.833162026331248
1.8535,0.833162026331248
1.85355,0.833162026331248
1.8536,0.8328262076058512
1.85365,0.833162026331248
1.8537,0.8328262076058512
1.85375,0.8328262076058512
1.8538,0.833162026331248
1.85385,0.833162026331248
1.8539,0.8328262076058512
1.85395,0.833162026331248
1.854,0.833162026331248
1.85405,0.8328262076058512
1.8541,0.833162026331248
1.85415,0.833162026331248
1.8542,0.833162026331248
1.85425,0.833162026331248
1.8543,0.8328262076058512
1.85435,0.8328262076058512
1.8544,0.833162026331248
1.85445,0.833162026331248
1.8545,0.8328262076058512
1.85455,0.833162026331248
1.8546,0.833162026331248
1.85465,0.833162026331248
1.8547,0.833162026331248
1.85475,0.833162026331248
1.8548,0.833162026331248
1.85485,0.8328262076058512
1.8549,0.8328262076058512
1.85495,0.8328262076058512
1.855,0.8328262076058512
1.85505,0.833162026331248
1.8551,0.8328262076058512
1.85515,0.833162026331248
1.8552,0.833162026331248
1.85525,0.833162026331248
1.8553,0.833162026331248
1.85535,0.8328262076058512
1.8554,0.833162026331248
1.85545,0.8328262076058512
1.8555,0.8328262076058512
1.85555,0.833162026331248
1.8556,0.833162026331248
1.85565,0.833162026331248
1.8557,0.833162026331248
1.85575,0.833162026331248
1.8558,0.833162026331248
1.85585,0.833162026331248
1.8559,0.833162026331248
1.85595,0.833162026331248
1.856,0.833162026331248
1.85605,0.833162026331248
1.8561,0.8328262076058512
1.85615,0.833162026331248
1.8562,0.8328262076058512
1.85625,0.8328262076058512
1.8563,0.833162026331248
1.85635,0.833162026331248
1.8564,0.833162026331248
1.85645,0.833162026331248
1.8565,0.8328262076058512
1.85655,0.833162026331248
1.8566,0.8328262076058512
1.85665,0.8328262076058512
1.8567,0.833162026331248
1.85675,0.833162026331248
1.8568,0.833162026331248
1.85685,0.833162026331248
1.8569,0.833162026331248
1.85695,0.833162026331248
1.857,0.833162026331248
1.85705,0.833162026331248
1.8571,0.8328262076058512
1.85715,0.8328262076058512
1.8572,0.8328262076058512
1.85725,0.8328262076058512
1.8573,0.8328262076058512
1.85735,0.8328262076058512
1.8574,0.8328262076058512
1.85745,0.833162026331248
1.8575,0.8328262076058512
1.85755,0.8328262076058512
1.8576,0.8328262076058512
1.85765,0.8328262076058512
1.8577,0.8328262076058512
1.85775,0.8328262076058512
1.8578,0.8328262076058512
1.85785,0.833162026331248
1.8579,0.8328262076058512
1.85795,0.8328262076058512
1.858,0.833162026331248
1.85805,0.833162026331248
1.8581,0.8328262076058512
1.85815,0.8328262076058512
1.8582,0.8328262076058512
1.85825,0.8328262076058512
1.8583,0.8328262076058512
1.85835,0.8328262076058512
1.8584,0.833162026331248
1.85845,0.8328262076058512
1.8585,0.8328262076058512
1.85855,0.8328262076058512
1.8586,0.8328262076058512
1.85865,0.8328262076058512
1.8587,0.833162026331248
1.85875,0.8328262076058512
1.8588,0.8328262076058512
1.85885,0.8328262076058512
1.8589,0.833162026331248
1.85895,0.8328262076058512
1.859,0.8328262076058512
1.85905,0.8328262076058512
1.8591,0.8328262076058512
1.85915,0.8328262076058512
1.8592,0.8328262076058512
1.85925,0.8328262076058512
1.8593,0.8328262076058512
1.85935,0.8328262076058512
1.8594,0.833162026331248
1.85945,0.833162026331248
1.8595,0.8328262076058512
1.85955,0.8328262076058512
1.8596,0.8328262076058512
1.85965,0.8328262076058512
1.8597,0.8328262076058512
1.85975,0.8328262076058512
1.8598,0.8328262076058512
1.85985,0.8328262076058512
1.8599,0.8328262076058512
1.85995,0.8328262076058512
1.86,0.833162026331248
1.86005,0.8328262076058512
1.8601,0.8328262076058512
1.86015,0.8328262076058512
1.8602,0.8328262076058512
1.86025,0.8328262076058512
1.8603,0.8328262076058512
1.86035,0.8328262076058512
1.8604,0.8328262076058512
1.86045,0.8328262076058512
1.8605,0.8328262076058512
1.86055,0.8328262076058512
1.8606,0.8328262076058512
1.86065,0.8328262076058512
1.8607,0.8328262076058512
1.86075,0.8328262076058512
1.8608,0.8328262076058512
1.86085,0.8328262076058512
1.8609,0.8324903888804545
1.86095,0.8324903888804545
1.861,0.8324903888804545
1.86105,0.8324903888804545
1.8611,0.8324903888804545
1.86115,0.8324903888804545
1.8612,0.8324903888804545
1.86125,0.8324903888804545
1.8613,0.8324903888804545
1.86135,0.8324903888804545
1.8614,0.8324903888804545
1.86145,0.8324903888804545
1.8615,0.8324903888804545
1.86155,0.8324903888804545
1.8616,0.8324903888804545
1.86165,0.8324903888804545
1.8617,0.8324903888804545
1.86175,0.8324903888804545
1.8618,0.8324903888804545
1.86185,0.8324903888804545
1.8619,0.8324903888804545
1.86195,0.8324903888804545
1.862,0.8324903888804545
1.86205,0.8324903888804545
1.8621,0.8324903888804545
1.86215,0.8328262076058512
1.8622,0.8324903888804545
1.86225,0.8324903888804545
1.8623,0.8324903888804545
1.86235,0.8324903888804545
1.8624,0.8324903888804545
1.86245,0.8324903888804545
1.8625,0.8324903888804545
1.86255,0.8324903888804545
1.8626,0.8324903888804545
1.86265,0.8324903888804545
1.8627,0.8324903888804545
1.86275,0.8324903888804545
1.8628,0.8324903888804545
1.86285,0.8324903888804545
1.8629,0.8324903888804545
1.86295,0.8324903888804545
1.863,0.8324903888804545
1.86305,0.8324903888804545
1.8631,0.8328262076058512
1.86315,0.8328262076058512
1.8632,0.8324903888804545
1.86325,0.8324903888804545
1.8633,0.8324903888804545
1.86335,0.8324903888804545
1.8634,0.8324903888804545
1.86345,0.8328262076058512
1.8635,0.8324903888804545
1.86355,0.8324903888804545
1.8636,0.8324903888804545
1.86365,0.8324903888804545
1.8637,0.8324903888804545
1.86375,0.8324903888804545
1.8638,0.8324903888804545
1.86385,0.8328262076058512
1.8639,0.8324903888804545
1.86395,0.8324903888804545
1.864,0.8324903888804545
1.86405,0.8324903888804545
1.8641,0.8324903888804545
1.86415,0.8324903888804545
1.8642,0.8324903888804545
1.86425,0.8324903888804545
1.8643,0.8324903888804545
1.86435,0.8324903888804545
1.8644,0.8324903888804545
1.86445,0.8324903888804545
1.8645,0.8328262076058512
1.86455,0.8328262076058512
1.8646,0.8328262076058512
1.86465,0.8324903888804545
1.8647,0.8324903888804545
1.86475,0.8328262076058512
1.8648,0.8328262076058512
1.86485,0.8328262076058512
1.8649,0.8328262076058512
1.86495,0.8328262076058512
1.865,0.8328262076058512
1.86505,0.8328262076058512
1.8651,0.8328262076058512
1.86515,0.8328262076058512
1.8652,0.8328262076058512
1.86525,0.8328262076058512
1.8653,0.8328262076058512
1.86535,0.8328262076058512
1.8654,0.8328262076058512
1.86545,0.8328262076058512
1.8655,0.8328262076058512
1.86555,0.8328262076058512
1.8656,0.8328262076058512
1.86565,0.8328262076058512
1.8657,0.8328262076058512
1.86575,0.8328262076058512
1.8658,0.8328262076058512
1.86585,0.8328262076058512
1.8659,0.8328262076058512
1.86595,0.8328262076058512
1.866,0.8328262076058512
1.86605,0.8328262076058512
1.8661,0.8328262076058512
1.86615,0.8328262076058512
1.8662,0.833162026331248
1.86625,0.833162026331248
1.8663,0.8328262076058512
1.86635,0.8328262076058512
1.8664,0.833162026331248
1.86645,0.8328262076058512
1.8665,0.8328262076058512
1.86655,0.8328262076058512
1.8666,0.8328262076058512
1.86665,0.8328262076058512
1.8667,0.8328262076058512
1.86675,0.833162026331248
1.8668,0.8328262076058512
1.86685,0.8328262076058512
1.8669,0.8328262076058512
1.86695,0.8328262076058512
1.867,0.833162026331248
1.86705,0.8328262076058512
1.8671,0.833162026331248
1.86715,0.8328262076058512
1.8672,0.8328262076058512
1.86725,0.8328262076058512
1.8673,0.833162026331248
1.86735,0.833162026331248
1.8674,0.833162026331248
1.86745,0.8334978450566448
1.8675,0.8334978450566448
1.86755,0.8334978450566448
1.8676,0.833162026331248
1.86765,0.8334978450566448
1.8677,0.833162026331248
1.86775,0.833162026331248
1.8678,0.833162026331248
1.86785,0.833162026331248
1.8679,0.833162026331248
1.86795,0.833162026331248
1.868,0.833162026331248
1.86805,0.833162026331248
1.8681,0.833162026331248
1.86815,0.833162026331248
1.8682,0.8334978450566448
1.86825,0.8334978450566448
1.8683,0.8334978450566448
1.86835,0.833162026331248
1.8684,0.8334978450566448
1.86845,0.8334978450566448
1.8685,0.8334978450566448
1.86855,0.833162026331248
1.8686,0.8334978450566448
1.86865,0.833162026331248
1.8687,0.833162026331248
1.86875,0.833162026331248
1.8688,0.833162026331248
1.86885,0.833162026331248
1.8689,0.833162026331248
1.86895,0.8334978450566448
1.869,0.8334978450566448
1.86905,0.8334978450566448
1.8691,0.833162026331248
1.86915,0.833162026331248
1.8692,0.833162026331248
1.86925,0.8334978450566448
1.8693,0.8334978450566448
1.86935,0.8334978450566448
1.8694,0.8334978450566448
1.86945,0.8334978450566448
1.8695,0.833162026331248
1.86955,0.8334978450566448
1.8696,0.833162026331248
1.86965,0.8334978450566448
1.8697,0.833162026331248
1.86975,0.833162026331248
1.8698,0.833162026331248
1.86985,0.833162026331248
1.8699,0.833162026331248
1.86995,0.833162026331248
1.87,0.833162026331248
1.87005,0.833162026331248
1.8701,0.833162026331248
1.87015,0.833162026331248
1.8702,0.833162026331248
1.87025,0.8334978450566448
1.8703,0.8334978450566448
1.87035,0.8334978450566448
1.8704,0.833162026331248
1.87045,0.8334978450566448
1.8705,0.833162026331248
1.87055,0.833162026331248
1.8706,0.833162026331248
1.87065,0.833162026331248
1.8707,0.833162026331248
1.87075,0.8334978450566448
1.8708,0.833162026331248
1.87085,0.8334978450566448
1.8709,0.833162026331248
1.87095,0.8334978450566448
1.871,0.8334978450566448
1.87105,0.8334978450566448
1.8711,0.8334978450566448
1.87115,0.8334978450566448
1.8712,0.8334978450566448
1.87125,0.8334978450566448
1.8713,0.833162026331248
1.87135,0.8334978450566448
1.8714,0.8334978450566448
1.87145,0.833162026331248
1.8715,0.8334978450566448
1.87155,0.8334978450566448
1.8716,0.833162026331248
1.87165,0.8334978450566448
1.8717,0.8334978450566448
1.87175,0.8334978450566448
1.8718,0.8334978450566448
1.87185,0.8334978450566448
1.8719,0.8334978450566448
1.87195,0.8334978450566448
1.872,0.833162026331248
1.87205,0.833162026331248
1.8721,0.833162026331248
1.87215,0.833162026331248
1.8722,0.833162026331248
1.87225,0.833162026331248
1.8723,0.833162026331248
1.87235,0.833162026331248
1.8724,0.833162026331248
1.87245,0.833162026331248
1.8725,0.833162026331248
1.87255,0.833162026331248
1.8726,0.833162026331248
1.87265,0.833162026331248
1.8727,0.833162026331248
1.87275,0.833162026331248
1.8728,0.8328262076058512
1.87285,0.8328262076058512
1.8729,0.8328262076058512
1.87295,0.833162026331248
1.873,0.833162026331248
1.87305,0.8328262076058512
1.8731,0.833162026331248
1.87315,0.833162026331248
1.8732,0.833162026331248
1.87325,0.833162026331248
1.8733,0.833162026331248
1.87335,0.833162026331248
1.8734,0.833162026331248
1.87345,0.8328262076058512
1.8735,0.8328262076058512
1.87355,0.8328262076058512
1.8736,0.8328262076058512
1.87365,0.8328262076058512
1.8737,0.833162026331248
1.87375,0.833162026331248
1.8738,0.833162026331248
1.87385,0.833162026331248
1.8739,0.833162026331248
1.87395,0.833162026331248
1.874,0.833162026331248
1.87405,0.833162026331248
1.8741,0.8328262076058512
1.87415,0.833162026331248
1.8742,0.8328262076058512
1.87425,0.8328262076058512
1.8743,0.8328262076058512
1.87435,0.833162026331248
1.8744,0.833162026331248
1.87445,0.833162026331248
1.8745,0.833162026331248
1.87455,0.8328262076058512
1.8746,0.8328262076058512
1.87465,0.8328262076058512
1.8747,0.833162026331248
1.87475,0.8328262076058512
1.8748,0.833162026331248
1.87485,0.8328262076058512
1.8749,0.8328262076058512
1.87495,0.8328262076058512
1.875,0.8328262076058512
1.87505,0.8328262076058512
1.8751,0.833162026331248
1.87515,0.833162026331248
1.8752,0.833162026331248
1.87525,0.833162026331248
1.8753,0.8328262076058512
1.87535,0.8328262076058512
1.8754,0.8328262076058512
1.87545,0.833162026331248
1.8755,0.8328262076058512
1.87555,0.8328262076058512
1.8756,0.833162026331248
1.87565,0.8328262076058512
1.8757,0.8328262076058512
1.87575,0.833162026331248
1.8758,0.8328262076058512
1.87585,0.833162026331248
1.8759,0.833162026331248
1.87595,0.8328262076058512
1.876,0.833162026331248
1.87605,0.833162026331248
1.8761,0.8328262076058512
1.87615,0.8328262076058512
1.8762,0.8328262076058512
1.87625,0.8328262076058512
1.8763,0.8328262076058512
1.87635,0.8328262076058512
1.8764,0.833162026331248
1.87645,0.8328262076058512
1.8765,0.833162026331248
1.87655,0.8328262076058512
1.8766,0.833162026331248
1.87665,0.833162026331248
1.8767,0.833162026331248
1.87675,0.833162026331248
1.8768,0.833162026331248
1.87685,0.8328262076058512
1.8769,0.8328262076058512
1.87695,0.8328262076058512
1.877,0.8328262076058512
1.87705,0.8328262076058512
1.8771,0.8328262076058512
1.87715,0.8328262076058512
1.8772,0.8328262076058512
1.87725,0.8328262076058512
1.8773,0.8328262076058512
1.87735,0.8328262076058512
1.8774,0.8328262076058512
1.87745,0.8328262076058512
1.8775,0.833162026331248
1.87755,0.8328262076058512
1.8776,0.8328262076058512
1.87765,0.8328262076058512
1.8777,0.8328262076058512
1.87775,0.8328262076058512
1.8778,0.8328262076058512
1.87785,0.8328262076058512
1.8779,0.8328262076058512
1.87795,0.8328262076058512
1.878,0.8328262076058512
1.87805,0.8328262076058512
1.8781,0.8328262076058512
1.87815,0.8328262076058512
1.8782,0.8328262076058512
1.87825,0.8328262076058512
1.8783,0.8328262076058512
1.87835,0.8328262076058512
1.8784,0.8328262076058512
1.87845,0.8328262076058512
1.8785,0.8328262076058512
1.87855,0.8328262076058512
1.8786,0.833162026331248
1.87865,0.833162026331248
1.8787,0.8328262076058512
1.87875,0.8328262076058512
1.8788,0.833162026331248
1.87885,0.8328262076058512
1.8789,0.8328262076058512
1.87895,0.8328262076058512
1.879,0.8328262076058512
1.87905,0.8328262076058512
1.8791,0.833162026331248
1.87915,0.8328262076058512
1.8792,0.8328262076058512
1.87925,0.833162026331248
1.8793,0.8328262076058512
1.87935,0.8328262076058512
1.8794,0.8328262076058512
1.87945,0.8328262076058512
1.8795,0.8328262076058512
1.87955,0.8328262076058512
1.8796,0.8328262076058512
1.87965,0.8328262076058512
1.8797,0.8328262076058512
1.87975,0.8328262076058512
1.8798,0.8328262076058512
1.87985,0.8328262076058512
1.8799,0.8328262076058512
1.87995,0.8328262076058512
1.88,0.8328262076058512
1.88005,0.8328262076058512
1.8801,0.8328262076058512
1.88015,0.8328262076058512
1.8802,0.8328262076058512
1.88025,0.833162026331248
1.8803,0.8328262076058512
1.88035,0.8328262076058512
1.8804,0.8328262076058512
1.88045,0.8328262076058512
1.8805,0.8328262076058512
1.88055,0.8328262076058512
1.8806,0.8324903888804545
1.88065,0.8328262076058512
1.8807,0.8324903888804545
1.88075,0.8324903888804545
1.8808,0.8324903888804545
1.88085,0.8324903888804545
1.8809,0.8324903888804545
1.88095,0.8324903888804545
1.881,0.8324903888804545
1.88105,0.8324903888804545
1.8811,0.8324903888804545
1.88115,0.8324903888804545
1.8812,0.8324903888804545
1.88125,0.8324903888804545
1.8813,0.8324903888804545
1.88135,0.8324903888804545
1.8814,0.8324903888804545
1.88145,0.8324903888804545
1.8815,0.8328262076058512
1.88155,0.8324903888804545
1.8816,0.8324903888804545
1.88165,0.8324903888804545
1.8817,0.8328262076058512
1.88175,0.8328262076058512
1.8818,0.8328262076058512
1.88185,0.8324903888804545
1.8819,0.8324903888804545
1.88195,0.8324903888804545
1.882,0.8324903888804545
1.88205,0.8324903888804545
1.8821,0.8328262076058512
1.88215,0.8324903888804545
1.8822,0.8324903888804545
1.88225,0.8324903888804545
1.8823,0.8324903888804545
1.88235,0.8324903888804545
1.8824,0.8324903888804545
1.88245,0.8324903888804545
1.8825,0.8324903888804545
1.88255,0.8324903888804545
1.8826,0.8328262076058512
1.88265,0.8324903888804545
1.8827,0.8324903888804545
1.88275,0.8324903888804545
1.8828,0.8324903888804545
1.88285,0.8324903888804545
1.8829,0.8328262076058512
1.88295,0.8324903888804545
1.883,0.8324903888804545
1.88305,0.8324903888804545
1.8831,0.8324903888804545
1.88315,0.8324903888804545
1.8832,0.8324903888804545
1.88325,0.8324903888804545
1.8833,0.8328262076058512
1.88335,0.8324903888804545
1.8834,0.8324903888804545
1.88345,0.8324903888804545
1.8835,0.8324903888804545
1.88355,0.8324903888804545
1.8836,0.8324903888804545
1.88365,0.8324903888804545
1.8837,0.8324903888804545
1.88375,0.8321545701550577
1.8838,0.8324903888804545
1.88385,0.8324903888804545
1.8839,0.8324903888804545
1.88395,0.8324903888804545
1.884,0.8328262076058512
1.88405,0.8324903888804545
1.8841,0.8324903888804545
1.88415,0.8324903888804545
1.8842,0.8324903888804545
1.88425,0.8324903888804545
1.8843,0.8328262076058512
1.88435,0.8324903888804545
1.8844,0.8324903888804545
1.88445,0.8324903888804545
1.8845,0.8324903888804545
1.88455,0.8328262076058512
1.8846,0.8324903888804545
1.88465,0.8328262076058512
1.8847,0.8324903888804545
1.88475,0.8328262076058512
1.8848,0.8328262076058512
1.88485,0.8328262076058512
1.8849,0.8328262076058512
1.88495,0.8328262076058512
1.885,0.8328262076058512
1.88505,0.8328262076058512
1.8851,0.8328262076058512
1.88515,0.8328262076058512
1.8852,0.8328262076058512
1.88525,0.8328262076058512
1.8853,0.8328262076058512
1.88535,0.8328262076058512
1.8854,0.8328262076058512
1.88545,0.8328262076058512
1.8855,0.8328262076058512
1.88555,0.8328262076058512
1.8856,0.8328262076058512
1.88565,0.8328262076058512
1.8857,0.8328262076058512
1.88575,0.8328262076058512
1.8858,0.8328262076058512
1.88585,0.8328262076058512
1.8859,0.833162026331248
1.88595,0.8328262076058512
1.886,0.8328262076058512
1.88605,0.8328262076058512
1.8861,0.8328262076058512
1.88615,0.8328262076058512
1.8862,0.8328262076058512
1.88625,0.8328262076058512
1.8863,0.8328262076058512
1.88635,0.8328262076058512
1.8864,0.8328262076058512
1.88645,0.8328262076058512
1.8865,0.8328262076058512
1.88655,0.8328262076058512
1.8866,0.8328262076058512
1.88665,0.8328262076058512
1.8867,0.8328262076058512
1.88675,0.8328262076058512
1.8868,0.8328262076058512
1.88685,0.8328262076058512
1.8869,0.8328262076058512
1.88695,0.8328262076058512
1.887,0.833162026331248
1.88705,0.833162026331248
1.8871,0.833162026331248
1.88715,0.8328262076058512
1.8872,0.8328262076058512
1.88725,0.8328262076058512
1.8873,0.8328262076058512
1.88735,0.833162026331248
1.8874,0.833162026331248
1.88745,0.833162026331248
1.8875,0.833162026331248
1.88755,0.833162026331248
1.8876,0.833162026331248
1.88765,0.833162026331248
1.8877,0.833162026331248
1.88775,0.833162026331248
1.8878,0.833162026331248
1.88785,0.833162026331248
1.8879,0.833162026331248
1.88795,0.833162026331248
1.888,0.833162026331248
1.88805,0.833162026331248
1.8881,0.8334978450566448
1.88815,0.833162026331248
1.8882,0.8334978450566448
1.88825,0.833162026331248
1.8883,0.833162026331248
1.88835,0.833162026331248
1.8884,0.833162026331248
1.88845,0.833162026331248
1.8885,0.8334978450566448
1.88855,0.833162026331248
1.8886,0.833162026331248
1.88865,0.833162026331248
1.8887,0.833162026331248
1.88875,0.833162026331248
1.8888,0.833162026331248
1.88885,0.833162026331248
1.8889,0.833162026331248
1.88895,0.833162026331248
1.889,0.833162026331248
1.88905,0.833162026331248
1.8891,0.833162026331248
1.88915,0.8334978450566448
1.8892,0.8334978450566448
1.88925,0.833162026331248
1.8893,0.833162026331248
1.88935,0.833162026331248
1.8894,0.833162026331248
1.88945,0.833162026331248
1.8895,0.833162026331248
1.88955,0.833162026331248
1.8896,0.8334978450566448
1.88965,0.833162026331248
1.8897,0.833162026331248
1.88975,0.833162026331248
1.8898,0.833162026331248
1.88985,0.833162026331248
1.8899,0.833162026331248
1.88995,0.833162026331248
1.89,0.833162026331248
1.89005,0.833162026331248
1.8901,0.833162026331248
1.89015,0.833162026331248
1.8902,0.833162026331248
1.89025,0.833162026331248
1.8903,0.833162026331248
1.89035,0.833162026331248
1.8904,0.833162026331248
1.89045,0.833162026331248
1.8905,0.833162026331248
1.89055,0.833162026331248
1.8906,0.8334978450566448
1.89065,0.8334978450566448
1.8907,0.8334978450566448
1.89075,0.8334978450566448
1.8908,0.8334978450566448
1.89085,0.8334978450566448
1.8909,0.8334978450566448
1.89095,0.8334978450566448
1.891,0.8334978450566448
1.89105,0.8334978450566448
1.8911,0.8334978450566448
1.89115,0.8334978450566448
1.8912,0.8334978450566448
1.89125,0.8334978450566448
1.8913,0.8334978450566448
1.89135,0.8334978450566448
1.8914,0.8334978450566448
1.89145,0.8334978450566448
1.8915,0.8334978450566448
1.89155,0.8334978450566448
1.8916,0.8334978450566448
1.89165,0.8334978450566448
1.8917,0.833162026331248
1.89175,0.833162026331248
1.8918,0.833162026331248
1.89185,0.833162026331248
1.8919,0.833162026331248
1.89195,0.8328262076058512
1.892,0.8328262076058512
1.89205,0.833162026331248
1.8921,0.8328262076058512
1.89215,0.8328262076058512
1.8922,0.833162026331248
1.89225,0.8328262076058512
1.8923,0.8328262076058512
1.89235,0.8328262076058512
1.8924,0.8328262076058512
1.89245,0.8328262076058512
1.8925,0.8328262076058512
1.89255,0.8328262076058512
1.8926,0.833162026331248
1.89265,0.833162026331248
1.8927,0.8328262076058512
1.89275,0.8328262076058512
1.8928,0.833162026331248
1.89285,0.8328262076058512
1.8929,0.8328262076058512
1.89295,0.8328262076058512
1.893,0.8328262076058512
1.89305,0.8328262076058512
1.8931,0.833162026331248
1.89315,0.8328262076058512
1.8932,0.833162026331248
1.89325,0.833162026331248
1.8933,0.8328262076058512
1.89335,0.833162026331248
1.8934,0.8328262076058512
1.89345,0.8328262076058512
1.8935,0.8328262076058512
1.89355,0.833162026331248
1.8936,0.8328262076058512
1.89365,0.833162026331248
1.8937,0.833162026331248
1.89375,0.8328262076058512
1.8938,0.8328262076058512
1.89385,0.833162026331248
1.8939,0.8328262076058512
1.89395,0.8328262076058512
1.894,0.8328262076058512
1.89405,0.833162026331248
1.8941,0.8328262076058512
1.89415,0.833162026331248
1.8942,0.833162026331248
1.89425,0.8328262076058512
1.8943,0.833162026331248
1.89435,0.8328262076058512
1.8944,0.8328262076058512
1.89445,0.8328262076058512
1.8945,0.8328262076058512
1.89455,0.833162026331248
1.8946,0.833162026331248
1.89465,0.833162026331248
1.8947,0.833162026331248
1.89475,0.833162026331248
1.8948,0.833162026331248
1.89485,0.833162026331248
1.8949,0.8328262076058512
1.89495,0.8328262076058512
1.895,0.8328262076058512
1.89505,0.8328262076058512
1.8951,0.8328262076058512
1.89515,0.833162026331248
1.8952,0.8328262076058512
1.89525,0.8328262076058512
1.8953,0.8328262076058512
1.89535,0.833162026331248
1.8954,0.8328262076058512
1.89545,0.8328262076058512
1.8955,0.8328262076058512
1.89555,0.8328262076058512
1.8956,0.8328262076058512
1.89565,0.8328262076058512
1.8957,0.8328262076058512
1.89575,0.8328262076058512
1.8958,0.8328262076058512
1.89585,0.8328262076058512
1.8959,0.8328262076058512
1.89595,0.8328262076058512
1.896,0.8328262076058512
1.89605,0.8328262076058512
1.8961,0.8328262076058512
1.89615,0.833162026331248
1.8962,0.833162026331248
1.89625,0.8328262076058512
1.8963,0.8328262076058512
1.89635,0.833162026331248
1.8964,0.8328262076058512
1.89645,0.833162026331248
1.8965,0.8328262076058512
1.89655,0.8328262076058512
1.8966,0.8328262076058512
1.89665,0.8328262076058512
1.8967,0.8328262076058512
1.89675,0.8328262076058512
1.8968,0.8328262076058512
1.89685,0.8328262076058512
1.8969,0.8328262076058512
1.89695,0.8328262076058512
1.897,0.833162026331248
1.89705,0.8328262076058512
1.8971,0.8328262076058512
1.89715,0.833162026331248
1.8972,0.8328262076058512
1.89725,0.8328262076058512
1.8973,0.833162026331248
1.89735,0.8328262076058512
1.8974,0.833162026331248
1.89745,0.833162026331248
1.8975,0.8328262076058512
1.89755,0.8328262076058512
1.8976,0.8328262076058512
1.89765,0.8328262076058512
1.8977,0.8328262076058512
1.89775,0.8328262076058512
1.8978,0.8328262076058512
1.89785,0.833162026331248
1.8979,0.8328262076058512
1.89795,0.8328262076058512
1.898,0.8328262076058512
1.89805,0.833162026331248
1.8981,0.8328262076058512
1.89815,0.8328262076058512
1.8982,0.833162026331248
1.89825,0.8328262076058512
1.8983,0.8328262076058512
1.89835,0.8328262076058512
1.8984,0.8328262076058512
1.89845,0.8328262076058512
1.8985,0.8328262076058512
1.89855,0.8328262076058512
1.8986,0.8328262076058512
1.89865,0.8328262076058512
1.8987,0.8328262076058512
1.89875,0.8328262076058512
1.8988,0.8328262076058512
1.89885,0.8328262076058512
1.8989,0.8328262076058512
1.89895,0.8328262076058512
1.899,0.8328262076058512
1.89905,0.8328262076058512
1.8991,0.8328262076058512
1.89915,0.8328262076058512
1.8992,0.8328262076058512
1.89925,0.8328262076058512
1.8993,0.8328262076058512
1.89935,0.8328262076058512
1.8994,0.8328262076058512
1.89945,0.8328262076058512
1.8995,0.8328262076058512
1.89955,0.8328262076058512
1.8996,0.8328262076058512
1.89965,0.8328262076058512
1.8997,0.833162026331248
1.89975,0.833162026331248
1.8998,0.833162026331248
1.89985,0.833162026331248
1.8999,0.833162026331248
1.89995,0.8328262076058512
1.9,0.8328262076058512
1.90005,0.8328262076058512
1.9001,0.8328262076058512
1.90015,0.833162026331248
1.9002,0.8328262076058512
1.90025,0.8328262076058512
1.9003,0.8328262076058512
1.90035,0.833162026331248
1.9004,0.833162026331248
1.90045,0.833162026331248
1.9005,0.8328262076058512
1.90055,0.8328262076058512
1.9006,0.8328262076058512
1.90065,0.8328262076058512
1.9007,0.8328262076058512
1.90075,0.8328262076058512
1.9008,0.8328262076058512
1.90085,0.8328262076058512
1.9009,0.8324903888804545
1.90095,0.8328262076058512
1.901,0.8324903888804545
1.90105,0.8324903888804545
1.9011,0.8324903888804545
1.90115,0.8324903888804545
1.9012,0.8324903888804545
1.90125,0.8324903888804545
1.9013,0.8328262076058512
1.90135,0.8328262076058512
1.9014,0.8324903888804545
1.90145,0.8328262076058512
1.9015,0.8328262076058512
1.90155,0.8328262076058512
1.9016,0.8328262076058512
1.90165,0.8328262076058512
1.9017,0.8324903888804545
1.90175,0.8328262076058512
1.9018,0.8324903888804545
1.90185,0.8324903888804545
1.9019,0.8324903888804545
1.90195,0.8324903888804545
1.902,0.8324903888804545
1.90205,0.8328262076058512
1.9021,0.8328262076058512
1.90215,0.8328262076058512
1.9022,0.8324903888804545
1.90225,0.8324903888804545
1.9023,0.8324903888804545
1.90235,0.8324903888804545
1.9024,0.8324903888804545
1.90245,0.8324903888804545
1.9025,0.8324903888804545
1.90255,0.8324903888804545
1.9026,0.8324903888804545
1.90265,0.8324903888804545
1.9027,0.8324903888804545
1.90275,0.8324903888804545
1.9028,0.8324903888804545
1.90285,0.8324903888804545
1.9029,0.8328262076058512
1.90295,0.8328262076058512
1.903,0.8324903888804545
1.90305,0.8324903888804545
1.9031,0.8324903888804545
1.90315,0.8324903888804545
1.9032,0.8324903888804545
1.90325,0.8324903888804545
1.9033,0.8324903888804545
1.90335,0.8324903888804545
1.9034,0.8324903888804545
1.90345,0.8324903888804545
1.9035,0.8328262076058512
1.90355,0.8324903888804545
1.9036,0.8324903888804545
1.90365,0.8324903888804545
1.9037,0.8324903888804545
1.90375,0.8324903888804545
1.9038,0.8324903888804545
1.90385,0.8324903888804545
1.9039,0.8324903888804545
1.90395,0.8324903888804545
1.904,0.8324903888804545
1.90405,0.8324903888804545
1.9041,0.8324903888804545
1.90415,0.8324903888804545
1.9042,0.8324903888804545
1.90425,0.8324903888804545
1.9043,0.8324903888804545
1.90435,0.8324903888804545
1.9044,0.8324903888804545
1.90445,0.8324903888804545
1.9045,0.8324903888804545
1.90455,0.8328262076058512
1.9046,0.8328262076058512
1.90465,0.8328262076058512
1.9047,0.8328262076058512
1.90475,0.8328262076058512
1.9048,0.8328262076058512
1.90485,0.8328262076058512
1.9049,0.8324903888804545
1.90495,0.8328262076058512
1.905,0.8328262076058512
1.90505,0.8328262076058512
1.9051,0.8328262076058512
1.90515,0.8328262076058512
1.9052,0.8328262076058512
1.90525,0.8328262076058512
1.9053,0.8324903888804545
1.90535,0.8328262076058512
1.9054,0.8324903888804545
1.90545,0.8324903888804545
1.9055,0.8324903888804545
1.90555,0.8328262076058512
1.9056,0.8328262076058512
1.90565,0.8328262076058512
1.9057,0.8328262076058512
1.90575,0.8328262076058512
1.9058,0.8328262076058512
1.90585,0.8328262076058512
1.9059,0.8328262076058512
1.90595,0.8328262076058512
1.906,0.8328262076058512
1.90605,0.8328262076058512
1.9061,0.8328262076058512
1.90615,0.8328262076058512
1.9062,0.8328262076058512
1.90625,0.8328262076058512
1.9063,0.8328262076058512
1.90635,0.8328262076058512
1.9064,0.8328262076058512
1.90645,0.8328262076058512
1.9065,0.8328262076058512
1.90655,0.8328262076058512
1.9066,0.8328262076058512
1.90665,0.8328262076058512
1.9067,0.8328262076058512
1.90675,0.8328262076058512
1.9068,0.8328262076058512
1.90685,0.8328262076058512
1.9069,0.8328262076058512
1.90695,0.8328262076058512
1.907,0.8328262076058512
1.90705,0.8328262076058512
1.9071,0.833162026331248
1.90715,0.833162026331248
1.9072,0.8328262076058512
1.90725,0.8328262076058512
1.9073,0.8328262076058512
1.90735,0.8328262076058512
1.9074,0.833162026331248
1.90745,0.833162026331248
1.9075,0.833162026331248
1.90755,0.833162026331248
1.9076,0.833162026331248
1.90765,0.833162026331248
1.9077,0.833162026331248
1.90775,0.833162026331248
1.9078,0.833162026331248
1.90785,0.833162026331248
1.9079,0.833162026331248
1.90795,0.833162026331248
1.908,0.833162026331248
1.90805,0.833162026331248
1.9081,0.833162026331248
1.90815,0.833162026331248
1.9082,0.8334978450566448
1.90825,0.8334978450566448
1.9083,0.8334978450566448
1.90835,0.833162026331248
1.9084,0.833162026331248
1.90845,0.833162026331248
1.9085,0.833162026331248
1.90855,0.8334978450566448
1.9086,0.833162026331248
1.90865,0.833162026331248
1.9087,0.833162026331248
1.90875,0.8334978450566448
1.9088,0.8334978450566448
1.90885,0.833162026331248
1.9089,0.833162026331248
1.90895,0.8334978450566448
1.909,0.833162026331248
1.90905,0.833162026331248
1.9091,0.8334978450566448
1.90915,0.833162026331248
1.9092,0.8334978450566448
1.90925,0.833162026331248
1.9093,0.8334978450566448
1.90935,0.833162026331248
1.9094,0.833162026331248
1.90945,0.833162026331248
1.9095,0.8334978450566448
1.90955,0.833162026331248
1.9096,0.833162026331248
1.90965,0.8334978450566448
1.9097,0.833162026331248
1.90975,0.833162026331248
1.9098,0.833162026331248
1.90985,0.833162026331248
1.9099,0.833162026331248
1.90995,0.8328262076058512
1.91,0.833162026331248
1.91005,0.833162026331248
1.9101,0.833162026331248
1.91015,0.833162026331248
1.9102,0.833162026331248
1.91025,0.833162026331248
1.9103,0.833162026331248
1.91035,0.8334978450566448
1.9104,0.833162026331248
1.91045,0.833162026331248
1.9105,0.833162026331248
1.91055,0.833162026331248
1.9106,0.833162026331248
1.91065,0.833162026331248
1.9107,0.8334978450566448
1.91075,0.833162026331248
1.9108,0.8334978450566448
1.91085,0.833162026331248
1.9109,0.833162026331248
1.91095,0.833162026331248
1.911,0.8334978450566448
1.91105,0.8334978450566448
1.9111,0.8334978450566448
1.91115,0.8334978450566448
1.9112,0.8334978450566448
1.91125,0.8334978450566448
1.9113,0.8334978450566448
1.91135,0.8334978450566448
1.9114,0.8334978450566448
1.91145,0.8334978450566448
1.9115,0.8334978450566448
1.91155,0.8334978450566448
1.9116,0.8334978450566448
1.91165,0.833162026331248
1.9117,0.8334978450566448
1.91175,0.8334978450566448
1.9118,0.8334978450566448
1.91185,0.8334978450566448
1.9119,0.833162026331248
1.91195,0.833162026331248
1.912,0.833162026331248
1.91205,0.833162026331248
1.9121,0.8328262076058512
1.91215,0.833162026331248
1.9122,0.833162026331248
1.91225,0.833162026331248
1.9123,0.833162026331248
1.91235,0.833162026331248
1.9124,0.833162026331248
1.91245,0.833162026331248
1.9125,0.8328262076058512
1.91255,0.8328262076058512
1.9126,0.833162026331248
1.91265,0.833162026331248
1.9127,0.833162026331248
1.91275,0.8328262076058512
1.9128,0.8328262076058512
1.91285,0.833162026331248
1.9129,0.833162026331248
1.91295,0.833162026331248
1.913,0.8328262076058512
1.91305,0.8328262076058512
1.9131,0.833162026331248
1.91315,0.833162026331248
1.9132,0.833162026331248
1.91325,0.833162026331248
1.9133,0.833162026331248
1.91335,0.833162026331248
1.9134,0.833162026331248
1.91345,0.833162026331248
1.9135,0.833162026331248
1.91355,0.833162026331248
1.9136,0.833162026331248
1.91365,0.833162026331248
1.9137,0.833162026331248
1.91375,0.833162026331248
1.9138,0.833162026331248
1.91385,0.833162026331248
1.9139,0.833162026331248
1.91395,0.833162026331248
1.914,0.833162026331248
1.91405,0.8328262076058512
1.9141,0.833162026331248
1.91415,0.8328262076058512
1.9142,0.8328262076058512
1.91425,0.8328262076058512
1.9143,0.833162026331248
1.91435,0.833162026331248
1.9144,0.8328262076058512
1.91445,0.8328262076058512
1.9145,0.8328262076058512
1.91455,0.8328262076058512
1.9146,0.833162026331248
1.91465,0.8328262076058512
1.9147,0.833162026331248
1.91475,0.8328262076058512
1.9148,0.833162026331248
1.91485,0.8328262076058512
1.9149,0.8328262076058512
1.91495,0.8328262076058512
1.915,0.833162026331248
1.91505,0.8328262076058512
1.9151,0.833162026331248
1.91515,0.8328262076058512
1.9152,0.8328262076058512
1.91525,0.8328262076058512
1.9153,0.8328262076058512
1.91535,0.8328262076058512
1.9154,0.8328262076058512
1.91545,0.833162026331248
1.9155,0.833162026331248
1.91555,0.833162026331248
1.9156,0.8328262076058512
1.91565,0.833162026331248
1.9157,0.833162026331248
1.91575,0.833162026331248
1.9158,0.833162026331248
1.91585,0.8328262076058512
1.9159,0.8328262076058512
1.91595,0.8328262076058512
1.916,0.8328262076058512
1.91605,0.8328262076058512
1.9161,0.8328262076058512
1.91615,0.833162026331248
1.9162,0.8328262076058512
1.91625,0.833162026331248
1.9163,0.8328262076058512
1.91635,0.833162026331248
1.9164,0.8328262076058512
1.91645,0.8328262076058512
1.9165,0.8328262076058512
1.91655,0.8328262076058512
1.9166,0.8328262076058512
1.91665,0.833162026331248
1.9167,0.8328262076058512
1.91675,0.8328262076058512
1.9168,0.8328262076058512
1.91685,0.8328262076058512
1.9169,0.833162026331248
1.91695,0.833162026331248
1.917,0.833162026331248
1.91705,0.833162026331248
1.9171,0.8328262076058512
1.91715,0.8328262076058512
1.9172,0.8328262076058512
1.91725,0.833162026331248
1.9173,0.833162026331248
1.91735,0.833162026331248
1.9174,0.833162026331248
1.91745,0.833162026331248
1.9175,0.833162026331248
1.91755,0.833162026331248
1.9176,0.833162026331248
1.91765,0.833162026331248
1.9177,0.833162026331248
1.91775,0.8328262076058512
1.9178,0.8328262076058512
1.91785,0.8328262076058512
1.9179,0.8328262076058512
1.91795,0.8328262076058512
1.918,0.8328262076058512
1.91805,0.8328262076058512
1.9181,0.833162026331248
1.91815,0.8328262076058512
1.9182,0.8328262076058512
1.91825,0.8328262076058512
1.9183,0.8328262076058512
1.91835,0.833162026331248
1.9184,0.833162026331248
1.91845,0.833162026331248
1.9185,0.833162026331248
1.91855,0.833162026331248
1.9186,0.833162026331248
1.91865,0.833162026331248
1.9187,0.833162026331248
1.91875,0.8328262076058512
1.9188,0.8328262076058512
1.91885,0.8328262076058512
1.9189,0.833162026331248
1.91895,0.833162026331248
1.919,0.833162026331248
1.91905,0.833162026331248
1.9191,0.833162026331248
1.91915,0.8328262076058512
1.9192,0.833162026331248
1.91925,0.833162026331248
1.9193,0.833162026331248
1.91935,0.833162026331248
1.9194,0.8328262076058512
1.91945,0.833162026331248
1.9195,0.8328262076058512
1.91955,0.833162026331248
1.9196,0.833162026331248
1.91965,0.833162026331248
1.9197,0.833162026331248
1.91975,0.833162026331248
1.9198,0.833162026331248
1.91985,0.833162026331248
1.9199,0.833162026331248
1.91995,0.8328262076058512
1.92,0.8328262076058512
1.92005,0.8328262076058512
1.9201,0.8328262076058512
1.92015,0.8328262076058512
1.9202,0.8328262076058512
1.92025,0.833162026331248
1.9203,0.8328262076058512
1.92035,0.833162026331248
1.9204,0.8328262076058512
1.92045,0.8328262076058512
1.9205,0.8328262076058512
1.92055,0.8328262076058512
1.9206,0.8328262076058512
1.92065,0.8328262076058512
1.9207,0.8328262076058512
1.92075,0.8324903888804545
1.9208,0.8324903888804545
1.92085,0.8328262076058512
1.9209,0.8328262076058512
1.92095,0.8328262076058512
1.921,0.8324903888804545
1.92105,0.8328262076058512
1.9211,0.8324903888804545
1.92115,0.8324903888804545
1.9212,0.8324903888804545
1.92125,0.8324903888804545
1.9213,0.8324903888804545
1.92135,0.8324903888804545
1.9214,0.8324903888804545
1.92145,0.8324903888804545
1.9215,0.8324903888804545
1.92155,0.8324903888804545
1.9216,0.8328262076058512
1.92165,0.8324903888804545
1.9217,0.8324903888804545
1.92175,0.8324903888804545
1.9218,0.8324903888804545
1.92185,0.8324903888804545
1.9219,0.8328262076058512
1.92195,0.8324903888804545
1.922,0.8324903888804545
1.92205,0.8324903888804545
1.9221,0.8324903888804545
1.92215,0.8324903888804545
1.9222,0.8324903888804545
1.92225,0.8324903888804545
1.9223,0.8324903888804545
1.92235,0.8324903888804545
1.9224,0.8328262076058512
1.92245,0.8324903888804545
1.9225,0.8324903888804545
1.92255,0.8324903888804545
1.9226,0.8324903888804545
1.92265,0.8324903888804545
1.9227,0.8324903888804545
1.92275,0.8324903888804545
1.9228,0.8324903888804545
1.92285,0.8328262076058512
1.9229,0.8328262076058512
1.92295,0.8324903888804545
1.923,0.8324903888804545
1.92305,0.8324903888804545
1.9231,0.8324903888804545
1.92315,0.8324903888804545
1.9232,0.8324903888804545
1.92325,0.8324903888804545
1.9233,0.8324903888804545
1.92335,0.8324903888804545
1.9234,0.8324903888804545
1.92345,0.8324903888804545
1.9235,0.8324903888804545
1.92355,0.8324903888804545
1.9236,0.8328262076058512
1.92365,0.8324903888804545
1.9237,0.8324903888804545
1.92375,0.8324903888804545
1.9238,0.8324903888804545
1.92385,0.8324903888804545
1.9239,0.8324903888804545
1.92395,0.8324903888804545
1.924,0.8324903888804545
1.92405,0.8324903888804545
1.9241,0.8324903888804545
1.92415,0.8324903888804545
1.9242,0.8324903888804545
1.92425,0.8324903888804545
1.9243,0.8324903888804545
1.92435,0.8324903888804545
1.9244,0.8324903888804545
1.92445,0.8324903888804545
1.9245,0.8324903888804545
1.92455,0.8324903888804545
1.9246,0.8324903888804545
1.92465,0.8328262076058512
1.9247,0.8328262076058512
1.92475,0.8328262076058512
1.9248,0.8328262076058512
1.92485,0.8328262076058512
1.9249,0.8328262076058512
1.92495,0.8324903888804545
1.925,0.8328262076058512
1.92505,0.8324903888804545
1.9251,0.8328262076058512
1.92515,0.8324903888804545
1.9252,0.8328262076058512
1.92525,0.8324903888804545
1.9253,0.8328262076058512
1.92535,0.8324903888804545
1.9254,0.8328262076058512
1.92545,0.8328262076058512
1.9255,0.8328262076058512
1.92555,0.8328262076058512
1.9256,0.8328262076058512
1.92565,0.8328262076058512
1.9257,0.8328262076058512
1.92575,0.8328262076058512
1.9258,0.8328262076058512
1.92585,0.8328262076058512
1.9259,0.8328262076058512
1.92595,0.8328262076058512
1.926,0.8328262076058512
1.92605,0.8328262076058512
1.9261,0.8328262076058512
1.92615,0.8328262076058512
1.9262,0.8328262076058512
1.92625,0.8328262076058512
1.9263,0.8328262076058512
1.92635,0.8328262076058512
1.9264,0.8328262076058512
1.92645,0.8328262076058512
1.9265,0.8328262076058512
1.92655,0.8328262076058512
1.9266,0.8328262076058512
1.92665,0.8328262076058512
1.9267,0.8328262076058512
1.92675,0.8328262076058512
1.9268,0.8328262076058512
1.92685,0.8328262076058512
1.9269,0.8328262076058512
1.92695,0.8328262076058512
1.927,0.8328262076058512
1.92705,0.8328262076058512
1.9271,0.8328262076058512
1.92715,0.8328262076058512
1.9272,0.833162026331248
1.92725,0.833162026331248
1.9273,0.833162026331248
1.92735,0.833162026331248
1.9274,0.833162026331248
1.92745,0.833162026331248
1.9275,0.833162026331248
1.92755,0.833162026331248
1.9276,0.833162026331248
1.92765,0.833162026331248
1.9277,0.8334978450566448
1.92775,0.8334978450566448
1.9278,0.8334978450566448
